0	0	 1
0.1	 0.1	 0.9
 0.2	 0.19	 0.81
 0.3	 0.271	 0.729
 0.4	 0.343901	 0.656099
 0.5	 0.409511	 0.590489
 0.6	 0.46856	 0.53144
 0.7	 0.521704	 0.478296
 0.8	 0.569534	 0.430466
 0.9	 0.61258	 0.38742
 1	 0.651322	 0.348678
 1.1	 0.68619	 0.31381
 1.2	 0.717571	 0.282429
 1.3	 0.745814	 0.254186
 1.4	 0.771233	 0.228767
 1.5	 0.79411	 0.20589
 1.6	 0.814699	 0.185301
 1.7	 0.833229	 0.166771
 1.8	 0.849906	 0.150094
 1.9	 0.864915	 0.135085
 2	 0.878424	 0.121576
 2.1	 0.890582	 0.109418
 2.2	 0.901523	 0.0984766
 2.3	 0.911371	 0.0886289
 2.4	 0.920234	 0.079766
 2.5	 0.928211	 0.0717894
 2.6	 0.93539	 0.0646105
 2.7	 0.941851	 0.0581494
 2.8	 0.947666	 0.0523344
 2.9	 0.952899	 0.047101
 3	 0.957609	 0.0423909
 3.1	 0.961848	 0.0381518
 3.2	 0.965663	 0.0343366
 3.3	 0.969097	 0.0309029
 3.4	 0.972187	 0.0278126
 3.5	 0.974969	 0.0250314
 3.6	 0.977472	 0.0225282
 3.7	 0.979725	 0.0202754
 3.8	 0.981752	 0.0182479
 3.9	 0.983577	 0.0164231
 4	 0.985219	 0.0147808
 4.1	 0.986697	 0.0133027
 4.2	 0.988028	 0.0119724
 4.3	 0.989225	 0.0107752
 4.4	 0.990302	 0.00969764
 4.5	 0.991272	 0.00872788
 4.6	 0.992145	 0.00785509
 4.7	 0.99293	 0.00706958
 4.8	 0.993637	 0.00636262
 4.9	 0.994274	 0.00572636
