 1
 0.9
 0.81
 0.729
 0.656099
 0.590489
 0.53144
 0.478296
 0.430466
 0.38742
 0.348678
 0.31381
 0.282429
 0.254186
 0.228767
 0.20589
 0.185301
 0.166771
 0.150094
 0.135085
 0.121576
 0.109418
 0.0984766
 0.0886289
 0.079766
 0.0717894
 0.0646105
 0.0581494
 0.0523344
 0.047101
 0.0423909
 0.0381518
 0.0343366
 0.0309029
 0.0278126
 0.0250314
 0.0225282
 0.0202754
 0.0182479
 0.0164231
 0.0147808
 0.0133027
 0.0119724
 0.0107752
 0.00969764
 0.00872788
 0.00785509
 0.00706958
 0.00636262
 0.00572636
