 0	 0
 0.1	 0.1
 0.2	 0.2
 0.3	 0.300001
 0.4	 0.400001
 0.5	 0.500001
 0.6	 0.600001
 0.7	 0.700001
 0.8	 0.800002
 0.9	 0.900002
 1	 1
 1.1	 1.1
 1.2	 1.2
 1.3	 1.3
 1.4	 1.4
 1.5	 1.5
 1.6	 1.6
 1.7	 1.7
 1.8	 1.8
 1.9	 1.9
 2	 2
 2.1	 2.1
 2.2	 2.2
 2.3	 2.3
 2.4	 2.4
 2.5	 2.5
 2.6	 2.60001
 2.7	 2.70001
 2.8	 2.80001
 2.9	 2.90001
 3	 3.00001
 3.1	 3.10001
 3.2	 3.20001
 3.3	 3.30001
 3.4	 3.40001
 3.5	 3.50001
 3.6	 3.60001
 3.7	 3.70001
 3.8	 3.80001
 3.9	 3.90001
 4	 4.00001
 4.1	 4.10001
 4.2	 4.20001
 4.3	 4.30001
 4.4	 4.40001
 4.5	 4.50001
 4.6	 4.60001
 4.7	 4.70001
 4.8	 4.80001
 4.9	 4.90001
