/*--------------------------------*- C++ -*----------------------------------*\
  =========                 |
  \\      /  F ield         | OpenFOAM: The Open Source CFD Toolbox
   \\    /   O peration     | Website:  https://openfoam.org
    \\  /    A nd           | Version:  dev
     \\/     M anipulation  |
\*---------------------------------------------------------------------------*/
FoamFile
{
    version     2.0;
    format      ascii;
    class       volScalarField;
    location    "16";
    object      T;
}
// * * * * * * * * * * * * * * * * * * * * * * * * * * * * * * * * * * * * * //

dimensions      [0 0 0 1 0 0 0];

internalField   nonuniform List<scalar> 
8000
(
300
300
300
300
300
300
300
300
300
300
300
300
300
300
300
300
300
300
300
300
300
300
300
300
300
300
300
300
300
300
300
300
300
300
300
300
300
300
300
300
300
300
299.999
300
300
300
299.999
299.999
300
300
299.999
299.999
299.999
300
299.999
299.999
299.999
300
299.999
299.999
299.999
300
299.999
299.998
299.999
299.999
299.999
299.998
300
299.999
299.999
299.998
300
299.999
299.999
299.998
300
299.999
299.999
299.998
300
299.999
299.999
299.998
300
299.999
299.999
299.998
300
299.999
299.999
299.998
300
299.999
299.999
299.998
300
299.999
299.999
299.998
300
299.999
299.999
299.998
300
299.999
299.999
299.998
300
299.999
299.999
299.998
300
299.999
299.999
299.998
300
299.999
299.999
299.998
300
299.999
299.999
299.998
300
299.999
299.999
299.998
300
299.999
299.999
299.998
300
299.999
299.999
299.998
300
299.999
299.999
299.998
300
299.999
299.999
299.998
300
299.999
299.999
299.998
300
299.999
299.999
299.998
300
299.999
299.999
299.998
300
299.999
299.999
299.998
300
299.999
299.999
299.998
300
299.999
299.999
299.998
300
299.999
299.999
299.998
300
299.999
299.999
299.998
300
299.999
299.999
299.998
300
299.999
299.999
299.998
300
299.999
299.999
299.998
300
299.999
299.999
299.998
300
299.999
299.999
299.998
300
299.999
299.999
299.998
300
299.999
299.999
299.998
300
299.999
299.999
299.998
300
299.999
299.999
299.998
300
299.999
299.999
299.998
300
299.999
299.999
299.998
300
299.999
299.999
299.998
300
299.999
299.999
299.998
300
299.999
299.999
299.998
300
299.999
299.999
299.998
300
299.999
299.999
299.998
300
299.999
299.999
299.998
300
299.999
299.999
299.998
300
299.999
299.999
299.998
300
299.999
299.999
299.998
300
299.999
299.999
299.998
300
299.999
299.999
299.998
300
299.999
299.999
299.998
300
299.999
299.999
299.998
300
299.999
299.999
299.998
300
299.999
299.999
299.998
300
299.999
299.999
299.998
300
299.999
299.999
299.998
300
299.999
299.999
299.998
300
299.999
299.999
299.998
300
299.999
299.999
299.998
300
299.999
299.999
299.998
300
299.999
299.999
299.998
300
299.999
299.999
299.998
300
299.999
299.999
299.998
300
299.999
299.999
299.998
300
299.999
299.999
299.998
300
299.999
299.999
299.998
300
299.999
299.999
299.998
300
299.999
299.999
299.998
300
299.999
299.999
299.998
300
299.999
299.999
299.998
300
299.999
299.999
299.998
300
299.999
299.999
299.998
300
299.999
299.999
299.998
300
299.999
299.999
299.998
300
299.999
299.999
299.998
300
299.999
299.999
299.998
300
299.999
299.999
299.998
300
299.999
299.999
299.998
300
299.999
299.999
299.998
300
299.999
299.999
299.998
300
299.999
299.999
299.998
300
299.999
299.999
299.998
300
299.999
299.999
299.998
300
299.999
299.999
299.998
300
299.999
299.999
299.998
300
299.999
299.999
299.998
300
299.999
299.999
299.998
300
299.999
299.999
299.998
300
299.999
299.999
299.998
300
299.999
299.999
299.998
300
299.999
299.999
299.998
300
299.999
299.999
299.998
300
299.999
299.999
299.998
300
299.999
299.999
299.998
300
299.999
299.999
299.998
300
299.999
299.999
299.998
300
299.999
299.999
299.998
300
299.999
299.999
299.998
300
299.999
299.999
299.998
300
299.999
299.999
299.998
300
299.999
299.999
299.998
300
299.999
299.999
299.998
300
299.999
299.999
299.998
300
299.999
299.999
299.998
300
299.999
299.999
299.998
300
299.999
299.999
299.998
300
299.999
299.999
299.998
300
299.999
299.999
299.998
300
299.999
299.999
299.998
300
299.999
299.999
299.998
300
299.999
299.999
299.998
300
299.999
299.999
299.998
300
299.999
299.999
299.998
300
299.999
299.999
299.998
300
299.999
299.999
299.998
300
299.999
299.999
299.998
300
299.999
299.999
299.998
300
299.999
299.999
299.998
300
299.999
299.999
299.998
300
299.999
299.999
299.998
300
299.999
299.999
299.998
300
299.999
299.999
299.998
300
299.999
299.999
299.998
300
299.999
299.999
299.998
300
299.999
299.999
299.998
300
299.999
299.999
299.998
300
299.999
299.999
299.998
300
299.999
299.999
299.998
300
299.999
299.999
299.998
300
299.999
299.999
299.998
300
299.999
299.999
299.998
300
299.999
299.999
299.998
300
299.999
299.999
299.998
300
299.999
299.999
299.998
300
299.999
299.999
299.998
300
299.999
299.999
299.998
300
299.999
299.999
299.998
300
299.999
299.999
299.998
300
299.999
299.999
299.998
300
299.999
299.999
299.998
300
299.999
299.999
299.998
300
299.999
299.999
299.998
300
299.999
299.999
299.998
300
299.999
299.999
299.998
300
299.999
299.999
299.998
300
299.999
299.999
299.998
300
299.999
299.999
299.998
300
299.999
299.999
299.998
300
299.999
299.999
299.998
300
299.999
299.999
299.998
300
299.999
299.999
299.998
300
299.999
299.999
299.998
300
299.999
299.999
299.998
300
299.999
299.999
299.998
300
299.999
299.999
299.998
300
299.999
299.999
299.998
300
299.999
299.999
299.998
300
299.999
299.999
299.998
300
299.999
299.999
299.998
300
299.999
299.999
299.998
300
299.999
299.999
299.998
300
299.999
299.999
299.998
300
299.999
299.999
299.998
300
299.999
299.999
299.998
300
299.999
299.999
299.998
300
299.999
299.999
299.998
300
299.999
299.998
299.998
300
299.999
299.999
299.998
300
299.999
299.998
299.998
299.999
299.999
299.999
299.998
300
299.999
299.998
299.998
299.999
299.999
299.999
299.998
300
299.999
299.998
299.998
299.999
299.999
299.998
299.998
300
299.999
299.998
299.998
299.999
299.999
299.998
299.998
300
299.999
299.998
299.998
299.999
299.999
299.998
299.997
300
299.999
299.998
299.998
299.999
299.999
299.998
299.997
300
299.999
299.998
299.997
299.999
299.998
299.998
299.997
300
299.999
299.998
299.997
299.999
299.998
299.997
299.997
299.997
299.997
299.997
299.997
299.997
299.997
299.998
299.998
299.998
299.999
299.999
299.999
299.999
299.999
299.998
299.998
299.998
299.998
299.998
299.998
299.998
299.998
299.997
299.997
299.997
299.997
299.997
299.997
299.997
299.997
299.997
299.997
299.997
299.997
299.997
299.997
299.997
299.997
299.997
299.997
299.997
299.997
299.997
299.997
299.997
299.997
299.997
299.997
299.997
299.997
299.997
299.997
299.997
299.997
299.997
299.997
299.997
299.997
299.997
299.997
299.997
299.997
299.997
299.997
299.997
299.997
299.997
299.997
299.997
299.997
299.997
299.997
299.997
299.997
299.997
299.997
299.997
299.997
299.997
299.997
299.997
299.997
299.997
299.997
299.997
299.997
299.997
299.997
299.997
299.997
299.997
299.997
299.997
299.997
299.997
299.997
299.997
299.997
299.997
299.997
299.997
299.997
299.997
299.997
299.997
299.997
299.997
299.997
299.997
299.997
299.997
299.997
299.997
299.997
299.997
299.997
299.997
299.997
299.997
299.997
299.997
299.997
299.997
299.997
299.997
299.997
299.997
299.997
299.997
299.997
299.997
299.997
299.997
299.997
299.997
299.997
299.997
299.997
299.997
299.997
299.997
299.997
299.997
299.997
299.997
299.997
299.997
299.997
299.997
299.997
299.997
299.997
299.997
299.997
299.997
299.997
299.997
299.997
299.997
299.997
299.997
299.997
299.997
299.997
299.997
299.997
299.997
299.997
299.997
299.997
299.997
299.997
299.997
299.997
299.997
299.997
299.997
299.997
299.997
299.997
299.997
299.997
299.997
299.997
299.997
299.997
299.997
299.997
299.997
299.997
299.997
299.997
299.997
299.997
299.997
299.997
299.997
299.996
299.996
299.996
299.997
299.997
299.997
299.997
299.998
299.998
299.999
299.998
299.998
299.998
299.999
299.999
299.999
299.998
299.998
299.997
299.997
299.997
299.997
299.997
299.997
299.997
299.997
299.997
299.997
299.997
299.997
299.997
299.997
299.997
299.997
299.997
299.997
299.997
299.997
299.997
299.997
299.997
299.997
299.997
299.997
299.997
299.997
299.997
299.997
299.997
299.997
299.997
299.997
299.997
299.997
299.997
299.997
299.997
299.997
299.997
299.997
299.997
299.997
299.997
299.997
299.997
299.997
299.997
299.997
299.997
299.997
299.997
299.997
299.997
299.997
299.997
299.997
299.997
299.997
299.997
299.997
299.997
299.997
299.997
299.997
299.997
299.997
299.997
299.997
299.997
299.997
299.997
299.997
299.997
299.997
299.997
299.997
299.997
299.997
299.997
299.997
299.997
299.997
299.997
299.997
299.997
299.997
299.997
299.997
299.997
299.997
299.997
299.997
299.997
299.997
299.997
299.997
299.997
299.997
299.997
299.997
299.997
299.997
299.997
299.997
299.997
299.997
299.997
299.997
299.997
299.997
299.997
299.997
299.997
299.997
299.997
299.997
299.997
299.997
299.997
299.997
299.997
299.997
299.997
299.997
299.997
299.997
299.997
299.997
299.997
299.997
299.997
299.997
299.997
299.997
299.997
299.997
299.997
299.997
299.997
299.997
299.997
299.997
299.997
299.997
299.997
299.997
299.997
299.997
299.997
299.997
299.997
299.997
299.997
299.997
299.997
299.997
299.997
299.997
299.997
299.997
299.997
299.997
299.997
299.997
299.997
299.997
299.997
299.997
299.997
299.997
299.997
299.997
299.996
299.996
299.996
299.996
299.996
299.996
299.996
299.996
299.996
299.996
299.996
299.996
299.996
299.996
299.997
299.997
299.998
299.998
299.998
299.997
299.997
299.998
299.998
299.998
299.998
299.997
299.997
299.997
299.997
299.996
299.996
299.996
299.996
299.996
299.996
299.996
299.996
299.996
299.996
299.996
299.996
299.996
299.996
299.996
299.996
299.996
299.996
299.996
299.996
299.996
299.996
299.996
299.996
299.996
299.996
299.996
299.996
299.996
299.996
299.996
299.996
299.996
299.996
299.996
299.996
299.996
299.996
299.996
299.996
299.996
299.996
299.996
299.996
299.996
299.996
299.996
299.996
299.996
299.996
299.996
299.996
299.996
299.996
299.996
299.996
299.996
299.996
299.996
299.996
299.996
299.996
299.996
299.996
299.996
299.996
299.996
299.996
299.996
299.996
299.996
299.996
299.996
299.996
299.996
299.996
299.996
299.996
299.996
299.996
299.996
299.996
299.996
299.996
299.996
299.996
299.996
299.996
299.996
299.996
299.996
299.996
299.996
299.996
299.996
299.996
299.996
299.996
299.996
299.996
299.996
299.996
299.996
299.996
299.996
299.996
299.996
299.996
299.996
299.996
299.996
299.996
299.996
299.996
299.996
299.996
299.996
299.996
299.996
299.996
299.996
299.996
299.996
299.996
299.996
299.996
299.996
299.996
299.996
299.996
299.996
299.996
299.996
299.996
299.996
299.996
299.996
299.996
299.996
299.996
299.996
299.996
299.996
299.996
299.996
299.996
299.996
299.996
299.996
299.996
299.996
299.996
299.996
299.996
299.996
299.996
299.996
299.996
299.996
299.996
299.996
299.996
299.996
299.996
299.996
299.996
299.996
299.996
299.996
299.996
299.996
299.996
299.996
299.996
299.996
299.996
299.996
299.995
299.995
299.995
299.995
299.995
299.996
299.996
299.996
299.996
299.997
299.998
299.998
299.997
299.996
299.996
299.997
299.998
299.998
299.997
299.997
299.996
299.996
299.996
299.996
299.996
299.996
299.996
299.996
299.996
299.996
299.996
299.996
299.996
299.996
299.996
299.996
299.996
299.996
299.996
299.996
299.996
299.996
299.996
299.996
299.996
299.996
299.996
299.996
299.996
299.996
299.996
299.996
299.996
299.996
299.996
299.996
299.996
299.996
299.996
299.996
299.996
299.996
299.996
299.996
299.996
299.996
299.996
299.996
299.996
299.996
299.996
299.996
299.996
299.996
299.996
299.996
299.996
299.996
299.996
299.996
299.996
299.996
299.996
299.996
299.996
299.996
299.996
299.996
299.996
299.996
299.996
299.996
299.996
299.996
299.996
299.996
299.996
299.996
299.996
299.996
299.996
299.996
299.996
299.996
299.996
299.996
299.996
299.996
299.996
299.996
299.996
299.996
299.996
299.996
299.996
299.996
299.996
299.996
299.996
299.996
299.996
299.996
299.996
299.996
299.996
299.996
299.996
299.996
299.996
299.996
299.996
299.996
299.996
299.996
299.996
299.996
299.996
299.996
299.996
299.996
299.996
299.996
299.996
299.996
299.996
299.996
299.996
299.996
299.996
299.996
299.996
299.996
299.996
299.996
299.996
299.996
299.996
299.996
299.996
299.996
299.996
299.996
299.996
299.996
299.996
299.996
299.996
299.996
299.996
299.996
299.996
299.996
299.996
299.996
299.996
299.996
299.996
299.996
299.996
299.996
299.996
299.996
299.996
299.995
299.995
299.995
299.995
299.995
299.995
299.995
299.995
299.995
299.995
299.995
299.995
299.995
299.995
299.995
299.995
299.995
299.995
299.995
299.995
299.995
299.995
299.995
299.995
299.995
299.996
299.996
299.997
299.997
299.997
299.997
299.997
299.997
299.997
299.997
299.996
299.996
299.996
299.995
299.995
299.995
299.995
299.995
299.995
299.995
299.995
299.995
299.995
299.995
299.995
299.995
299.995
299.995
299.995
299.995
299.995
299.995
299.995
299.995
299.995
299.995
299.995
299.995
299.995
299.995
299.995
299.995
299.995
299.995
299.995
299.995
299.995
299.995
299.995
299.995
299.995
299.995
299.995
299.995
299.995
299.995
299.995
299.995
299.995
299.995
299.995
299.995
299.995
299.995
299.995
299.995
299.995
299.995
299.995
299.995
299.995
299.995
299.995
299.995
299.995
299.995
299.995
299.995
299.995
299.995
299.995
299.995
299.995
299.995
299.995
299.995
299.995
299.995
299.995
299.995
299.995
299.995
299.995
299.995
299.995
299.995
299.995
299.995
299.995
299.995
299.995
299.995
299.995
299.995
299.995
299.995
299.995
299.995
299.995
299.995
299.995
299.995
299.995
299.995
299.995
299.995
299.995
299.995
299.995
299.995
299.995
299.995
299.995
299.995
299.995
299.995
299.995
299.995
299.995
299.995
299.995
299.995
299.995
299.995
299.995
299.995
299.995
299.995
299.995
299.995
299.995
299.995
299.995
299.995
299.995
299.995
299.995
299.995
299.995
299.995
299.995
299.995
299.995
299.995
299.995
299.995
299.995
299.995
299.995
299.995
299.995
299.995
299.995
299.995
299.995
299.995
299.995
299.995
299.995
299.995
299.995
299.995
299.995
299.995
299.995
299.995
299.995
299.995
299.995
299.995
299.995
299.995
299.995
299.995
299.995
299.995
299.995
299.995
299.994
299.994
299.994
299.994
299.994
299.994
299.994
299.994
299.994
299.995
299.995
299.995
299.995
299.995
299.996
299.996
299.997
299.997
299.997
299.997
299.996
299.996
299.995
299.995
299.995
299.995
299.995
299.995
299.995
299.995
299.995
299.995
299.995
299.995
299.995
299.995
299.995
299.994
299.994
299.994
299.994
299.994
299.994
299.994
299.994
299.994
299.994
299.994
299.994
299.994
299.994
299.994
299.994
299.994
299.994
299.994
299.994
299.994
299.994
299.994
299.994
299.994
299.994
299.994
299.994
299.994
299.994
299.994
299.994
299.994
299.994
299.994
299.994
299.994
299.994
299.994
299.994
299.994
299.994
299.994
299.994
299.994
299.994
299.994
299.994
299.994
299.994
299.994
299.994
299.994
299.994
299.994
299.994
299.994
299.994
299.994
299.994
299.994
299.994
299.994
299.994
299.994
299.994
299.994
299.994
299.994
299.994
299.994
299.994
299.994
299.994
299.994
299.994
299.994
299.994
299.994
299.994
299.994
299.994
299.994
299.994
299.994
299.994
299.994
299.994
299.994
299.994
299.994
299.994
299.994
299.994
299.994
299.994
299.994
299.994
299.994
299.994
299.994
299.994
299.994
299.994
299.994
299.994
299.994
299.994
299.994
299.994
299.994
299.994
299.994
299.994
299.994
299.994
299.994
299.994
299.994
299.994
299.994
299.994
299.994
299.994
299.994
299.994
299.994
299.994
299.994
299.994
299.994
299.994
299.994
299.994
299.994
299.994
299.994
299.994
299.994
299.994
299.994
299.994
299.994
299.994
299.994
299.994
299.994
299.994
299.994
299.994
299.994
299.994
299.994
299.994
299.994
299.994
299.994
299.994
299.994
299.994
299.994
299.994
299.994
299.994
299.994
299.994
299.994
299.994
299.994
299.994
299.994
299.993
299.994
299.994
299.994
299.994
299.994
299.995
299.995
299.995
299.996
299.996
299.995
299.995
299.995
299.995
299.994
299.994
299.994
299.994
299.994
299.994
299.994
299.994
299.994
299.994
299.994
299.994
299.994
299.994
299.994
299.994
299.994
299.994
299.994
299.994
299.994
299.994
299.994
299.994
299.994
299.994
299.994
299.994
299.994
299.994
299.994
299.994
299.994
299.994
299.994
299.994
299.994
299.994
299.994
299.994
299.994
299.994
299.994
299.994
299.994
299.994
299.994
299.994
299.994
299.994
299.994
299.994
299.994
299.994
299.994
299.994
299.994
299.994
299.994
299.994
299.994
299.994
299.994
299.994
299.994
299.994
299.994
299.994
299.994
299.994
299.994
299.994
299.994
299.994
299.994
299.994
299.994
299.994
299.994
299.994
299.994
299.994
299.994
299.994
299.994
299.994
299.994
299.994
299.994
299.994
299.994
299.994
299.994
299.994
299.994
299.994
299.994
299.994
299.994
299.994
299.994
299.994
299.994
299.994
299.994
299.994
299.994
299.994
299.994
299.994
299.994
299.994
299.994
299.994
299.994
299.994
299.994
299.994
299.994
299.994
299.994
299.994
299.994
299.994
299.994
299.994
299.994
299.994
299.994
299.994
299.994
299.994
299.994
299.994
299.994
299.994
299.994
299.994
299.994
299.994
299.994
299.994
299.994
299.994
299.994
299.994
299.994
299.994
299.994
299.994
299.994
299.994
299.994
299.994
299.994
299.994
299.994
299.994
299.994
299.994
299.994
299.994
299.994
299.994
299.994
299.994
299.994
299.994
299.994
299.994
299.994
299.994
299.994
299.993
299.993
299.993
299.993
299.993
299.993
299.993
299.993
299.993
299.993
299.993
299.993
299.993
299.993
299.993
299.993
299.994
299.994
299.994
299.994
299.994
299.994
299.994
299.994
299.994
299.994
299.994
299.994
299.994
299.994
299.994
299.994
299.993
299.993
299.993
299.993
299.993
299.993
299.993
299.993
299.993
299.993
299.993
299.993
299.993
299.993
299.993
299.993
299.993
299.993
299.993
299.993
299.993
299.993
299.993
299.993
299.993
299.993
299.993
299.993
299.993
299.993
299.993
299.993
299.993
299.993
299.993
299.993
299.993
299.993
299.993
299.993
299.993
299.993
299.993
299.993
299.993
299.993
299.993
299.993
299.993
299.993
299.993
299.993
299.993
299.993
299.993
299.993
299.993
299.993
299.993
299.993
299.993
299.993
299.993
299.993
299.993
299.993
299.993
299.993
299.993
299.993
299.993
299.993
299.993
299.993
299.993
299.993
299.993
299.993
299.993
299.993
299.993
299.993
299.993
299.993
299.993
299.993
299.993
299.993
299.993
299.993
299.993
299.993
299.993
299.993
299.993
299.993
299.993
299.993
299.993
299.993
299.993
299.993
299.993
299.993
299.993
299.993
299.993
299.993
299.993
299.993
299.993
299.993
299.993
299.993
299.993
299.993
299.993
299.993
299.993
299.993
299.993
299.993
299.993
299.993
299.993
299.993
299.993
299.993
299.993
299.993
299.993
299.993
299.993
299.993
299.993
299.993
299.993
299.993
299.993
299.993
299.993
299.993
299.993
299.993
299.993
299.993
299.993
299.993
299.993
299.993
299.993
299.993
299.993
299.993
299.993
299.993
299.993
299.993
299.993
299.993
299.993
299.993
299.993
299.993
299.993
299.993
299.993
299.993
299.993
299.993
299.993
299.993
299.993
299.993
299.993
299.993
299.993
299.992
299.992
299.992
299.992
299.993
299.993
299.993
299.993
299.993
299.993
299.993
299.993
299.993
299.993
299.993
299.993
299.993
299.993
299.993
299.993
299.993
299.993
299.993
299.993
299.993
299.993
299.993
299.993
299.993
299.993
299.993
299.993
299.993
299.993
299.993
299.993
299.993
299.993
299.993
299.993
299.993
299.993
299.993
299.993
299.993
299.993
299.993
299.993
299.993
299.993
299.993
299.993
299.993
299.993
299.993
299.993
299.993
299.993
299.993
299.993
299.993
299.993
299.993
299.993
299.993
299.993
299.993
299.993
299.993
299.993
299.993
299.993
299.993
299.993
299.993
299.993
299.993
299.993
299.993
299.993
299.993
299.993
299.993
299.993
299.993
299.993
299.993
299.993
299.993
299.993
299.993
299.993
299.993
299.993
299.993
299.993
299.993
299.993
299.993
299.993
299.993
299.993
299.993
299.993
299.993
299.993
299.993
299.993
299.993
299.993
299.993
299.993
299.993
299.993
299.993
299.993
299.993
299.993
299.993
299.993
299.993
299.993
299.993
299.993
299.993
299.993
299.993
299.993
299.993
299.993
299.993
299.993
299.993
299.993
299.993
299.993
299.993
299.993
299.993
299.993
299.993
299.993
299.993
299.993
299.993
299.993
299.993
299.993
299.993
299.993
299.993
299.993
299.993
299.993
299.993
299.993
299.993
299.993
299.993
299.993
299.993
299.993
299.993
299.993
299.993
299.993
299.993
299.993
299.993
299.993
299.993
299.993
299.993
299.993
299.993
299.993
299.993
299.993
299.993
299.993
299.993
299.993
299.993
299.992
299.992
299.992
299.992
299.992
299.992
299.992
299.992
299.992
299.992
299.992
299.992
299.992
299.992
299.992
299.992
299.992
299.992
299.992
299.992
299.992
299.992
299.992
299.992
299.992
299.992
299.992
299.993
299.993
299.993
299.993
299.993
299.993
299.993
299.992
299.992
299.992
299.992
299.992
299.992
299.992
299.992
299.992
299.992
299.992
299.992
299.992
299.992
299.992
299.992
299.992
299.992
299.992
299.992
299.992
299.992
299.992
299.992
299.992
299.992
299.992
299.992
299.992
299.992
299.992
299.992
299.992
299.992
299.992
299.992
299.992
299.992
299.992
299.992
299.992
299.992
299.992
299.992
299.992
299.992
299.992
299.992
299.992
299.992
299.992
299.992
299.992
299.992
299.992
299.992
299.992
299.992
299.992
299.992
299.992
299.992
299.992
299.992
299.992
299.992
299.992
299.992
299.992
299.992
299.992
299.992
299.992
299.992
299.992
299.992
299.992
299.992
299.992
299.992
299.992
299.992
299.992
299.992
299.992
299.992
299.992
299.992
299.992
299.992
299.992
299.992
299.992
299.992
299.992
299.992
299.992
299.992
299.992
299.992
299.992
299.992
299.992
299.992
299.992
299.992
299.992
299.992
299.992
299.992
299.992
299.992
299.992
299.992
299.992
299.992
299.992
299.992
299.992
299.992
299.992
299.992
299.992
299.992
299.992
299.992
299.992
299.992
299.992
299.992
299.992
299.992
299.992
299.992
299.992
299.992
299.992
299.992
299.992
299.992
299.992
299.992
299.992
299.992
299.992
299.992
299.992
299.992
299.992
299.992
299.992
299.992
299.992
299.992
299.992
299.992
299.992
299.992
299.992
299.992
299.992
299.992
299.992
299.992
299.992
299.992
299.992
299.992
299.992
299.992
299.992
299.992
299.992
299.992
299.992
299.992
299.992
299.992
299.992
299.992
299.991
299.991
299.991
299.991
299.991
299.991
299.991
299.992
299.992
299.992
299.992
299.992
299.992
299.992
299.992
299.992
299.992
299.992
299.992
299.992
299.992
299.992
299.992
299.992
299.992
299.992
299.992
299.992
299.992
299.992
299.992
299.992
299.992
299.992
299.992
299.992
299.992
299.992
299.991
299.991
299.991
299.991
299.991
299.991
299.991
299.991
299.991
299.991
299.991
299.991
299.991
299.991
299.991
299.991
299.991
299.991
299.991
299.991
299.991
299.991
299.991
299.991
299.991
299.991
299.991
299.991
299.991
299.991
299.991
299.991
299.991
299.991
299.991
299.991
299.991
299.991
299.991
299.991
299.991
299.991
299.991
299.991
299.991
299.991
299.991
299.991
299.991
299.991
299.991
299.991
299.991
299.991
299.991
299.991
299.991
299.991
299.991
299.991
299.991
299.991
299.991
299.991
299.991
299.991
299.991
299.991
299.991
299.991
299.991
299.991
299.991
299.991
299.991
299.991
299.991
299.991
299.991
299.991
299.991
299.991
299.991
299.991
299.991
299.991
299.991
299.991
299.991
299.991
299.991
299.991
299.991
299.991
299.991
299.991
299.991
299.991
299.991
299.991
299.991
299.991
299.991
299.991
299.991
299.991
299.991
299.991
299.991
299.991
299.991
299.991
299.991
299.991
299.991
299.991
299.991
299.991
299.991
299.991
299.991
299.991
299.991
299.991
299.991
299.991
299.991
299.991
299.991
299.991
299.991
299.991
299.991
299.991
299.991
299.991
299.991
299.991
299.991
299.991
299.991
299.991
299.991
299.991
299.991
299.991
299.991
299.991
299.991
299.991
299.991
299.991
299.991
299.991
299.991
299.991
299.991
299.991
299.991
299.991
299.991
299.991
299.991
299.991
299.991
299.991
299.991
299.991
299.991
299.991
299.991
299.991
299.991
299.991
299.991
299.991
299.991
299.991
299.991
299.991
299.991
299.991
299.991
299.991
299.991
299.991
299.991
299.991
299.991
299.991
299.991
299.991
299.991
299.991
299.991
299.991
299.991
299.991
299.991
299.991
299.991
299.991
299.991
299.991
299.991
299.991
299.991
299.991
299.991
299.991
299.991
299.991
299.991
299.991
299.991
299.991
299.991
299.991
299.991
299.991
299.991
299.991
299.991
299.991
299.991
299.991
299.991
299.991
299.991
299.991
299.991
299.991
299.991
299.991
299.991
299.991
299.991
299.991
299.991
299.991
299.991
299.991
299.991
299.991
299.991
299.991
299.991
299.991
299.991
299.991
299.991
299.991
299.991
299.991
299.991
299.991
299.991
299.991
299.991
299.991
299.991
299.991
299.991
299.991
299.991
299.991
299.991
299.991
299.991
299.991
299.991
299.991
299.991
299.991
299.991
299.991
299.991
299.991
299.991
299.991
299.991
299.991
299.991
299.991
299.991
299.991
299.991
299.991
299.991
299.991
299.991
299.991
299.991
299.991
299.991
299.991
299.991
299.991
299.991
299.991
299.991
299.991
299.991
299.991
299.991
299.991
299.991
299.991
299.991
299.991
299.991
299.991
299.991
299.991
299.991
299.991
299.991
299.991
299.991
299.991
299.991
299.991
299.991
299.991
299.991
299.991
299.991
299.991
299.991
299.991
299.991
299.991
299.991
299.991
299.991
299.991
299.991
299.991
299.991
299.991
299.991
299.991
299.991
299.991
299.991
299.991
299.991
299.991
299.991
299.991
299.991
299.991
299.991
299.991
299.991
299.991
299.991
299.991
299.99
299.99
299.99
299.99
299.99
299.99
299.99
299.99
299.99
299.99
299.99
299.99
299.99
299.99
299.991
299.991
299.991
299.991
299.991
299.991
299.991
299.991
299.991
299.991
299.991
299.991
299.991
299.991
299.991
299.99
299.99
299.99
299.99
299.99
299.99
299.99
299.99
299.99
299.99
299.99
299.99
299.99
299.99
299.99
299.99
299.99
299.99
299.99
299.99
299.99
299.99
299.99
299.99
299.99
299.99
299.99
299.99
299.99
299.99
299.99
299.99
299.99
299.99
299.99
299.99
299.99
299.99
299.99
299.99
299.99
299.99
299.99
299.99
299.99
299.99
299.99
299.99
299.99
299.99
299.99
299.99
299.99
299.99
299.99
299.99
299.99
299.99
299.99
299.99
299.99
299.99
299.99
299.99
299.99
299.99
299.99
299.99
299.99
299.99
299.99
299.99
299.99
299.99
299.99
299.99
299.99
299.99
299.99
299.99
299.99
299.99
299.99
299.99
299.99
299.99
299.99
299.99
299.99
299.99
299.99
299.99
299.99
299.99
299.99
299.99
299.99
299.99
299.99
299.99
299.99
299.99
299.99
299.99
299.99
299.99
299.99
299.99
299.99
299.99
299.99
299.99
299.99
299.99
299.99
299.99
299.99
299.99
299.99
299.99
299.99
299.99
299.99
299.99
299.99
299.99
299.99
299.99
299.99
299.99
299.99
299.99
299.99
299.99
299.99
299.99
299.99
299.99
299.99
299.99
299.99
299.99
299.99
299.99
299.99
299.99
299.99
299.99
299.99
299.99
299.99
299.99
299.99
299.99
299.99
299.99
299.99
299.99
299.99
299.99
299.99
299.99
299.99
299.99
299.99
299.99
299.99
299.99
299.99
299.99
299.99
299.99
299.99
299.99
299.99
299.99
299.99
299.99
299.99
299.99
299.99
299.99
299.99
299.99
299.99
299.99
299.99
299.99
299.99
299.99
299.99
299.99
299.99
299.99
299.99
299.99
299.99
299.99
299.99
299.99
299.99
299.99
299.99
299.99
299.99
299.99
299.99
299.99
299.99
299.99
299.99
299.99
299.99
299.99
299.99
299.99
299.99
299.99
299.99
299.99
299.99
299.99
299.99
299.99
299.99
299.99
299.99
299.99
299.99
299.99
299.99
299.99
299.99
299.99
299.99
299.99
299.99
299.99
299.99
299.99
299.99
299.99
299.99
299.99
299.99
299.99
299.99
299.99
299.99
299.99
299.99
299.99
299.99
299.99
299.99
299.99
299.99
299.99
299.99
299.99
299.99
299.99
299.99
299.99
299.99
299.99
299.99
299.99
299.99
299.99
299.99
299.99
299.99
299.99
299.99
299.99
299.99
299.99
299.99
299.99
299.99
299.99
299.99
299.99
299.99
299.99
299.99
299.99
299.99
299.99
299.99
299.99
299.99
299.99
299.99
299.99
299.99
299.99
299.99
299.99
299.99
299.99
299.99
299.99
299.99
299.99
299.99
299.99
299.99
299.99
299.99
299.99
299.99
299.99
299.99
299.99
299.99
299.99
299.99
299.99
299.99
299.99
299.99
299.99
299.99
299.99
299.99
299.99
299.99
299.99
299.99
299.99
299.99
299.99
299.99
299.99
299.99
299.99
299.99
299.99
299.99
299.99
299.99
299.99
299.99
299.99
299.99
299.99
299.99
299.99
299.99
299.99
299.99
299.99
299.99
299.99
299.99
299.99
299.99
299.99
299.99
299.99
299.99
299.99
299.989
299.989
299.989
299.989
299.989
299.989
299.989
299.989
299.989
299.989
299.989
299.989
299.989
299.989
299.989
299.989
299.989
299.989
299.989
299.989
299.989
299.989
299.989
299.989
299.989
299.989
299.989
299.989
299.989
299.989
299.989
299.989
299.989
299.989
299.989
299.989
299.989
299.989
299.989
299.989
299.989
299.989
299.989
299.989
299.989
299.989
299.989
299.989
299.989
299.989
299.989
299.989
299.989
299.989
299.989
299.989
299.989
299.989
299.989
299.989
299.989
299.989
299.989
299.989
299.989
299.989
299.989
299.989
299.989
299.989
299.989
299.989
299.989
299.989
299.989
299.989
299.989
299.989
299.989
299.989
299.989
299.989
299.989
299.989
299.989
299.989
299.989
299.989
299.989
299.989
299.989
299.989
299.989
299.989
299.989
299.989
299.989
299.989
299.989
299.989
299.989
299.989
299.989
299.989
299.989
299.989
299.989
299.989
299.989
299.989
299.989
299.989
299.989
299.989
299.989
299.989
299.989
299.989
299.989
299.989
299.989
299.989
299.989
299.989
299.989
299.989
299.989
299.989
299.989
299.989
299.989
299.989
299.989
299.989
299.989
299.989
299.989
299.989
299.989
299.989
299.989
299.989
299.989
299.989
299.989
299.989
299.989
299.989
299.989
299.989
299.989
299.989
299.989
299.989
299.989
299.989
299.989
299.989
299.989
299.989
299.989
299.989
299.989
299.989
299.989
299.989
299.989
299.989
299.989
299.989
299.989
299.989
299.989
299.989
299.989
299.989
299.989
299.989
299.989
299.989
299.989
299.989
299.989
299.989
299.989
299.989
299.989
299.989
299.989
299.989
299.989
299.989
299.989
299.989
299.989
299.989
299.989
299.989
299.989
299.989
299.989
299.989
299.989
299.989
299.989
299.989
299.989
299.989
299.989
299.989
299.989
299.989
299.989
299.989
299.989
299.989
299.989
299.989
299.989
299.989
299.989
299.989
299.989
299.989
299.989
299.989
299.989
299.989
299.989
299.989
299.989
299.989
299.989
299.989
299.989
299.989
299.989
299.989
299.989
299.989
299.989
299.989
299.989
299.989
299.989
299.989
299.989
299.989
299.989
299.988
299.988
299.988
299.988
299.988
299.988
299.988
299.988
299.988
299.988
299.988
299.988
299.988
299.988
299.988
299.988
299.988
299.988
299.988
299.988
299.988
299.988
299.988
299.989
299.989
299.989
299.989
299.989
299.989
299.989
299.989
299.989
299.989
299.989
299.989
299.989
299.989
299.989
299.989
299.989
299.989
299.989
299.989
299.989
299.989
299.989
299.989
299.989
299.989
299.989
299.989
299.989
299.989
299.989
299.989
299.989
299.989
299.989
299.989
299.989
299.989
299.989
299.989
299.989
299.989
299.989
299.989
299.989
299.989
299.989
299.989
299.989
299.989
299.989
299.989
299.989
299.989
299.989
299.989
299.989
299.989
299.989
299.989
299.989
299.989
299.989
299.989
299.989
299.989
299.989
299.989
299.989
299.989
299.989
299.989
299.989
299.989
299.989
299.989
299.989
299.989
299.989
299.989
299.989
299.989
299.989
299.989
299.989
299.989
299.989
299.989
299.989
299.989
299.989
299.989
299.989
299.989
299.989
299.989
299.989
299.989
299.989
299.989
299.989
299.989
299.989
299.989
299.989
299.989
299.989
299.989
299.988
299.988
299.988
299.988
299.988
299.988
299.988
299.988
299.988
299.988
299.988
299.988
299.988
299.988
299.988
299.988
299.988
299.988
299.988
299.988
299.988
299.988
299.988
299.988
299.988
299.988
299.988
299.988
299.988
299.988
299.988
299.988
299.988
299.988
299.988
299.988
299.988
299.988
299.988
299.988
299.988
299.988
299.988
299.988
299.988
299.988
299.988
299.988
299.988
299.988
299.988
299.988
299.988
299.988
299.988
299.988
299.988
299.988
299.988
299.988
299.988
299.988
299.988
299.988
299.988
299.988
299.988
299.988
299.988
299.988
299.988
299.988
299.988
299.988
299.988
299.988
299.988
299.988
299.988
299.988
299.988
299.988
299.988
299.988
299.988
299.988
299.988
299.988
299.988
299.988
299.988
299.988
299.988
299.988
299.988
299.988
299.988
299.988
299.988
299.988
299.988
299.988
299.988
299.988
299.988
299.988
299.988
299.988
299.988
299.988
299.988
299.988
299.988
299.988
299.988
299.988
299.988
299.988
299.988
299.988
299.988
299.988
299.988
299.988
299.988
299.988
299.988
299.988
299.988
299.988
299.988
299.988
299.988
299.988
299.988
299.988
299.988
299.988
299.988
299.988
299.988
299.988
299.988
299.988
299.988
299.988
299.988
299.988
299.988
299.988
299.988
299.988
299.988
299.988
299.988
299.988
299.988
299.988
299.988
299.988
299.988
299.988
299.988
299.988
299.988
299.988
299.988
299.988
299.988
299.988
299.988
299.988
299.988
299.988
299.988
299.988
299.988
299.988
299.988
299.988
299.988
299.988
299.988
299.988
299.988
299.988
299.988
299.988
299.988
299.988
299.988
299.988
299.988
299.988
299.988
299.988
299.988
299.988
299.988
299.988
299.988
299.988
299.988
299.988
299.988
299.988
299.988
299.988
299.988
299.988
299.988
299.988
299.988
299.988
299.988
299.988
299.988
299.988
299.988
299.988
299.988
299.988
299.988
299.988
299.988
299.988
299.988
299.988
299.988
299.988
299.988
299.988
299.988
299.988
299.988
299.987
299.987
299.988
299.987
299.988
299.988
299.988
299.988
299.988
299.988
299.988
299.988
299.988
299.988
299.988
299.988
299.987
299.987
299.987
299.987
299.987
299.987
299.987
299.987
299.987
299.987
299.987
299.987
299.987
299.987
299.987
299.987
299.987
299.987
299.987
299.987
299.987
299.987
299.987
299.987
299.987
299.987
299.987
299.987
299.987
299.987
299.987
299.987
299.987
299.987
299.987
299.987
299.987
299.987
299.987
299.987
299.987
299.987
299.987
299.987
299.987
299.987
299.987
299.987
299.987
299.987
299.987
299.987
299.987
299.987
299.987
299.987
299.987
299.987
299.987
299.987
299.987
299.987
299.987
299.987
299.987
299.987
299.987
299.987
299.987
299.987
299.987
299.987
299.987
299.987
299.987
299.987
299.987
299.987
299.987
299.987
299.987
299.987
299.987
299.987
299.987
299.987
299.987
299.987
299.987
299.987
299.987
299.987
299.987
299.987
299.987
299.987
299.987
299.987
299.987
299.987
299.987
299.987
299.987
299.987
299.987
299.987
299.987
299.987
299.987
299.987
299.987
299.987
299.987
299.987
299.987
299.987
299.987
299.987
299.987
299.987
299.987
299.987
299.987
299.987
299.987
299.987
299.987
299.987
299.987
299.987
299.987
299.987
299.987
299.987
299.987
299.987
299.987
299.987
299.987
299.987
299.987
299.987
299.987
299.987
299.987
299.987
299.987
299.987
299.987
299.987
299.987
299.987
299.987
299.987
299.987
299.987
299.987
299.987
299.987
299.987
299.987
299.987
299.987
299.987
299.987
299.987
299.987
299.987
299.987
299.987
299.987
299.987
299.987
299.987
299.987
299.987
299.987
299.987
299.987
299.987
299.987
299.987
299.987
299.987
299.987
299.987
299.987
299.987
299.987
299.987
299.987
299.987
299.987
299.987
299.987
299.987
299.987
299.987
299.987
299.987
299.987
299.987
299.987
299.987
299.987
299.987
299.987
299.987
299.987
299.987
299.987
299.987
299.987
299.987
299.987
299.987
299.987
299.987
299.987
299.987
299.987
299.987
299.987
299.987
299.987
299.987
299.987
299.987
299.987
299.987
299.987
299.987
299.987
299.987
299.987
299.987
299.987
299.987
299.987
299.987
299.987
299.987
299.987
299.987
299.987
299.987
299.987
299.987
299.987
299.987
299.987
299.987
299.987
299.987
299.987
299.987
299.987
299.987
299.987
299.987
299.987
299.987
299.987
299.987
299.987
299.987
299.987
299.987
299.987
299.987
299.987
299.987
299.987
299.987
299.987
299.987
299.987
299.987
299.987
299.987
299.987
299.987
299.987
299.987
299.987
299.987
299.987
299.987
299.987
299.987
299.987
299.987
299.987
299.987
299.987
299.987
299.987
299.987
299.987
299.987
299.987
299.987
299.987
299.987
299.987
299.987
299.987
299.987
299.987
299.987
299.987
299.987
299.987
299.987
299.987
299.987
299.987
299.987
299.987
299.987
299.987
299.987
299.987
299.987
299.987
299.987
299.987
299.987
299.987
299.987
299.987
299.987
299.987
299.987
299.987
299.987
299.987
299.987
299.987
299.987
299.987
299.987
299.987
299.987
299.987
299.987
299.987
299.987
299.987
299.987
299.987
299.987
299.987
299.987
299.987
299.987
299.987
299.987
299.987
299.987
299.987
299.987
299.987
299.987
299.987
299.987
299.987
299.987
299.987
299.987
299.987
299.987
299.987
299.987
299.987
299.986
299.986
299.986
299.986
299.986
299.986
299.986
299.986
299.986
299.986
299.986
299.986
299.986
299.986
299.986
299.986
299.986
299.986
299.986
299.986
299.986
299.986
299.986
299.986
299.986
299.986
299.986
299.986
299.986
299.986
299.986
299.986
299.986
299.986
299.986
299.986
299.986
299.986
299.986
299.986
299.986
299.986
299.986
299.986
299.986
299.986
299.986
299.986
299.986
299.986
299.986
299.986
299.986
299.986
299.986
299.986
299.986
299.986
299.986
299.986
299.986
299.986
299.986
299.986
299.986
299.986
299.986
299.986
299.986
299.986
299.986
299.986
299.986
299.986
299.986
299.986
299.986
299.986
299.986
299.986
299.986
299.986
299.986
299.986
299.986
299.986
299.986
299.986
299.986
299.986
299.986
299.986
299.986
299.986
299.986
299.986
299.986
299.986
299.986
299.986
299.986
299.986
299.986
299.986
299.986
299.986
299.986
299.986
299.986
299.986
299.986
299.986
299.986
299.986
299.986
299.986
299.986
299.986
299.986
299.986
299.986
299.986
299.986
299.986
299.986
299.986
299.986
299.986
299.986
299.986
299.986
299.986
299.986
299.986
299.986
299.986
299.986
299.986
299.986
299.986
299.986
299.986
299.986
299.986
299.986
299.986
299.986
299.986
299.986
299.986
299.986
299.986
299.986
299.986
299.986
299.986
299.986
299.986
299.986
299.986
299.986
299.986
299.986
299.986
299.986
299.986
299.986
299.986
299.986
299.986
299.986
299.986
299.986
299.986
299.986
299.986
299.986
299.986
299.986
299.986
299.986
299.986
299.986
299.986
299.986
299.986
299.986
299.986
299.986
299.986
299.986
299.986
299.986
299.986
299.986
299.986
299.986
299.986
299.986
299.986
299.986
299.986
299.986
299.986
299.986
299.986
299.986
299.986
299.986
299.986
299.986
299.986
299.986
299.986
299.986
299.986
299.986
299.986
299.986
299.986
299.986
299.986
299.986
299.986
299.986
299.986
299.986
299.986
299.986
299.986
299.986
299.986
299.986
299.986
299.986
299.986
299.986
299.986
299.986
299.986
299.985
299.985
299.985
299.985
299.985
299.985
299.985
299.985
299.985
299.985
299.985
299.985
299.985
299.985
299.985
299.985
299.985
299.985
299.986
299.986
299.986
299.986
299.986
299.986
299.986
299.986
299.986
299.986
299.986
299.986
299.986
299.986
299.986
299.986
299.986
299.986
299.986
299.986
299.986
299.986
299.986
299.986
299.986
299.986
299.986
299.986
299.986
299.986
299.986
299.986
299.986
299.986
299.986
299.986
299.986
299.986
299.986
299.986
299.986
299.986
299.986
299.986
299.986
299.986
299.986
299.986
299.986
299.986
299.986
299.986
299.986
299.986
299.986
299.986
299.986
299.986
299.986
299.986
299.986
299.986
299.986
299.986
299.986
299.986
299.986
299.986
299.986
299.986
299.986
299.986
299.986
299.986
299.986
299.986
299.986
299.986
299.986
299.986
299.986
299.986
299.986
299.986
299.986
299.986
299.986
299.986
299.986
299.986
299.986
299.986
299.986
299.986
299.986
299.986
299.986
299.986
299.986
299.986
299.986
299.986
299.986
299.986
299.986
299.986
299.986
299.986
299.986
299.986
299.986
299.986
299.986
299.986
299.986
299.986
299.986
299.986
299.986
299.986
299.986
299.986
299.986
299.986
299.986
299.986
299.986
299.986
299.985
299.985
299.985
299.985
299.985
299.985
299.985
299.985
299.985
299.985
299.985
299.985
299.985
299.985
299.985
299.985
299.985
299.985
299.985
299.985
299.985
299.985
299.985
299.985
299.985
299.985
299.985
299.985
299.985
299.985
299.985
299.985
299.985
299.985
299.985
299.985
299.985
299.985
299.985
299.985
299.985
299.985
299.985
299.985
299.985
299.985
299.985
299.985
299.985
299.985
299.985
299.985
299.985
299.985
299.985
299.985
299.985
299.985
299.985
299.985
299.985
299.985
299.985
299.985
299.985
299.985
299.985
299.985
299.985
299.985
299.985
299.985
299.985
299.985
299.985
299.985
299.985
299.985
299.985
299.985
299.985
299.985
299.985
299.985
299.985
299.985
299.985
299.985
299.985
299.985
299.985
299.985
299.985
299.985
299.985
299.985
299.985
299.985
299.985
299.985
299.985
299.985
299.985
299.985
299.985
299.985
299.985
299.985
299.985
299.985
299.985
299.985
299.985
299.985
299.985
299.985
299.985
299.985
299.985
299.985
299.985
299.985
299.985
299.985
299.985
299.985
299.985
299.985
299.985
299.985
299.985
299.985
299.985
299.985
299.985
299.985
299.985
299.985
299.985
299.985
299.985
299.985
299.985
299.985
299.985
299.985
299.985
299.985
299.985
299.985
299.985
299.985
299.985
299.985
299.985
299.985
299.985
299.985
299.985
299.985
299.985
299.985
299.985
299.985
299.985
299.985
299.985
299.985
299.985
299.985
299.985
299.985
299.985
299.985
299.985
299.985
299.985
299.985
299.985
299.985
299.985
299.985
299.985
299.985
299.985
299.985
299.985
299.985
299.985
299.985
299.985
299.985
299.985
299.985
299.985
299.985
299.985
299.985
299.985
299.985
299.985
299.985
299.985
299.985
299.985
299.985
299.985
299.985
299.985
299.985
299.985
299.985
299.985
299.985
299.985
299.985
299.985
299.985
299.985
299.985
299.985
299.985
299.985
299.985
299.985
299.985
299.985
299.985
299.985
299.985
299.985
299.985
299.984
299.984
299.984
299.984
299.984
299.984
299.984
299.984
299.984
299.984
299.984
299.984
299.984
299.984
299.984
299.984
299.984
299.984
299.984
299.984
299.984
299.984
299.984
299.984
299.984
299.984
299.984
299.984
299.984
299.984
299.984
299.984
299.984
299.984
299.984
299.984
299.984
299.984
299.984
299.984
299.984
299.984
299.984
299.984
299.984
299.984
299.984
299.984
299.984
299.984
299.984
299.984
299.984
299.984
299.984
299.984
299.984
299.984
299.984
299.984
299.984
299.984
299.984
299.984
299.984
299.984
299.984
299.984
299.984
299.984
299.984
299.984
299.984
299.984
299.984
299.984
299.984
299.984
299.984
299.984
299.984
299.984
299.984
299.984
299.984
299.984
299.984
299.984
299.984
299.984
299.984
299.984
299.984
299.984
299.984
299.984
299.984
299.984
299.984
299.984
299.984
299.984
299.984
299.984
299.984
299.984
299.984
299.984
299.984
299.984
299.984
299.984
299.984
299.984
299.984
299.984
299.984
299.984
299.984
299.984
299.984
299.984
299.984
299.984
299.984
299.984
299.984
299.984
299.984
299.984
299.984
299.984
299.984
299.984
299.984
299.984
299.984
299.984
299.984
299.984
299.984
299.984
299.984
299.984
299.984
299.984
299.984
299.984
299.984
299.984
299.984
299.984
299.984
299.984
299.984
299.984
299.984
299.984
299.984
299.984
299.984
299.984
299.984
299.984
299.984
299.984
299.984
299.984
299.984
299.984
299.984
299.984
299.984
299.984
299.984
299.984
299.984
299.984
299.984
299.984
299.984
299.984
299.984
299.984
299.984
299.984
299.984
299.984
299.984
299.984
299.984
299.984
299.984
299.984
299.984
299.984
299.984
299.984
299.984
299.984
299.984
299.984
299.984
299.984
299.984
299.984
299.984
299.984
299.984
299.984
299.984
299.984
299.984
299.984
299.984
299.984
299.984
299.984
299.984
299.984
299.984
299.984
299.984
299.984
299.984
299.984
299.984
299.984
299.984
299.984
299.984
299.984
299.984
299.984
299.984
299.984
299.984
299.984
299.984
299.984
299.984
299.984
299.984
299.984
299.984
299.984
299.984
299.984
299.984
299.984
299.984
299.984
299.984
299.984
299.984
299.984
299.984
299.984
299.984
299.984
299.984
299.984
299.984
299.984
299.984
299.984
299.984
299.984
299.984
299.984
299.984
299.984
299.984
299.984
299.984
299.984
299.984
299.984
299.984
299.984
299.984
299.984
299.984
299.984
299.984
299.984
299.984
299.984
299.984
299.984
299.984
299.984
299.984
299.984
299.984
299.984
299.984
299.984
299.984
299.984
299.984
299.984
299.984
299.984
299.984
299.984
299.984
299.984
299.984
299.984
299.984
299.984
299.984
299.984
299.984
299.984
299.984
299.984
299.984
299.984
299.984
299.984
299.984
299.984
299.984
299.984
299.984
299.984
299.984
299.984
299.984
299.984
299.984
299.984
299.984
299.984
299.984
299.984
299.984
299.984
299.984
299.984
299.984
299.984
299.984
299.984
299.984
299.984
299.984
299.984
299.984
299.984
299.984
299.984
299.984
299.984
299.984
299.984
299.984
299.984
299.984
299.984
299.984
299.984
299.984
299.984
299.984
299.984
299.984
299.984
299.984
299.984
299.984
299.984
299.984
299.984
299.984
299.984
299.984
299.984
299.984
299.984
299.984
299.984
299.984
299.984
299.984
299.984
299.984
299.984
299.984
299.984
299.984
299.984
299.983
299.984
299.984
299.984
299.983
299.983
299.983
299.983
299.983
299.983
299.983
299.983
299.983
299.983
299.983
299.983
299.983
299.983
299.983
299.983
299.983
299.983
299.983
299.983
299.983
299.983
299.983
299.983
299.983
299.983
299.983
299.983
299.983
299.983
299.983
299.983
299.983
299.983
299.983
299.983
299.983
299.983
299.983
299.983
299.983
299.983
299.983
299.983
299.983
299.983
299.983
299.983
299.983
299.983
299.983
299.983
299.983
299.983
299.983
299.983
299.983
299.983
299.983
299.983
299.983
299.983
299.983
299.983
299.983
299.983
299.983
299.983
299.983
299.983
299.983
299.983
299.983
299.983
299.983
299.983
299.983
299.983
299.983
299.983
299.983
299.983
299.983
299.983
299.983
299.983
299.983
299.983
299.983
299.983
299.983
299.983
299.983
299.983
299.983
299.983
299.983
299.983
299.983
299.983
299.983
299.983
299.983
299.983
299.983
299.983
299.983
299.983
299.983
299.983
299.983
299.983
299.983
299.983
299.983
299.983
299.983
299.983
299.983
299.983
299.983
299.983
299.983
299.983
299.983
299.983
299.983
299.983
299.983
299.983
299.983
299.983
299.983
299.983
299.983
299.983
299.983
299.983
299.983
299.983
299.983
299.983
299.983
299.983
299.983
299.983
299.983
299.983
299.983
299.983
299.983
299.983
299.983
299.983
299.983
299.983
299.983
299.983
299.983
299.983
299.983
299.983
299.983
299.983
299.983
299.983
299.983
299.983
299.983
299.983
299.983
299.983
299.983
299.983
299.983
299.983
299.983
299.983
299.983
299.983
299.983
299.983
299.983
299.983
299.983
299.983
299.983
299.983
299.983
299.983
299.983
299.983
299.983
299.983
299.983
299.983
299.983
299.981
299.981
299.981
299.981
299.982
299.983
299.983
299.983
299.983
299.983
299.983
299.983
299.983
299.983
299.983
299.983
299.983
299.983
299.983
299.983
299.983
299.983
299.983
299.983
299.982
299.982
299.982
299.982
299.982
299.982
299.982
299.982
299.982
299.982
299.982
299.982
299.982
299.982
299.982
299.982
299.982
299.982
299.982
299.983
299.983
299.983
299.983
299.983
299.983
299.983
299.983
299.983
299.983
299.983
299.983
299.983
299.983
299.983
299.983
299.983
299.983
299.983
299.983
299.983
299.983
299.983
299.983
299.983
299.983
299.983
299.983
299.983
299.983
299.983
299.983
299.983
299.983
299.983
299.983
299.983
299.983
299.983
299.983
299.983
299.983
299.983
299.983
299.983
299.983
299.983
299.983
299.983
299.983
299.983
299.983
299.983
299.983
299.983
299.983
299.983
299.983
299.983
299.983
299.983
299.983
299.983
299.983
299.983
299.983
299.983
299.983
299.983
299.983
299.983
299.983
299.983
299.983
299.983
299.983
299.983
299.983
299.983
299.983
299.983
299.983
299.983
299.983
299.983
299.983
299.983
299.983
299.983
299.983
299.983
299.983
299.983
299.983
299.983
299.983
299.983
299.983
299.983
299.983
299.983
299.983
299.983
299.983
299.983
299.983
299.983
299.983
299.983
299.983
299.983
299.983
299.983
299.983
299.983
299.983
299.983
299.983
299.983
299.983
299.983
299.983
299.983
299.983
299.983
299.983
299.983
299.983
299.983
299.983
299.983
299.983
299.983
299.983
299.983
299.983
299.983
299.983
299.983
299.983
299.983
299.983
299.983
299.982
299.982
299.982
299.982
299.982
299.982
299.982
299.982
299.982
299.982
299.982
299.982
299.982
299.982
299.986
299.989
299.992
299.996
299.989
299.982
299.981
299.981
299.982
299.982
299.982
299.982
299.982
299.982
299.982
299.982
299.982
299.982
299.982
299.982
299.982
299.982
299.982
299.982
299.982
299.982
299.982
299.982
299.982
299.982
299.982
299.982
299.982
299.982
299.982
299.982
299.982
299.982
299.982
299.982
299.982
299.982
299.982
299.982
299.982
299.982
299.982
299.982
299.982
299.982
299.982
299.982
299.982
299.982
299.982
299.982
299.982
299.982
299.982
299.982
299.982
299.982
299.982
299.982
299.982
299.982
299.982
299.982
299.982
299.982
299.982
299.982
299.982
299.982
299.982
299.982
299.982
299.982
299.982
299.982
299.982
299.982
299.982
299.982
299.982
299.982
299.982
299.982
299.982
299.982
299.982
299.982
299.982
299.982
299.982
299.982
299.982
299.982
299.982
299.982
299.982
299.982
299.982
299.982
299.982
299.982
299.982
299.982
299.982
299.982
299.982
299.982
299.982
299.982
299.982
299.982
299.982
299.982
299.982
299.982
299.982
299.982
299.982
299.982
299.982
299.982
299.982
299.982
299.982
299.982
299.982
299.982
299.982
299.982
299.982
299.982
299.982
299.982
299.982
299.982
299.982
299.982
299.982
299.982
299.982
299.982
299.982
299.982
299.982
299.982
299.982
299.982
299.982
299.982
299.982
299.982
299.982
299.982
299.982
299.982
299.982
299.982
299.982
299.982
299.982
299.982
299.982
299.982
299.982
299.982
299.982
299.982
299.982
299.982
299.982
299.982
299.982
299.982
299.982
299.982
299.982
299.982
299.982
299.982
299.982
299.982
299.982
299.982
299.982
299.982
299.982
299.982
299.982
299.982
299.982
299.982
299.982
299.982
299.982
299.979
299.907
299.945
299.932
299.87
299.929
299.981
299.987
299.986
299.985
299.984
299.983
299.983
299.982
299.982
299.982
299.982
299.981
299.981
299.981
299.981
299.981
299.981
299.981
299.981
299.982
299.982
299.982
299.982
299.982
299.983
299.983
299.984
299.985
299.985
299.986
299.986
299.986
299.985
299.984
299.983
299.982
299.982
299.981
299.981
299.981
299.981
299.981
299.981
299.981
299.981
299.981
299.981
299.981
299.981
299.981
299.981
299.981
299.981
299.981
299.981
299.981
299.981
299.981
299.981
299.981
299.981
299.981
299.981
299.981
299.981
299.981
299.981
299.981
299.981
299.981
299.981
299.981
299.981
299.981
299.981
299.981
299.981
299.981
299.981
299.981
299.981
299.981
299.981
299.981
299.981
299.981
299.981
299.981
299.981
299.981
299.981
299.981
299.981
299.981
299.981
299.981
299.981
299.981
299.981
299.981
299.981
299.981
299.981
299.981
299.981
299.981
299.981
299.981
299.981
299.981
299.981
299.981
299.981
299.981
299.981
299.981
299.981
299.981
299.981
299.981
299.981
299.981
299.981
299.981
299.981
299.981
299.981
299.981
299.981
299.981
299.981
299.981
299.981
299.981
299.981
299.981
299.981
299.981
299.981
299.981
299.981
299.981
299.981
299.981
299.981
299.981
299.981
299.981
299.981
299.981
299.981
299.981
299.981
299.981
299.981
299.981
299.981
299.981
299.981
299.981
299.981
299.981
299.981
299.981
299.981
299.981
299.981
299.981
299.981
299.981
299.981
299.981
299.981
299.981
299.981
299.981
299.981
299.981
299.981
299.981
299.981
299.981
299.981
299.981
299.981
299.981
299.981
299.981
299.981
299.981
299.981
299.981
299.981
299.981
300.013
299.621
299.949
299.999
300.421
300.254
299.997
299.956
299.96
299.965
299.968
299.971
299.974
299.976
299.978
299.979
299.98
299.98
299.981
299.981
299.982
299.982
299.982
299.982
299.983
299.983
299.984
299.985
299.986
299.988
299.991
299.994
299.997
300.001
300.005
300.008
300.01
300.009
300.006
300.001
299.994
299.988
299.984
299.982
299.981
299.981
299.981
299.981
299.981
299.981
299.981
299.981
299.981
299.981
299.981
299.981
299.981
299.981
299.981
299.981
299.981
299.981
299.981
299.981
299.981
299.981
299.981
299.981
299.981
299.981
299.981
299.981
299.981
299.981
299.981
299.981
299.981
299.981
299.981
299.981
299.981
299.981
299.981
299.981
299.981
299.981
299.981
299.981
299.981
299.981
299.981
299.981
299.981
299.981
299.981
299.981
299.981
299.981
299.981
299.981
299.981
299.981
299.981
299.981
299.981
299.981
299.981
299.981
299.981
299.981
299.981
299.981
299.981
299.981
299.981
299.981
299.981
299.981
299.981
299.981
299.981
299.981
299.981
299.981
299.981
299.981
299.981
299.981
299.981
299.981
299.981
299.981
299.981
299.981
299.981
299.981
299.981
299.981
299.981
299.981
299.981
299.981
299.981
299.981
299.981
299.981
299.981
299.981
299.981
299.981
299.981
299.981
299.981
299.981
299.981
299.981
299.981
299.981
299.981
299.981
299.981
299.981
299.981
299.981
299.981
299.981
299.981
299.981
299.981
299.981
299.981
299.981
299.981
299.981
299.981
299.981
299.981
299.981
299.981
299.981
299.981
299.981
299.981
299.981
299.981
299.981
299.981
299.981
299.981
299.981
299.981
299.981
299.981
299.981
299.981
299.981
299.981
299.981
299.981
299.981
299.561
298.721
299.429
298.635
298.769
299.538
299.972
300.056
300.042
300.038
300.033
300.024
300.013
300.004
299.998
299.993
299.989
299.986
299.984
299.983
299.982
299.982
299.983
299.985
299.987
299.991
299.995
300.001
300.008
300.017
300.029
300.042
300.057
300.074
300.09
300.103
300.111
300.112
300.102
300.083
300.056
300.028
300.004
299.99
299.983
299.981
299.98
299.98
299.98
299.98
299.98
299.98
299.98
299.98
299.98
299.98
299.98
299.98
299.98
299.98
299.98
299.98
299.98
299.98
299.98
299.98
299.98
299.98
299.98
299.98
299.98
299.98
299.98
299.98
299.98
299.98
299.98
299.98
299.98
299.98
299.98
299.98
299.98
299.98
299.98
299.98
299.98
299.98
299.98
299.98
299.98
299.98
299.98
299.98
299.98
299.98
299.98
299.98
299.98
299.98
299.98
299.98
299.98
299.98
299.98
299.98
299.98
299.98
299.98
299.98
299.98
299.98
299.98
299.98
299.98
299.98
299.98
299.98
299.98
299.98
299.98
299.98
299.98
299.98
299.98
299.98
299.98
299.98
299.98
299.98
299.98
299.98
299.98
299.98
299.98
299.98
299.98
299.98
299.98
299.98
299.98
299.98
299.98
299.98
299.98
299.98
299.98
299.98
299.98
299.98
299.98
299.98
299.98
299.98
299.98
299.98
299.98
299.98
299.98
299.98
299.98
299.98
299.98
299.98
299.98
299.98
299.98
299.98
299.98
299.98
299.98
299.98
299.98
299.98
299.98
299.98
299.98
299.98
299.98
299.98
299.98
299.98
299.98
299.98
299.98
299.98
299.98
299.98
299.98
299.98
299.98
299.98
299.98
299.98
299.98
299.98
299.98
299.98
299.98
299.98
297.879
300.733
298.659
301.58
301.171
300.855
300.43
299.753
299.803
299.813
299.808
299.831
299.865
299.896
299.921
299.942
299.959
299.974
299.987
299.999
300.01
300.02
300.029
300.038
300.047
300.057
300.069
300.085
300.105
300.132
300.166
300.207
300.254
300.306
300.357
300.403
300.436
300.448
300.431
300.381
300.3
300.202
300.106
300.036
299.999
299.984
299.981
299.98
299.98
299.98
299.98
299.98
299.98
299.98
299.98
299.98
299.98
299.98
299.98
299.98
299.98
299.98
299.98
299.98
299.98
299.98
299.98
299.98
299.98
299.98
299.98
299.98
299.98
299.98
299.98
299.98
299.98
299.98
299.98
299.98
299.98
299.98
299.98
299.98
299.98
299.98
299.98
299.98
299.98
299.98
299.98
299.98
299.98
299.98
299.98
299.98
299.98
299.98
299.98
299.98
299.98
299.98
299.98
299.98
299.98
299.98
299.98
299.98
299.98
299.98
299.98
299.98
299.98
299.98
299.98
299.98
299.98
299.98
299.98
299.98
299.98
299.98
299.98
299.98
299.98
299.98
299.98
299.98
299.98
299.98
299.98
299.98
299.98
299.98
299.98
299.98
299.98
299.98
299.98
299.98
299.98
299.98
299.98
299.98
299.98
299.98
299.98
299.98
299.98
299.98
299.98
299.98
299.98
299.98
299.98
299.98
299.98
299.98
299.98
299.98
299.98
299.98
299.98
299.98
299.98
299.98
299.98
299.98
299.98
299.98
299.98
299.98
299.98
299.98
299.98
299.98
299.98
299.98
299.98
299.98
299.98
299.98
299.98
299.98
299.98
299.98
299.98
299.98
299.98
299.98
299.98
299.98
299.98
299.98
299.98
299.98
299.98
299.98
299.98
299.98
299.881
299.935
299.231
298.781
298.534
298.322
299.084
300.205
300.053
300.19
300.372
300.379
300.348
300.313
300.278
300.245
300.212
300.182
300.155
300.133
300.118
300.109
300.107
300.113
300.128
300.154
300.192
300.245
300.313
300.396
300.493
300.602
300.721
300.845
300.969
301.086
301.183
301.243
301.243
301.168
301.006
300.768
300.488
300.238
300.078
300.007
299.985
299.98
299.979
299.979
299.979
299.979
299.979
299.979
299.979
299.979
299.979
299.979
299.979
299.979
299.979
299.979
299.979
299.979
299.979
299.979
299.979
299.979
299.979
299.979
299.979
299.979
299.979
299.979
299.979
299.979
299.979
299.979
299.979
299.979
299.979
299.979
299.979
299.979
299.979
299.979
299.979
299.979
299.979
299.979
299.979
299.979
299.979
299.979
299.979
299.979
299.979
299.979
299.979
299.979
299.979
299.979
299.979
299.979
299.979
299.979
299.979
299.979
299.979
299.979
299.979
299.979
299.979
299.979
299.979
299.979
299.979
299.979
299.979
299.979
299.979
299.979
299.979
299.979
299.979
299.979
299.979
299.979
299.979
299.979
299.979
299.979
299.979
299.979
299.979
299.979
299.979
299.979
299.979
299.979
299.979
299.979
299.979
299.979
299.979
299.979
299.979
299.979
299.979
299.979
299.979
299.979
299.979
299.979
299.979
299.979
299.979
299.979
299.979
299.979
299.979
299.979
299.979
299.979
299.979
299.979
299.979
299.979
299.979
299.979
299.979
299.979
299.979
299.979
299.979
299.979
299.979
299.979
299.979
299.979
299.979
299.979
299.979
299.979
299.979
299.979
299.979
299.979
299.979
299.979
299.979
299.979
299.979
299.979
299.979
299.979
299.979
299.979
299.979
299.979
305.711
304.508
305.325
305.098
304.609
304.388
303.172
301.184
299.046
298.793
299.479
299.805
299.914
299.966
299.996
300.018
300.047
300.096
300.172
300.263
300.352
300.43
300.5
300.568
300.638
300.714
300.796
300.886
300.986
301.097
301.222
301.362
301.516
301.684
301.868
302.067
302.273
302.461
302.584
302.586
302.424
302.073
301.524
300.887
300.378
300.109
300.011
299.985
299.979
299.979
299.979
299.979
299.979
299.979
299.979
299.979
299.979
299.979
299.979
299.979
299.979
299.979
299.979
299.979
299.979
299.979
299.979
299.979
299.979
299.979
299.979
299.979
299.979
299.979
299.979
299.979
299.979
299.979
299.979
299.979
299.979
299.979
299.979
299.979
299.979
299.979
299.979
299.979
299.979
299.979
299.979
299.979
299.979
299.979
299.979
299.979
299.979
299.979
299.979
299.979
299.979
299.979
299.979
299.979
299.979
299.979
299.979
299.979
299.979
299.979
299.979
299.979
299.979
299.979
299.979
299.979
299.979
299.979
299.979
299.979
299.979
299.979
299.979
299.979
299.979
299.979
299.979
299.979
299.979
299.979
299.979
299.979
299.979
299.979
299.979
299.979
299.979
299.979
299.979
299.979
299.979
299.979
299.979
299.979
299.979
299.979
299.979
299.979
299.979
299.979
299.979
299.979
299.979
299.979
299.979
299.979
299.979
299.979
299.979
299.979
299.979
299.979
299.979
299.979
299.979
299.979
299.979
299.979
299.979
299.979
299.979
299.979
299.979
299.979
299.979
299.979
299.979
299.979
299.979
299.978
299.978
299.978
299.978
299.978
299.978
299.978
299.978
299.978
299.978
299.978
299.978
299.978
299.978
299.978
299.978
299.978
299.978
299.979
299.979
299.979
304.998
305.013
305.031
304.992
305.072
304.9
304.911
304.398
303.914
303.789
303.71
303.687
303.664
303.628
303.585
303.532
303.42
303.184
302.828
302.429
302.051
301.723
301.461
301.272
301.147
301.08
301.067
301.105
301.19
301.314
301.468
301.642
301.826
302.016
302.208
302.399
302.572
302.709
302.859
303.154
303.595
303.818
303.393
302.345
301.197
300.436
300.105
300.005
299.982
299.979
299.978
299.978
299.978
299.978
299.978
299.978
299.978
299.978
299.978
299.978
299.978
299.978
299.978
299.978
299.978
299.978
299.978
299.978
299.978
299.978
299.978
299.978
299.978
299.978
299.978
299.978
299.978
299.978
299.978
299.978
299.978
299.978
299.978
299.978
299.978
299.978
299.978
299.978
299.978
299.978
299.978
299.978
299.978
299.978
299.978
299.978
299.978
299.978
299.978
299.978
299.978
299.978
299.978
299.978
299.978
299.978
299.978
299.978
299.978
299.978
299.978
299.978
299.978
299.978
299.978
299.978
299.978
299.978
299.978
299.978
299.978
299.978
299.978
299.978
299.978
299.978
299.978
299.978
299.978
299.978
299.978
299.978
299.978
299.978
299.978
299.978
299.978
299.978
299.978
299.978
299.978
299.978
299.978
299.978
299.978
299.978
299.978
299.978
299.978
299.978
299.978
299.978
299.978
299.978
299.978
299.978
299.978
299.978
299.978
299.978
299.978
299.978
299.978
299.978
299.978
299.978
299.978
299.978
299.978
299.978
299.978
299.978
299.978
299.978
299.978
299.978
299.978
299.978
299.978
299.978
299.978
299.978
299.978
299.978
299.978
299.978
299.978
299.978
299.978
299.978
299.978
299.978
299.978
299.978
299.978
299.978
299.978
299.978
299.978
299.978
304.995
304.989
305.026
304.974
305.036
304.98
305.011
304.968
304.897
304.858
304.834
304.819
304.806
304.795
304.781
304.757
304.721
304.666
304.59
304.507
304.438
304.385
304.343
304.305
304.255
304.179
304.075
303.961
303.86
303.793
303.769
303.79
303.845
303.933
304.057
304.22
304.384
304.469
304.433
304.377
304.5
304.83
304.917
304.129
302.583
301.153
300.359
300.068
299.994
299.98
299.978
299.977
299.977
299.977
299.977
299.977
299.977
299.977
299.977
299.977
299.977
299.977
299.977
299.977
299.977
299.977
299.977
299.977
299.977
299.977
299.977
299.977
299.977
299.977
299.977
299.977
299.977
299.977
299.977
299.977
299.977
299.977
299.977
299.977
299.977
299.977
299.977
299.977
299.977
299.977
299.977
299.977
299.977
299.977
299.977
299.977
299.977
299.977
299.977
299.977
299.977
299.977
299.977
299.977
299.977
299.977
299.977
299.977
299.977
299.977
299.977
299.977
299.977
299.977
299.977
299.977
299.977
299.977
299.977
299.977
299.977
299.977
299.977
299.977
299.977
299.977
299.977
299.977
299.977
299.977
299.977
299.977
299.977
299.977
299.977
299.977
299.977
299.977
299.977
299.977
299.977
299.977
299.977
299.977
299.977
299.977
299.977
299.977
299.977
299.977
299.977
299.977
299.977
299.977
299.977
299.977
299.977
299.977
299.977
299.977
299.977
299.977
299.977
299.977
299.977
299.977
299.977
299.977
299.977
299.977
299.977
299.977
299.977
299.977
299.977
299.977
299.977
299.977
299.977
299.977
299.977
299.977
299.977
299.977
299.977
299.977
299.977
299.977
299.977
299.977
299.977
299.977
299.977
299.977
299.977
299.977
299.977
299.977
299.977
299.977
305
304.997
305.004
304.997
305.003
304.999
305.001
305.001
304.997
304.993
304.991
304.989
304.988
304.986
304.985
304.983
304.979
304.973
304.965
304.956
304.947
304.939
304.931
304.922
304.912
304.898
304.882
304.866
304.856
304.852
304.855
304.869
304.893
304.918
304.933
304.937
304.939
304.958
305.007
305.092
305.208
305.285
305.119
304.445
303.212
301.784
300.705
300.181
300.017
299.983
299.977
299.977
299.977
299.977
299.977
299.977
299.977
299.977
299.977
299.977
299.977
299.977
299.977
299.977
299.977
299.977
299.977
299.977
299.977
299.977
299.977
299.977
299.977
299.977
299.977
299.977
299.977
299.977
299.977
299.977
299.977
299.977
299.977
299.977
299.977
299.977
299.977
299.977
299.977
299.977
299.977
299.977
299.977
299.977
299.977
299.977
299.977
299.977
299.977
299.977
299.977
299.977
299.977
299.977
299.977
299.977
299.977
299.977
299.977
299.977
299.977
299.977
299.977
299.977
299.977
299.977
299.977
299.977
299.977
299.977
299.977
299.977
299.977
299.977
299.977
299.977
299.977
299.977
299.977
299.977
299.977
299.977
299.977
299.977
299.977
299.977
299.977
299.977
299.977
299.977
299.977
299.977
299.977
299.977
299.977
299.977
299.977
299.977
299.977
299.977
299.977
299.977
299.977
299.977
299.977
299.977
299.977
299.977
299.977
299.977
299.977
299.977
299.977
299.977
299.977
299.977
299.977
299.977
299.977
299.977
299.977
299.977
299.977
299.977
299.977
299.977
299.977
299.977
299.977
299.977
299.977
299.977
299.977
299.977
299.977
299.977
299.977
299.977
299.977
299.977
299.977
299.977
299.977
299.977
299.977
299.977
299.977
299.977
299.977
299.977
)
;

boundaryField
{
    inletTop
    {
        type            fixedValue;
        value           uniform 305;
    }
    inletBottom
    {
        type            fixedValue;
        value           uniform 300;
    }
    outletTop
    {
        type            inletOutlet;
        inletValue      uniform 300;
        value           nonuniform List<scalar> 4(299.979 299.978 299.977 299.977);
    }
    walls
    {
        type            zeroGradient;
    }
    front
    {
        type            empty;
    }
    back
    {
        type            empty;
    }
    outletBottom
    {
        type            inletOutlet;
        inletValue      uniform 300;
        value           nonuniform List<scalar> 4(299.999 299.998 299.997 299.997);
    }
}


// ************************************************************************* //
