/*--------------------------------*- C++ -*----------------------------------*\
  =========                 |
  \\      /  F ield         | OpenFOAM: The Open Source CFD Toolbox
   \\    /   O peration     | Website:  https://openfoam.org
    \\  /    A nd           | Version:  dev
     \\/     M anipulation  |
\*---------------------------------------------------------------------------*/
FoamFile
{
    version     2.0;
    format      ascii;
    class       volScalarField;
    location    "16";
    object      thermo:pSatH2O;
}
// * * * * * * * * * * * * * * * * * * * * * * * * * * * * * * * * * * * * * //

dimensions      [1 -1 -2 0 0 0 0];

internalField   nonuniform List<scalar> 
8000
(
3525.69
3525.69
3525.69
3525.69
3525.68
3525.69
3525.69
3525.68
3525.68
3525.68
3525.68
3525.66
3525.7
3525.69
3525.7
3525.65
3525.68
3525.69
3525.7
3525.62
3525.68
3525.69
3525.69
3525.6
3525.69
3525.69
3525.69
3525.62
3525.67
3525.66
3525.69
3525.62
3525.68
3525.66
3525.68
3525.65
3525.68
3525.65
3525.63
3525.76
3525.64
3525.6
3525.54
3525.76
3525.67
3525.61
3525.46
3525.58
3525.65
3525.67
3525.43
3525.43
3525.56
3525.68
3525.45
3525.4
3525.51
3525.63
3525.46
3525.38
3525.53
3525.58
3525.45
3525.35
3525.57
3525.55
3525.44
3525.32
3525.6
3525.53
3525.42
3525.31
3525.61
3525.53
3525.42
3525.3
3525.62
3525.52
3525.41
3525.3
3525.62
3525.52
3525.41
3525.29
3525.62
3525.52
3525.4
3525.29
3525.62
3525.52
3525.4
3525.28
3525.62
3525.51
3525.4
3525.28
3525.62
3525.51
3525.4
3525.28
3525.62
3525.51
3525.4
3525.28
3525.62
3525.51
3525.39
3525.27
3525.62
3525.51
3525.39
3525.27
3525.62
3525.51
3525.39
3525.27
3525.62
3525.51
3525.39
3525.27
3525.62
3525.51
3525.39
3525.27
3525.62
3525.51
3525.39
3525.27
3525.62
3525.51
3525.39
3525.27
3525.62
3525.51
3525.39
3525.27
3525.62
3525.51
3525.39
3525.27
3525.62
3525.51
3525.39
3525.27
3525.62
3525.51
3525.39
3525.27
3525.62
3525.51
3525.39
3525.27
3525.62
3525.51
3525.39
3525.27
3525.62
3525.51
3525.39
3525.27
3525.62
3525.51
3525.39
3525.26
3525.61
3525.51
3525.39
3525.26
3525.61
3525.51
3525.39
3525.26
3525.61
3525.51
3525.39
3525.26
3525.61
3525.51
3525.39
3525.26
3525.61
3525.51
3525.39
3525.26
3525.61
3525.51
3525.39
3525.26
3525.61
3525.51
3525.39
3525.26
3525.61
3525.51
3525.39
3525.26
3525.61
3525.51
3525.39
3525.26
3525.61
3525.51
3525.39
3525.26
3525.61
3525.51
3525.39
3525.26
3525.61
3525.51
3525.39
3525.26
3525.61
3525.51
3525.39
3525.26
3525.61
3525.51
3525.39
3525.26
3525.61
3525.51
3525.39
3525.26
3525.61
3525.51
3525.39
3525.26
3525.61
3525.51
3525.39
3525.26
3525.61
3525.51
3525.38
3525.26
3525.61
3525.51
3525.38
3525.26
3525.61
3525.51
3525.38
3525.26
3525.61
3525.51
3525.38
3525.26
3525.61
3525.51
3525.38
3525.26
3525.61
3525.51
3525.38
3525.26
3525.61
3525.51
3525.38
3525.26
3525.61
3525.51
3525.38
3525.26
3525.61
3525.51
3525.38
3525.26
3525.61
3525.51
3525.38
3525.26
3525.61
3525.51
3525.38
3525.26
3525.61
3525.51
3525.38
3525.26
3525.61
3525.51
3525.38
3525.26
3525.61
3525.51
3525.38
3525.26
3525.61
3525.51
3525.38
3525.26
3525.61
3525.51
3525.38
3525.26
3525.61
3525.51
3525.38
3525.26
3525.61
3525.51
3525.38
3525.26
3525.61
3525.51
3525.38
3525.26
3525.61
3525.51
3525.38
3525.26
3525.61
3525.51
3525.38
3525.26
3525.61
3525.51
3525.38
3525.26
3525.61
3525.51
3525.38
3525.26
3525.61
3525.51
3525.38
3525.26
3525.61
3525.51
3525.38
3525.26
3525.61
3525.51
3525.38
3525.26
3525.61
3525.51
3525.38
3525.26
3525.61
3525.51
3525.38
3525.26
3525.61
3525.51
3525.38
3525.26
3525.61
3525.5
3525.38
3525.26
3525.61
3525.5
3525.38
3525.26
3525.61
3525.5
3525.38
3525.26
3525.61
3525.5
3525.38
3525.26
3525.61
3525.5
3525.38
3525.26
3525.61
3525.5
3525.38
3525.26
3525.61
3525.5
3525.38
3525.26
3525.61
3525.5
3525.38
3525.26
3525.61
3525.51
3525.38
3525.26
3525.61
3525.51
3525.38
3525.26
3525.61
3525.51
3525.38
3525.26
3525.61
3525.51
3525.38
3525.26
3525.61
3525.51
3525.38
3525.26
3525.61
3525.51
3525.38
3525.26
3525.61
3525.51
3525.38
3525.26
3525.61
3525.51
3525.38
3525.26
3525.61
3525.51
3525.38
3525.26
3525.61
3525.51
3525.38
3525.26
3525.61
3525.51
3525.38
3525.26
3525.61
3525.51
3525.38
3525.26
3525.61
3525.51
3525.38
3525.26
3525.61
3525.51
3525.38
3525.26
3525.61
3525.51
3525.38
3525.26
3525.61
3525.51
3525.38
3525.26
3525.61
3525.51
3525.38
3525.26
3525.61
3525.51
3525.38
3525.26
3525.61
3525.51
3525.38
3525.26
3525.61
3525.51
3525.38
3525.26
3525.61
3525.51
3525.38
3525.26
3525.61
3525.51
3525.38
3525.26
3525.61
3525.51
3525.38
3525.26
3525.61
3525.51
3525.38
3525.26
3525.61
3525.51
3525.38
3525.26
3525.61
3525.51
3525.38
3525.26
3525.61
3525.51
3525.38
3525.26
3525.61
3525.51
3525.38
3525.26
3525.61
3525.51
3525.38
3525.26
3525.61
3525.51
3525.38
3525.26
3525.61
3525.51
3525.39
3525.26
3525.61
3525.51
3525.39
3525.26
3525.61
3525.51
3525.39
3525.26
3525.61
3525.51
3525.39
3525.26
3525.61
3525.51
3525.39
3525.26
3525.61
3525.51
3525.39
3525.26
3525.61
3525.51
3525.39
3525.26
3525.61
3525.51
3525.39
3525.26
3525.61
3525.51
3525.39
3525.26
3525.61
3525.51
3525.39
3525.26
3525.61
3525.51
3525.39
3525.26
3525.61
3525.51
3525.39
3525.26
3525.61
3525.51
3525.39
3525.26
3525.61
3525.51
3525.39
3525.26
3525.61
3525.51
3525.39
3525.26
3525.61
3525.51
3525.39
3525.26
3525.61
3525.51
3525.39
3525.26
3525.61
3525.51
3525.39
3525.26
3525.61
3525.51
3525.39
3525.26
3525.61
3525.51
3525.39
3525.26
3525.61
3525.51
3525.39
3525.26
3525.61
3525.51
3525.39
3525.26
3525.61
3525.51
3525.39
3525.26
3525.61
3525.51
3525.39
3525.26
3525.61
3525.51
3525.39
3525.26
3525.61
3525.51
3525.39
3525.26
3525.61
3525.51
3525.39
3525.26
3525.61
3525.51
3525.39
3525.26
3525.61
3525.51
3525.39
3525.26
3525.61
3525.51
3525.39
3525.26
3525.61
3525.51
3525.39
3525.26
3525.61
3525.51
3525.39
3525.26
3525.61
3525.51
3525.39
3525.26
3525.61
3525.51
3525.38
3525.26
3525.61
3525.51
3525.38
3525.26
3525.61
3525.51
3525.38
3525.26
3525.61
3525.51
3525.38
3525.26
3525.61
3525.51
3525.38
3525.26
3525.61
3525.51
3525.38
3525.26
3525.61
3525.51
3525.38
3525.26
3525.61
3525.51
3525.38
3525.26
3525.61
3525.51
3525.38
3525.26
3525.61
3525.51
3525.38
3525.26
3525.61
3525.51
3525.38
3525.26
3525.61
3525.51
3525.38
3525.26
3525.61
3525.51
3525.38
3525.26
3525.61
3525.51
3525.38
3525.26
3525.61
3525.5
3525.38
3525.26
3525.61
3525.5
3525.38
3525.26
3525.61
3525.5
3525.38
3525.26
3525.61
3525.5
3525.38
3525.26
3525.61
3525.5
3525.38
3525.25
3525.61
3525.5
3525.38
3525.25
3525.61
3525.5
3525.38
3525.25
3525.61
3525.5
3525.38
3525.25
3525.61
3525.5
3525.37
3525.25
3525.61
3525.5
3525.37
3525.25
3525.62
3525.5
3525.37
3525.25
3525.6
3525.5
3525.37
3525.24
3525.63
3525.5
3525.36
3525.25
3525.58
3525.49
3525.38
3525.23
3525.65
3525.5
3525.35
3525.24
3525.57
3525.49
3525.37
3525.22
3525.65
3525.5
3525.34
3525.24
3525.56
3525.48
3525.37
3525.2
3525.66
3525.5
3525.32
3525.23
3525.56
3525.46
3525.36
3525.19
3525.65
3525.5
3525.3
3525.21
3525.55
3525.44
3525.35
3525.17
3525.64
3525.5
3525.28
3525.17
3525.56
3525.41
3525.31
3525.14
3525.63
3525.49
3525.26
3525.11
3525.56
3525.37
3525.24
3525.1
3525.6
3525.44
3525.23
3525.02
3525.55
3525.33
3525.12
3524.98
3525.12
3525.11
3525.1
3525.07
3525.06
3525.14
3525.22
3525.21
3525.22
3525.38
3525.5
3525.51
3525.49
3525.42
3525.33
3525.26
3525.22
3525.2
3525.19
3525.18
3525.18
3525.17
3525.17
3525.16
3525.16
3525.16
3525.15
3525.15
3525.15
3525.15
3525.15
3525.15
3525.15
3525.15
3525.15
3525.14
3525.14
3525.14
3525.14
3525.14
3525.14
3525.14
3525.14
3525.14
3525.14
3525.14
3525.14
3525.14
3525.14
3525.14
3525.14
3525.14
3525.14
3525.14
3525.14
3525.14
3525.14
3525.14
3525.14
3525.14
3525.14
3525.14
3525.14
3525.14
3525.14
3525.14
3525.14
3525.14
3525.14
3525.14
3525.14
3525.14
3525.14
3525.14
3525.14
3525.14
3525.14
3525.14
3525.14
3525.14
3525.14
3525.14
3525.14
3525.14
3525.14
3525.14
3525.14
3525.14
3525.14
3525.14
3525.14
3525.14
3525.14
3525.14
3525.14
3525.14
3525.14
3525.14
3525.14
3525.14
3525.14
3525.14
3525.14
3525.14
3525.14
3525.14
3525.14
3525.14
3525.14
3525.14
3525.14
3525.14
3525.14
3525.14
3525.14
3525.14
3525.14
3525.14
3525.14
3525.14
3525.14
3525.14
3525.14
3525.14
3525.14
3525.14
3525.14
3525.14
3525.14
3525.14
3525.14
3525.14
3525.14
3525.14
3525.14
3525.14
3525.14
3525.14
3525.14
3525.14
3525.14
3525.14
3525.14
3525.14
3525.14
3525.14
3525.14
3525.14
3525.14
3525.14
3525.14
3525.14
3525.14
3525.14
3525.14
3525.14
3525.14
3525.14
3525.14
3525.14
3525.14
3525.14
3525.14
3525.14
3525.14
3525.14
3525.14
3525.14
3525.14
3525.14
3525.14
3525.13
3525.13
3525.13
3525.13
3525.13
3525.13
3525.13
3525.13
3525.12
3525.12
3525.12
3525.12
3525.12
3525.11
3525.11
3525.09
3525.11
3525.08
3525.09
3525.07
3525.07
3525.05
3525.04
3525.02
3524.99
3524.98
3524.92
3524.9
3524.88
3525.01
3525.04
3525.07
3525.11
3525.19
3525.34
3525.44
3525.32
3525.19
3525.25
3525.41
3525.48
3525.45
3525.34
3525.23
3525.16
3525.11
3525.09
3525.08
3525.07
3525.06
3525.05
3525.05
3525.04
3525.04
3525.04
3525.03
3525.03
3525.03
3525.03
3525.03
3525.03
3525.03
3525.02
3525.02
3525.02
3525.02
3525.02
3525.02
3525.02
3525.02
3525.02
3525.02
3525.02
3525.02
3525.02
3525.02
3525.02
3525.02
3525.02
3525.02
3525.02
3525.02
3525.02
3525.02
3525.02
3525.02
3525.02
3525.02
3525.02
3525.02
3525.02
3525.02
3525.02
3525.02
3525.02
3525.02
3525.02
3525.02
3525.02
3525.02
3525.02
3525.02
3525.02
3525.02
3525.02
3525.02
3525.02
3525.02
3525.02
3525.02
3525.02
3525.02
3525.02
3525.02
3525.02
3525.02
3525.02
3525.02
3525.02
3525.02
3525.02
3525.02
3525.02
3525.02
3525.02
3525.02
3525.02
3525.02
3525.02
3525.02
3525.02
3525.02
3525.02
3525.02
3525.02
3525.02
3525.02
3525.02
3525.02
3525.02
3525.02
3525.02
3525.02
3525.02
3525.02
3525.02
3525.02
3525.02
3525.02
3525.02
3525.02
3525.02
3525.02
3525.02
3525.02
3525.02
3525.02
3525.02
3525.02
3525.02
3525.02
3525.02
3525.02
3525.02
3525.02
3525.02
3525.02
3525.02
3525.02
3525.02
3525.02
3525.02
3525.02
3525.02
3525.02
3525.02
3525.02
3525.02
3525.02
3525.02
3525.02
3525.02
3525.02
3525.02
3525.02
3525.02
3525.02
3525.02
3525.02
3525.02
3525.02
3525.02
3525.02
3525.02
3525.01
3525.01
3525.01
3525.01
3525.01
3525.01
3525.01
3525.01
3525.01
3525.01
3525.01
3525
3525
3525
3525
3525
3524.99
3524.99
3524.99
3524.99
3524.98
3524.98
3524.96
3524.97
3524.95
3524.95
3524.93
3524.92
3524.91
3524.88
3524.87
3524.83
3524.82
3524.78
3524.76
3524.86
3524.88
3524.91
3524.98
3525.12
3525.28
3525.34
3525.21
3525.05
3525.06
3525.18
3525.28
3525.29
3525.22
3525.12
3525.04
3525
3524.97
3524.96
3524.95
3524.94
3524.93
3524.93
3524.92
3524.92
3524.92
3524.91
3524.91
3524.91
3524.91
3524.91
3524.9
3524.9
3524.9
3524.9
3524.9
3524.9
3524.9
3524.9
3524.9
3524.9
3524.9
3524.9
3524.9
3524.9
3524.9
3524.9
3524.9
3524.9
3524.9
3524.9
3524.9
3524.9
3524.9
3524.9
3524.9
3524.9
3524.9
3524.9
3524.9
3524.9
3524.9
3524.9
3524.9
3524.9
3524.9
3524.9
3524.9
3524.9
3524.9
3524.9
3524.9
3524.9
3524.9
3524.9
3524.9
3524.9
3524.9
3524.9
3524.9
3524.9
3524.9
3524.9
3524.9
3524.9
3524.9
3524.9
3524.9
3524.9
3524.9
3524.9
3524.9
3524.9
3524.9
3524.9
3524.9
3524.9
3524.9
3524.9
3524.9
3524.9
3524.9
3524.9
3524.9
3524.9
3524.9
3524.9
3524.9
3524.9
3524.9
3524.9
3524.9
3524.9
3524.9
3524.9
3524.9
3524.9
3524.9
3524.9
3524.9
3524.9
3524.9
3524.9
3524.9
3524.9
3524.9
3524.9
3524.9
3524.9
3524.9
3524.9
3524.9
3524.9
3524.9
3524.9
3524.9
3524.9
3524.9
3524.9
3524.9
3524.9
3524.9
3524.9
3524.9
3524.9
3524.9
3524.9
3524.9
3524.9
3524.9
3524.9
3524.9
3524.9
3524.9
3524.9
3524.9
3524.9
3524.9
3524.89
3524.89
3524.89
3524.89
3524.89
3524.89
3524.89
3524.89
3524.89
3524.89
3524.89
3524.89
3524.89
3524.89
3524.89
3524.88
3524.88
3524.88
3524.88
3524.88
3524.88
3524.87
3524.87
3524.87
3524.86
3524.86
3524.86
3524.85
3524.84
3524.84
3524.83
3524.82
3524.81
3524.8
3524.79
3524.77
3524.76
3524.72
3524.72
3524.68
3524.66
3524.66
3524.8
3524.82
3524.87
3524.94
3525.08
3525.24
3525.25
3525.09
3524.94
3524.96
3525.09
3525.2
3525.19
3525.09
3524.98
3524.91
3524.87
3524.85
3524.84
3524.83
3524.82
3524.81
3524.81
3524.8
3524.8
3524.8
3524.79
3524.79
3524.79
3524.79
3524.78
3524.78
3524.78
3524.78
3524.78
3524.78
3524.78
3524.78
3524.78
3524.78
3524.77
3524.77
3524.77
3524.77
3524.77
3524.77
3524.77
3524.77
3524.77
3524.77
3524.77
3524.77
3524.77
3524.77
3524.77
3524.77
3524.77
3524.77
3524.77
3524.77
3524.77
3524.77
3524.77
3524.77
3524.77
3524.77
3524.77
3524.77
3524.77
3524.77
3524.77
3524.77
3524.77
3524.77
3524.77
3524.77
3524.77
3524.77
3524.77
3524.77
3524.77
3524.77
3524.77
3524.77
3524.77
3524.77
3524.77
3524.77
3524.77
3524.77
3524.77
3524.77
3524.77
3524.77
3524.77
3524.77
3524.77
3524.77
3524.77
3524.77
3524.77
3524.77
3524.77
3524.77
3524.77
3524.77
3524.77
3524.77
3524.77
3524.77
3524.77
3524.77
3524.77
3524.77
3524.77
3524.77
3524.77
3524.77
3524.77
3524.77
3524.77
3524.77
3524.77
3524.77
3524.77
3524.77
3524.77
3524.77
3524.77
3524.77
3524.77
3524.77
3524.77
3524.77
3524.77
3524.77
3524.77
3524.77
3524.77
3524.77
3524.77
3524.77
3524.77
3524.77
3524.77
3524.77
3524.77
3524.77
3524.77
3524.77
3524.77
3524.77
3524.77
3524.77
3524.77
3524.77
3524.77
3524.77
3524.77
3524.77
3524.77
3524.77
3524.77
3524.77
3524.77
3524.77
3524.77
3524.77
3524.77
3524.77
3524.76
3524.76
3524.76
3524.76
3524.76
3524.76
3524.76
3524.75
3524.75
3524.75
3524.75
3524.74
3524.74
3524.73
3524.73
3524.72
3524.72
3524.71
3524.7
3524.7
3524.68
3524.68
3524.65
3524.65
3524.62
3524.62
3524.58
3524.57
3524.56
3524.55
3524.6
3524.64
3524.68
3524.75
3524.88
3525.06
3525.16
3525.11
3525.04
3525.06
3525.12
3525.12
3525.03
3524.91
3524.82
3524.77
3524.75
3524.73
3524.72
3524.71
3524.7
3524.69
3524.69
3524.68
3524.68
3524.67
3524.67
3524.67
3524.67
3524.66
3524.66
3524.66
3524.66
3524.66
3524.66
3524.66
3524.65
3524.65
3524.65
3524.65
3524.65
3524.65
3524.65
3524.65
3524.65
3524.65
3524.65
3524.65
3524.65
3524.65
3524.65
3524.65
3524.65
3524.65
3524.65
3524.65
3524.65
3524.65
3524.65
3524.65
3524.65
3524.65
3524.65
3524.65
3524.65
3524.65
3524.65
3524.65
3524.65
3524.65
3524.65
3524.65
3524.65
3524.65
3524.65
3524.65
3524.65
3524.65
3524.65
3524.65
3524.65
3524.65
3524.65
3524.65
3524.65
3524.65
3524.65
3524.65
3524.65
3524.65
3524.65
3524.65
3524.65
3524.65
3524.65
3524.65
3524.65
3524.65
3524.65
3524.65
3524.65
3524.65
3524.65
3524.65
3524.65
3524.65
3524.65
3524.65
3524.65
3524.65
3524.65
3524.65
3524.65
3524.65
3524.65
3524.65
3524.65
3524.65
3524.65
3524.65
3524.65
3524.65
3524.65
3524.65
3524.65
3524.65
3524.65
3524.65
3524.65
3524.65
3524.65
3524.65
3524.65
3524.65
3524.65
3524.65
3524.65
3524.65
3524.65
3524.65
3524.65
3524.65
3524.65
3524.65
3524.65
3524.65
3524.65
3524.65
3524.65
3524.65
3524.65
3524.65
3524.65
3524.65
3524.65
3524.65
3524.65
3524.65
3524.65
3524.65
3524.65
3524.65
3524.65
3524.65
3524.65
3524.65
3524.65
3524.64
3524.64
3524.64
3524.64
3524.64
3524.64
3524.64
3524.64
3524.63
3524.63
3524.63
3524.63
3524.62
3524.62
3524.62
3524.61
3524.61
3524.6
3524.6
3524.59
3524.58
3524.58
3524.57
3524.56
3524.54
3524.54
3524.51
3524.51
3524.48
3524.48
3524.46
3524.44
3524.45
3524.57
3524.56
3524.59
3524.63
3524.7
3524.83
3524.96
3525.01
3525
3525
3524.98
3524.9
3524.8
3524.72
3524.67
3524.64
3524.62
3524.6
3524.59
3524.58
3524.58
3524.57
3524.56
3524.56
3524.56
3524.55
3524.55
3524.55
3524.54
3524.54
3524.54
3524.54
3524.54
3524.53
3524.53
3524.53
3524.53
3524.53
3524.53
3524.53
3524.53
3524.53
3524.53
3524.53
3524.53
3524.53
3524.53
3524.53
3524.53
3524.53
3524.53
3524.53
3524.53
3524.53
3524.53
3524.53
3524.53
3524.53
3524.53
3524.53
3524.53
3524.53
3524.53
3524.53
3524.53
3524.53
3524.53
3524.53
3524.53
3524.53
3524.53
3524.53
3524.53
3524.53
3524.53
3524.53
3524.53
3524.53
3524.53
3524.53
3524.53
3524.53
3524.53
3524.53
3524.53
3524.53
3524.53
3524.53
3524.53
3524.53
3524.53
3524.53
3524.53
3524.53
3524.53
3524.53
3524.53
3524.53
3524.53
3524.53
3524.53
3524.53
3524.53
3524.53
3524.53
3524.53
3524.53
3524.53
3524.53
3524.53
3524.53
3524.53
3524.53
3524.53
3524.53
3524.53
3524.53
3524.53
3524.53
3524.53
3524.53
3524.53
3524.53
3524.53
3524.53
3524.53
3524.53
3524.53
3524.53
3524.53
3524.53
3524.53
3524.53
3524.53
3524.53
3524.53
3524.53
3524.53
3524.53
3524.53
3524.53
3524.53
3524.53
3524.53
3524.53
3524.53
3524.53
3524.53
3524.53
3524.53
3524.53
3524.53
3524.53
3524.53
3524.53
3524.53
3524.53
3524.53
3524.53
3524.53
3524.53
3524.53
3524.53
3524.52
3524.52
3524.52
3524.52
3524.52
3524.52
3524.52
3524.52
3524.52
3524.52
3524.51
3524.51
3524.51
3524.51
3524.51
3524.5
3524.5
3524.5
3524.49
3524.49
3524.48
3524.48
3524.47
3524.47
3524.46
3524.45
3524.45
3524.43
3524.43
3524.41
3524.4
3524.38
3524.37
3524.35
3524.34
3524.34
3524.33
3524.41
3524.43
3524.45
3524.48
3524.53
3524.59
3524.68
3524.74
3524.77
3524.76
3524.71
3524.65
3524.59
3524.55
3524.52
3524.5
3524.49
3524.48
3524.47
3524.46
3524.45
3524.45
3524.44
3524.44
3524.43
3524.43
3524.43
3524.42
3524.42
3524.42
3524.42
3524.42
3524.41
3524.41
3524.41
3524.41
3524.41
3524.41
3524.41
3524.41
3524.41
3524.41
3524.41
3524.41
3524.41
3524.41
3524.41
3524.4
3524.4
3524.4
3524.41
3524.41
3524.41
3524.41
3524.41
3524.41
3524.41
3524.41
3524.41
3524.41
3524.41
3524.41
3524.41
3524.41
3524.41
3524.41
3524.41
3524.41
3524.41
3524.41
3524.41
3524.41
3524.41
3524.41
3524.41
3524.41
3524.41
3524.41
3524.41
3524.41
3524.41
3524.41
3524.41
3524.41
3524.41
3524.41
3524.41
3524.41
3524.41
3524.41
3524.41
3524.41
3524.41
3524.41
3524.41
3524.41
3524.41
3524.41
3524.41
3524.41
3524.41
3524.41
3524.41
3524.41
3524.41
3524.41
3524.41
3524.41
3524.41
3524.41
3524.41
3524.41
3524.41
3524.41
3524.41
3524.41
3524.41
3524.41
3524.41
3524.41
3524.41
3524.41
3524.41
3524.41
3524.41
3524.41
3524.41
3524.41
3524.41
3524.41
3524.41
3524.41
3524.41
3524.41
3524.41
3524.41
3524.41
3524.41
3524.41
3524.41
3524.41
3524.41
3524.41
3524.41
3524.41
3524.41
3524.41
3524.41
3524.41
3524.41
3524.41
3524.41
3524.41
3524.41
3524.41
3524.41
3524.41
3524.41
3524.4
3524.4
3524.4
3524.4
3524.4
3524.4
3524.4
3524.4
3524.4
3524.4
3524.4
3524.4
3524.4
3524.39
3524.39
3524.39
3524.39
3524.39
3524.38
3524.38
3524.38
3524.38
3524.37
3524.37
3524.36
3524.36
3524.35
3524.35
3524.34
3524.34
3524.33
3524.32
3524.31
3524.3
3524.29
3524.27
3524.27
3524.25
3524.24
3524.23
3524.22
3524.23
3524.31
3524.32
3524.33
3524.35
3524.38
3524.42
3524.46
3524.5
3524.51
3524.51
3524.48
3524.45
3524.42
3524.4
3524.39
3524.37
3524.36
3524.35
3524.34
3524.34
3524.33
3524.32
3524.32
3524.31
3524.31
3524.31
3524.3
3524.3
3524.3
3524.3
3524.29
3524.29
3524.29
3524.29
3524.29
3524.29
3524.29
3524.29
3524.28
3524.28
3524.28
3524.28
3524.28
3524.28
3524.28
3524.28
3524.28
3524.28
3524.28
3524.28
3524.28
3524.28
3524.28
3524.28
3524.28
3524.28
3524.28
3524.28
3524.28
3524.28
3524.28
3524.28
3524.28
3524.28
3524.28
3524.28
3524.28
3524.28
3524.28
3524.28
3524.28
3524.28
3524.28
3524.29
3524.29
3524.29
3524.29
3524.29
3524.29
3524.29
3524.29
3524.29
3524.29
3524.29
3524.29
3524.29
3524.29
3524.29
3524.29
3524.29
3524.29
3524.29
3524.29
3524.29
3524.29
3524.29
3524.29
3524.29
3524.29
3524.29
3524.29
3524.29
3524.29
3524.29
3524.29
3524.29
3524.29
3524.29
3524.29
3524.29
3524.29
3524.29
3524.29
3524.29
3524.29
3524.29
3524.29
3524.29
3524.29
3524.29
3524.29
3524.29
3524.29
3524.29
3524.29
3524.29
3524.29
3524.29
3524.29
3524.29
3524.29
3524.29
3524.29
3524.29
3524.29
3524.29
3524.29
3524.29
3524.29
3524.29
3524.29
3524.29
3524.29
3524.29
3524.29
3524.29
3524.29
3524.29
3524.29
3524.29
3524.29
3524.28
3524.28
3524.28
3524.28
3524.28
3524.28
3524.28
3524.28
3524.28
3524.28
3524.28
3524.28
3524.28
3524.28
3524.28
3524.28
3524.28
3524.27
3524.27
3524.27
3524.27
3524.27
3524.27
3524.27
3524.26
3524.26
3524.26
3524.26
3524.25
3524.25
3524.25
3524.24
3524.24
3524.23
3524.23
3524.22
3524.21
3524.2
3524.2
3524.19
3524.18
3524.17
3524.16
3524.14
3524.14
3524.13
3524.12
3524.12
3524.11
3524.19
3524.2
3524.21
3524.22
3524.24
3524.26
3524.28
3524.3
3524.31
3524.31
3524.3
3524.29
3524.28
3524.26
3524.25
3524.24
3524.23
3524.23
3524.22
3524.21
3524.21
3524.2
3524.2
3524.19
3524.19
3524.18
3524.18
3524.18
3524.18
3524.17
3524.17
3524.17
3524.17
3524.17
3524.17
3524.16
3524.16
3524.16
3524.16
3524.16
3524.16
3524.16
3524.16
3524.16
3524.16
3524.16
3524.16
3524.16
3524.16
3524.16
3524.16
3524.16
3524.16
3524.16
3524.16
3524.16
3524.16
3524.16
3524.16
3524.16
3524.16
3524.16
3524.16
3524.16
3524.16
3524.16
3524.16
3524.16
3524.16
3524.16
3524.16
3524.16
3524.16
3524.16
3524.16
3524.16
3524.16
3524.16
3524.16
3524.16
3524.16
3524.16
3524.16
3524.16
3524.16
3524.16
3524.16
3524.16
3524.16
3524.16
3524.16
3524.16
3524.16
3524.16
3524.16
3524.16
3524.16
3524.16
3524.16
3524.16
3524.16
3524.16
3524.16
3524.16
3524.16
3524.16
3524.16
3524.16
3524.16
3524.16
3524.16
3524.16
3524.16
3524.16
3524.16
3524.16
3524.16
3524.16
3524.16
3524.16
3524.16
3524.16
3524.16
3524.16
3524.16
3524.16
3524.16
3524.16
3524.16
3524.16
3524.16
3524.16
3524.16
3524.16
3524.16
3524.16
3524.16
3524.16
3524.16
3524.16
3524.16
3524.16
3524.16
3524.16
3524.16
3524.16
3524.16
3524.16
3524.16
3524.16
3524.16
3524.16
3524.16
3524.16
3524.16
3524.16
3524.16
3524.16
3524.16
3524.16
3524.16
3524.16
3524.16
3524.16
3524.16
3524.16
3524.15
3524.15
3524.15
3524.15
3524.15
3524.15
3524.15
3524.14
3524.14
3524.14
3524.14
3524.14
3524.13
3524.13
3524.13
3524.12
3524.12
3524.11
3524.11
3524.1
3524.1
3524.09
3524.08
3524.07
3524.07
3524.06
3524.05
3524.04
3524.03
3524.02
3524.01
3524.01
3524
3524.01
3524.07
3524.08
3524.08
3524.09
3524.11
3524.12
3524.13
3524.15
3524.15
3524.15
3524.15
3524.15
3524.14
3524.13
3524.12
3524.11
3524.11
3524.1
3524.09
3524.09
3524.08
3524.08
3524.07
3524.07
3524.06
3524.06
3524.06
3524.05
3524.05
3524.05
3524.05
3524.05
3524.04
3524.04
3524.04
3524.04
3524.04
3524.04
3524.04
3524.04
3524.04
3524.04
3524.04
3524.04
3524.04
3524.04
3524.04
3524.04
3524.04
3524.04
3524.04
3524.04
3524.04
3524.04
3524.04
3524.04
3524.04
3524.04
3524.04
3524.04
3524.04
3524.04
3524.04
3524.04
3524.04
3524.04
3524.04
3524.04
3524.04
3524.04
3524.04
3524.04
3524.04
3524.04
3524.04
3524.04
3524.04
3524.04
3524.04
3524.04
3524.04
3524.04
3524.04
3524.04
3524.04
3524.04
3524.04
3524.04
3524.04
3524.04
3524.04
3524.04
3524.04
3524.04
3524.04
3524.04
3524.04
3524.04
3524.04
3524.04
3524.04
3524.04
3524.04
3524.04
3524.04
3524.04
3524.04
3524.04
3524.04
3524.04
3524.04
3524.04
3524.04
3524.04
3524.04
3524.04
3524.04
3524.04
3524.04
3524.04
3524.04
3524.04
3524.04
3524.04
3524.04
3524.04
3524.04
3524.04
3524.04
3524.04
3524.04
3524.04
3524.04
3524.04
3524.04
3524.04
3524.04
3524.04
3524.04
3524.04
3524.04
3524.04
3524.04
3524.04
3524.04
3524.04
3524.04
3524.04
3524.04
3524.04
3524.04
3524.04
3524.04
3524.04
3524.04
3524.04
3524.04
3524.04
3524.04
3524.04
3524.04
3524.04
3524.04
3524.03
3524.03
3524.03
3524.03
3524.03
3524.03
3524.03
3524.03
3524.03
3524.02
3524.02
3524.02
3524.02
3524.02
3524.01
3524.01
3524.01
3524
3524
3523.99
3523.99
3523.99
3523.98
3523.97
3523.97
3523.96
3523.95
3523.95
3523.94
3523.93
3523.92
3523.91
3523.91
3523.9
3523.89
3523.89
3523.89
3523.95
3523.96
3523.96
3523.97
3523.98
3523.99
3524
3524
3524.01
3524.01
3524.01
3524.01
3524
3524
3523.99
3523.98
3523.98
3523.97
3523.97
3523.96
3523.96
3523.95
3523.95
3523.94
3523.94
3523.94
3523.93
3523.93
3523.93
3523.93
3523.92
3523.92
3523.92
3523.92
3523.92
3523.92
3523.92
3523.92
3523.91
3523.91
3523.91
3523.91
3523.91
3523.91
3523.91
3523.91
3523.91
3523.91
3523.91
3523.91
3523.91
3523.91
3523.91
3523.92
3523.92
3523.92
3523.92
3523.92
3523.92
3523.92
3523.92
3523.92
3523.92
3523.92
3523.92
3523.92
3523.92
3523.92
3523.92
3523.92
3523.92
3523.92
3523.92
3523.92
3523.92
3523.92
3523.92
3523.92
3523.92
3523.92
3523.92
3523.92
3523.92
3523.92
3523.92
3523.92
3523.92
3523.92
3523.92
3523.92
3523.92
3523.92
3523.92
3523.92
3523.92
3523.92
3523.92
3523.92
3523.92
3523.92
3523.92
3523.92
3523.92
3523.92
3523.92
3523.92
3523.92
3523.92
3523.92
3523.92
3523.92
3523.92
3523.92
3523.92
3523.92
3523.92
3523.92
3523.92
3523.92
3523.92
3523.92
3523.92
3523.92
3523.92
3523.92
3523.92
3523.92
3523.92
3523.92
3523.92
3523.92
3523.92
3523.92
3523.92
3523.92
3523.92
3523.92
3523.92
3523.92
3523.92
3523.92
3523.92
3523.92
3523.92
3523.92
3523.92
3523.92
3523.92
3523.92
3523.92
3523.92
3523.92
3523.92
3523.92
3523.92
3523.92
3523.92
3523.92
3523.92
3523.92
3523.91
3523.91
3523.91
3523.91
3523.91
3523.91
3523.91
3523.91
3523.91
3523.91
3523.9
3523.9
3523.9
3523.9
3523.9
3523.89
3523.89
3523.89
3523.89
3523.88
3523.88
3523.88
3523.87
3523.87
3523.86
3523.86
3523.85
3523.85
3523.84
3523.83
3523.83
3523.82
3523.81
3523.8
3523.8
3523.79
3523.78
3523.78
3523.77
3523.78
3523.83
3523.83
3523.84
3523.84
3523.85
3523.86
3523.86
3523.87
3523.87
3523.87
3523.87
3523.87
3523.87
3523.87
3523.86
3523.86
3523.85
3523.85
3523.84
3523.84
3523.83
3523.83
3523.82
3523.82
3523.82
3523.81
3523.81
3523.81
3523.8
3523.8
3523.8
3523.8
3523.8
3523.8
3523.79
3523.79
3523.79
3523.79
3523.79
3523.79
3523.79
3523.79
3523.79
3523.79
3523.79
3523.79
3523.79
3523.79
3523.79
3523.79
3523.79
3523.79
3523.79
3523.79
3523.79
3523.79
3523.79
3523.79
3523.79
3523.79
3523.79
3523.79
3523.79
3523.8
3523.8
3523.8
3523.8
3523.8
3523.8
3523.8
3523.8
3523.8
3523.8
3523.8
3523.8
3523.8
3523.8
3523.8
3523.8
3523.8
3523.8
3523.8
3523.8
3523.8
3523.8
3523.8
3523.8
3523.8
3523.8
3523.8
3523.8
3523.8
3523.8
3523.8
3523.8
3523.8
3523.8
3523.8
3523.8
3523.8
3523.8
3523.8
3523.8
3523.8
3523.8
3523.8
3523.8
3523.8
3523.8
3523.8
3523.8
3523.8
3523.8
3523.8
3523.8
3523.8
3523.8
3523.8
3523.8
3523.8
3523.8
3523.8
3523.8
3523.8
3523.8
3523.8
3523.8
3523.8
3523.8
3523.8
3523.8
3523.8
3523.8
3523.8
3523.8
3523.8
3523.8
3523.8
3523.8
3523.8
3523.8
3523.8
3523.8
3523.8
3523.8
3523.8
3523.8
3523.8
3523.8
3523.8
3523.8
3523.8
3523.8
3523.8
3523.8
3523.79
3523.79
3523.79
3523.79
3523.79
3523.79
3523.79
3523.79
3523.79
3523.79
3523.79
3523.79
3523.79
3523.78
3523.78
3523.78
3523.78
3523.78
3523.78
3523.77
3523.77
3523.77
3523.77
3523.76
3523.76
3523.76
3523.75
3523.75
3523.75
3523.74
3523.74
3523.73
3523.73
3523.72
3523.71
3523.71
3523.7
3523.69
3523.69
3523.68
3523.68
3523.67
3523.67
3523.66
3523.67
3523.71
3523.71
3523.72
3523.72
3523.72
3523.73
3523.73
3523.74
3523.74
3523.74
3523.74
3523.74
3523.74
3523.73
3523.73
3523.73
3523.72
3523.72
3523.71
3523.71
3523.71
3523.7
3523.7
3523.69
3523.69
3523.69
3523.69
3523.68
3523.68
3523.68
3523.68
3523.67
3523.67
3523.67
3523.67
3523.67
3523.67
3523.67
3523.67
3523.67
3523.67
3523.67
3523.67
3523.67
3523.67
3523.67
3523.67
3523.67
3523.67
3523.67
3523.67
3523.67
3523.67
3523.67
3523.67
3523.67
3523.67
3523.67
3523.67
3523.67
3523.67
3523.67
3523.67
3523.67
3523.67
3523.67
3523.67
3523.67
3523.67
3523.67
3523.67
3523.67
3523.67
3523.67
3523.67
3523.67
3523.67
3523.67
3523.67
3523.67
3523.67
3523.68
3523.68
3523.68
3523.68
3523.68
3523.68
3523.68
3523.68
3523.68
3523.68
3523.68
3523.68
3523.68
3523.68
3523.68
3523.68
3523.68
3523.68
3523.68
3523.68
3523.68
3523.68
3523.68
3523.68
3523.68
3523.68
3523.68
3523.68
3523.68
3523.68
3523.68
3523.68
3523.68
3523.68
3523.68
3523.68
3523.68
3523.68
3523.68
3523.68
3523.68
3523.68
3523.68
3523.68
3523.68
3523.68
3523.68
3523.68
3523.68
3523.68
3523.68
3523.68
3523.68
3523.68
3523.68
3523.68
3523.68
3523.68
3523.68
3523.68
3523.68
3523.68
3523.68
3523.68
3523.68
3523.68
3523.68
3523.67
3523.67
3523.67
3523.67
3523.67
3523.67
3523.67
3523.67
3523.67
3523.67
3523.67
3523.67
3523.67
3523.67
3523.67
3523.67
3523.67
3523.67
3523.66
3523.66
3523.66
3523.66
3523.66
3523.66
3523.66
3523.65
3523.65
3523.65
3523.65
3523.65
3523.64
3523.64
3523.64
3523.63
3523.63
3523.62
3523.62
3523.62
3523.61
3523.61
3523.6
3523.59
3523.59
3523.58
3523.58
3523.57
3523.57
3523.56
3523.56
3523.55
3523.55
3523.55
3523.59
3523.59
3523.59
3523.59
3523.6
3523.6
3523.6
3523.61
3523.61
3523.61
3523.61
3523.61
3523.61
3523.61
3523.6
3523.6
3523.6
3523.59
3523.59
3523.58
3523.58
3523.58
3523.57
3523.57
3523.57
3523.56
3523.56
3523.56
3523.56
3523.55
3523.55
3523.55
3523.55
3523.55
3523.55
3523.55
3523.55
3523.54
3523.54
3523.54
3523.54
3523.54
3523.54
3523.54
3523.54
3523.54
3523.54
3523.54
3523.55
3523.55
3523.55
3523.55
3523.55
3523.55
3523.55
3523.55
3523.55
3523.55
3523.55
3523.55
3523.55
3523.55
3523.55
3523.55
3523.55
3523.55
3523.55
3523.55
3523.55
3523.55
3523.55
3523.55
3523.55
3523.55
3523.55
3523.55
3523.55
3523.55
3523.55
3523.55
3523.55
3523.55
3523.55
3523.55
3523.55
3523.55
3523.55
3523.55
3523.55
3523.55
3523.55
3523.55
3523.55
3523.55
3523.55
3523.55
3523.55
3523.55
3523.55
3523.55
3523.55
3523.55
3523.55
3523.55
3523.55
3523.55
3523.55
3523.55
3523.55
3523.55
3523.55
3523.55
3523.55
3523.55
3523.55
3523.55
3523.55
3523.55
3523.55
3523.55
3523.55
3523.55
3523.55
3523.55
3523.55
3523.55
3523.55
3523.55
3523.55
3523.55
3523.55
3523.55
3523.55
3523.55
3523.55
3523.55
3523.55
3523.55
3523.55
3523.55
3523.55
3523.55
3523.55
3523.55
3523.55
3523.55
3523.55
3523.55
3523.55
3523.55
3523.55
3523.55
3523.55
3523.55
3523.55
3523.55
3523.55
3523.55
3523.55
3523.55
3523.55
3523.55
3523.55
3523.55
3523.54
3523.54
3523.54
3523.54
3523.54
3523.54
3523.54
3523.54
3523.53
3523.53
3523.53
3523.53
3523.53
3523.52
3523.52
3523.52
3523.51
3523.51
3523.51
3523.5
3523.5
3523.49
3523.49
3523.49
3523.48
3523.48
3523.47
3523.46
3523.46
3523.45
3523.45
3523.45
3523.44
3523.44
3523.44
3523.44
3523.46
3523.47
3523.47
3523.47
3523.47
3523.48
3523.48
3523.48
3523.48
3523.48
3523.48
3523.48
3523.48
3523.48
3523.47
3523.47
3523.47
3523.46
3523.46
3523.46
3523.45
3523.45
3523.45
3523.44
3523.44
3523.44
3523.44
3523.43
3523.43
3523.43
3523.43
3523.43
3523.42
3523.42
3523.42
3523.42
3523.42
3523.42
3523.42
3523.42
3523.42
3523.42
3523.42
3523.42
3523.42
3523.42
3523.42
3523.42
3523.42
3523.42
3523.42
3523.42
3523.42
3523.42
3523.43
3523.43
3523.43
3523.43
3523.43
3523.43
3523.43
3523.43
3523.43
3523.43
3523.43
3523.43
3523.43
3523.43
3523.43
3523.43
3523.43
3523.43
3523.43
3523.43
3523.43
3523.43
3523.43
3523.43
3523.43
3523.43
3523.43
3523.43
3523.43
3523.43
3523.43
3523.43
3523.43
3523.43
3523.43
3523.43
3523.43
3523.43
3523.43
3523.43
3523.43
3523.43
3523.43
3523.43
3523.43
3523.43
3523.43
3523.43
3523.43
3523.43
3523.43
3523.43
3523.43
3523.43
3523.43
3523.43
3523.43
3523.43
3523.43
3523.43
3523.43
3523.43
3523.43
3523.43
3523.43
3523.43
3523.43
3523.43
3523.43
3523.43
3523.43
3523.43
3523.43
3523.43
3523.43
3523.43
3523.43
3523.43
3523.43
3523.43
3523.43
3523.43
3523.43
3523.43
3523.43
3523.43
3523.43
3523.43
3523.43
3523.43
3523.43
3523.43
3523.43
3523.43
3523.43
3523.43
3523.43
3523.43
3523.43
3523.43
3523.43
3523.43
3523.43
3523.43
3523.43
3523.43
3523.43
3523.43
3523.42
3523.42
3523.42
3523.42
3523.42
3523.42
3523.42
3523.42
3523.42
3523.41
3523.41
3523.41
3523.41
3523.41
3523.4
3523.4
3523.4
3523.4
3523.39
3523.39
3523.39
3523.38
3523.38
3523.37
3523.37
3523.37
3523.36
3523.36
3523.35
3523.35
3523.34
3523.34
3523.33
3523.33
3523.33
3523.32
3523.32
3523.33
3523.34
3523.34
3523.34
3523.35
3523.35
3523.35
3523.35
3523.35
3523.35
3523.35
3523.35
3523.35
3523.35
3523.35
3523.35
3523.34
3523.34
3523.34
3523.33
3523.33
3523.33
3523.33
3523.32
3523.32
3523.32
3523.31
3523.31
3523.31
3523.31
3523.31
3523.3
3523.3
3523.3
3523.3
3523.3
3523.3
3523.3
3523.3
3523.3
3523.3
3523.3
3523.3
3523.3
3523.3
3523.3
3523.3
3523.3
3523.3
3523.3
3523.3
3523.3
3523.3
3523.3
3523.3
3523.3
3523.3
3523.3
3523.3
3523.3
3523.31
3523.31
3523.31
3523.31
3523.31
3523.31
3523.31
3523.31
3523.31
3523.31
3523.31
3523.31
3523.31
3523.31
3523.31
3523.31
3523.31
3523.31
3523.31
3523.31
3523.31
3523.31
3523.31
3523.31
3523.31
3523.31
3523.31
3523.31
3523.31
3523.31
3523.31
3523.31
3523.31
3523.31
3523.31
3523.31
3523.31
3523.31
3523.31
3523.31
3523.31
3523.31
3523.31
3523.31
3523.31
3523.31
3523.31
3523.31
3523.31
3523.31
3523.31
3523.31
3523.31
3523.31
3523.31
3523.31
3523.31
3523.31
3523.31
3523.31
3523.31
3523.31
3523.31
3523.31
3523.31
3523.31
3523.31
3523.31
3523.31
3523.31
3523.31
3523.31
3523.31
3523.31
3523.31
3523.31
3523.31
3523.31
3523.31
3523.31
3523.31
3523.31
3523.31
3523.31
3523.31
3523.31
3523.31
3523.31
3523.31
3523.31
3523.31
3523.31
3523.31
3523.31
3523.31
3523.31
3523.31
3523.31
3523.31
3523.31
3523.3
3523.3
3523.3
3523.3
3523.3
3523.3
3523.3
3523.3
3523.3
3523.3
3523.3
3523.29
3523.29
3523.29
3523.29
3523.29
3523.28
3523.28
3523.28
3523.28
3523.27
3523.27
3523.27
3523.27
3523.26
3523.26
3523.25
3523.25
3523.25
3523.24
3523.24
3523.23
3523.23
3523.22
3523.22
3523.22
3523.21
3523.21
3523.21
3523.21
3523.21
3523.22
3523.22
3523.22
3523.22
3523.22
3523.22
3523.22
3523.23
3523.23
3523.23
3523.23
3523.22
3523.22
3523.22
3523.22
3523.22
3523.21
3523.21
3523.21
3523.21
3523.2
3523.2
3523.2
3523.19
3523.19
3523.19
3523.19
3523.18
3523.18
3523.18
3523.18
3523.18
3523.18
3523.17
3523.17
3523.17
3523.17
3523.17
3523.17
3523.17
3523.17
3523.17
3523.17
3523.17
3523.17
3523.17
3523.17
3523.18
3523.18
3523.18
3523.18
3523.18
3523.18
3523.18
3523.18
3523.18
3523.18
3523.18
3523.18
3523.18
3523.18
3523.18
3523.18
3523.18
3523.18
3523.18
3523.19
3523.19
3523.19
3523.19
3523.19
3523.19
3523.19
3523.19
3523.19
3523.19
3523.19
3523.19
3523.19
3523.19
3523.19
3523.19
3523.19
3523.19
3523.19
3523.19
3523.19
3523.19
3523.19
3523.19
3523.19
3523.19
3523.19
3523.19
3523.19
3523.19
3523.19
3523.19
3523.19
3523.19
3523.19
3523.19
3523.19
3523.19
3523.19
3523.19
3523.19
3523.19
3523.19
3523.19
3523.19
3523.19
3523.19
3523.19
3523.19
3523.19
3523.19
3523.19
3523.19
3523.19
3523.19
3523.19
3523.19
3523.19
3523.19
3523.19
3523.19
3523.19
3523.19
3523.19
3523.19
3523.19
3523.19
3523.19
3523.19
3523.19
3523.19
3523.19
3523.19
3523.19
3523.19
3523.19
3523.19
3523.19
3523.19
3523.19
3523.19
3523.19
3523.19
3523.19
3523.19
3523.19
3523.19
3523.19
3523.18
3523.18
3523.18
3523.18
3523.18
3523.18
3523.18
3523.18
3523.18
3523.18
3523.18
3523.18
3523.18
3523.18
3523.17
3523.17
3523.17
3523.17
3523.17
3523.17
3523.17
3523.16
3523.16
3523.16
3523.16
3523.15
3523.15
3523.15
3523.14
3523.14
3523.14
3523.13
3523.13
3523.13
3523.12
3523.12
3523.12
3523.11
3523.11
3523.1
3523.1
3523.1
3523.1
3523.09
3523.09
3523.1
3523.09
3523.1
3523.1
3523.1
3523.1
3523.1
3523.1
3523.1
3523.1
3523.1
3523.1
3523.1
3523.1
3523.09
3523.09
3523.09
3523.09
3523.08
3523.08
3523.08
3523.08
3523.07
3523.07
3523.07
3523.07
3523.06
3523.06
3523.06
3523.06
3523.06
3523.05
3523.05
3523.05
3523.05
3523.05
3523.05
3523.05
3523.05
3523.05
3523.05
3523.05
3523.05
3523.05
3523.05
3523.05
3523.05
3523.05
3523.05
3523.05
3523.05
3523.06
3523.06
3523.06
3523.06
3523.06
3523.06
3523.06
3523.06
3523.06
3523.06
3523.06
3523.06
3523.06
3523.06
3523.06
3523.06
3523.06
3523.06
3523.06
3523.06
3523.06
3523.06
3523.06
3523.06
3523.06
3523.06
3523.06
3523.06
3523.06
3523.06
3523.06
3523.06
3523.06
3523.07
3523.07
3523.07
3523.07
3523.07
3523.07
3523.07
3523.07
3523.07
3523.07
3523.07
3523.07
3523.07
3523.07
3523.07
3523.07
3523.07
3523.07
3523.07
3523.07
3523.07
3523.07
3523.07
3523.07
3523.07
3523.07
3523.07
3523.07
3523.07
3523.07
3523.07
3523.07
3523.07
3523.07
3523.07
3523.07
3523.07
3523.07
3523.07
3523.07
3523.07
3523.07
3523.07
3523.07
3523.07
3523.07
3523.07
3523.07
3523.07
3523.07
3523.07
3523.07
3523.07
3523.07
3523.07
3523.07
3523.07
3523.07
3523.07
3523.07
3523.07
3523.07
3523.07
3523.07
3523.06
3523.06
3523.06
3523.06
3523.06
3523.06
3523.06
3523.06
3523.06
3523.06
3523.06
3523.06
3523.06
3523.06
3523.06
3523.06
3523.06
3523.06
3523.06
3523.06
3523.05
3523.05
3523.05
3523.05
3523.05
3523.05
3523.05
3523.04
3523.04
3523.04
3523.04
3523.04
3523.03
3523.03
3523.03
3523.02
3523.02
3523.02
3523.02
3523.01
3523.01
3523
3523
3523
3522.99
3522.99
3522.99
3522.98
3522.98
3522.98
3522.98
3522.98
3522.98
3522.97
3522.97
3522.97
3522.97
3522.97
3522.97
3522.97
3522.97
3522.97
3522.97
3522.97
3522.97
3522.97
3522.97
3522.97
3522.96
3522.96
3522.96
3522.96
3522.95
3522.95
3522.95
3522.95
3522.94
3522.94
3522.94
3522.94
3522.93
3522.93
3522.93
3522.93
3522.93
3522.93
3522.92
3522.92
3522.92
3522.92
3522.92
3522.92
3522.92
3522.92
3522.92
3522.92
3522.93
3522.93
3522.93
3522.93
3522.93
3522.93
3522.93
3522.93
3522.93
3522.93
3522.93
3522.94
3522.94
3522.94
3522.94
3522.94
3522.94
3522.94
3522.94
3522.94
3522.94
3522.94
3522.94
3522.94
3522.94
3522.94
3522.94
3522.94
3522.94
3522.94
3522.94
3522.94
3522.94
3522.94
3522.94
3522.94
3522.94
3522.94
3522.94
3522.94
3522.94
3522.94
3522.94
3522.94
3522.94
3522.94
3522.94
3522.94
3522.94
3522.94
3522.94
3522.94
3522.94
3522.94
3522.94
3522.94
3522.94
3522.94
3522.94
3522.94
3522.94
3522.94
3522.94
3522.94
3522.94
3522.94
3522.94
3522.94
3522.94
3522.94
3522.94
3522.94
3522.94
3522.94
3522.94
3522.94
3522.94
3522.94
3522.94
3522.94
3522.94
3522.94
3522.94
3522.94
3522.94
3522.94
3522.94
3522.94
3522.94
3522.94
3522.94
3522.94
3522.94
3522.94
3522.94
3522.94
3522.94
3522.94
3522.94
3522.94
3522.94
3522.94
3522.94
3522.94
3522.94
3522.94
3522.94
3522.94
3522.94
3522.94
3522.94
3522.94
3522.94
3522.94
3522.94
3522.94
3522.94
3522.94
3522.94
3522.94
3522.94
3522.94
3522.93
3522.93
3522.93
3522.93
3522.93
3522.93
3522.93
3522.93
3522.92
3522.92
3522.92
3522.92
3522.92
3522.91
3522.91
3522.91
3522.91
3522.9
3522.9
3522.9
3522.9
3522.89
3522.89
3522.89
3522.88
3522.88
3522.88
3522.87
3522.87
3522.87
3522.87
3522.86
3522.86
3522.86
3522.87
3522.85
3522.85
3522.85
3522.85
3522.85
3522.85
3522.85
3522.85
3522.85
3522.85
3522.85
3522.84
3522.84
3522.84
3522.84
3522.84
3522.83
3522.83
3522.83
3522.83
3522.83
3522.82
3522.82
3522.82
3522.82
3522.81
3522.81
3522.81
3522.81
3522.8
3522.8
3522.8
3522.8
3522.8
3522.8
3522.8
3522.8
3522.8
3522.8
3522.8
3522.8
3522.8
3522.8
3522.8
3522.8
3522.8
3522.81
3522.81
3522.81
3522.81
3522.81
3522.81
3522.81
3522.81
3522.81
3522.81
3522.81
3522.82
3522.82
3522.82
3522.82
3522.82
3522.82
3522.82
3522.82
3522.82
3522.82
3522.82
3522.82
3522.82
3522.82
3522.82
3522.82
3522.82
3522.82
3522.82
3522.82
3522.82
3522.82
3522.82
3522.82
3522.82
3522.82
3522.82
3522.82
3522.82
3522.82
3522.82
3522.82
3522.82
3522.82
3522.82
3522.82
3522.82
3522.82
3522.82
3522.82
3522.82
3522.82
3522.82
3522.82
3522.82
3522.82
3522.82
3522.82
3522.82
3522.82
3522.82
3522.82
3522.82
3522.82
3522.82
3522.82
3522.82
3522.82
3522.82
3522.82
3522.82
3522.82
3522.82
3522.82
3522.82
3522.82
3522.82
3522.82
3522.82
3522.82
3522.82
3522.82
3522.82
3522.82
3522.82
3522.82
3522.82
3522.82
3522.82
3522.82
3522.82
3522.82
3522.82
3522.82
3522.82
3522.82
3522.82
3522.82
3522.82
3522.82
3522.82
3522.82
3522.82
3522.82
3522.82
3522.82
3522.82
3522.82
3522.82
3522.82
3522.82
3522.82
3522.82
3522.82
3522.82
3522.82
3522.81
3522.81
3522.81
3522.81
3522.81
3522.81
3522.81
3522.81
3522.81
3522.8
3522.8
3522.8
3522.8
3522.8
3522.8
3522.79
3522.79
3522.79
3522.79
3522.78
3522.78
3522.78
3522.78
3522.77
3522.77
3522.77
3522.76
3522.76
3522.76
3522.76
3522.75
3522.75
3522.75
3522.75
3522.75
3522.75
3522.75
3522.72
3522.72
3522.72
3522.72
3522.72
3522.72
3522.72
3522.72
3522.72
3522.72
3522.72
3522.72
3522.72
3522.71
3522.71
3522.71
3522.71
3522.71
3522.7
3522.7
3522.7
3522.7
3522.69
3522.69
3522.69
3522.69
3522.68
3522.68
3522.68
3522.68
3522.68
3522.68
3522.67
3522.67
3522.67
3522.67
3522.67
3522.67
3522.67
3522.67
3522.67
3522.68
3522.68
3522.68
3522.68
3522.68
3522.68
3522.68
3522.68
3522.69
3522.69
3522.69
3522.69
3522.69
3522.69
3522.69
3522.69
3522.69
3522.69
3522.69
3522.69
3522.7
3522.7
3522.7
3522.7
3522.7
3522.7
3522.7
3522.7
3522.7
3522.7
3522.7
3522.7
3522.7
3522.7
3522.7
3522.7
3522.7
3522.7
3522.7
3522.7
3522.7
3522.7
3522.7
3522.7
3522.7
3522.7
3522.7
3522.7
3522.7
3522.7
3522.7
3522.7
3522.7
3522.7
3522.7
3522.7
3522.7
3522.7
3522.7
3522.7
3522.7
3522.7
3522.7
3522.7
3522.7
3522.7
3522.7
3522.7
3522.7
3522.7
3522.7
3522.7
3522.7
3522.7
3522.7
3522.7
3522.7
3522.7
3522.7
3522.7
3522.7
3522.7
3522.7
3522.7
3522.7
3522.7
3522.7
3522.7
3522.7
3522.7
3522.7
3522.7
3522.7
3522.7
3522.7
3522.7
3522.7
3522.7
3522.7
3522.7
3522.7
3522.7
3522.7
3522.7
3522.7
3522.7
3522.7
3522.7
3522.7
3522.7
3522.7
3522.7
3522.7
3522.7
3522.7
3522.7
3522.7
3522.7
3522.7
3522.69
3522.69
3522.69
3522.69
3522.69
3522.69
3522.69
3522.69
3522.69
3522.69
3522.69
3522.68
3522.68
3522.68
3522.68
3522.68
3522.68
3522.68
3522.67
3522.67
3522.67
3522.67
3522.66
3522.66
3522.66
3522.66
3522.65
3522.65
3522.65
3522.65
3522.64
3522.64
3522.64
3522.64
3522.64
3522.63
3522.63
3522.63
3522.63
3522.63
3522.6
3522.6
3522.6
3522.6
3522.6
3522.6
3522.6
3522.6
3522.6
3522.6
3522.59
3522.59
3522.59
3522.59
3522.59
3522.58
3522.58
3522.58
3522.58
3522.58
3522.57
3522.57
3522.57
3522.57
3522.56
3522.56
3522.56
3522.56
3522.56
3522.55
3522.55
3522.55
3522.55
3522.55
3522.55
3522.55
3522.55
3522.55
3522.55
3522.55
3522.55
3522.55
3522.55
3522.55
3522.56
3522.56
3522.56
3522.56
3522.56
3522.56
3522.56
3522.57
3522.57
3522.57
3522.57
3522.57
3522.57
3522.57
3522.57
3522.57
3522.57
3522.57
3522.57
3522.57
3522.57
3522.57
3522.58
3522.58
3522.58
3522.58
3522.58
3522.58
3522.58
3522.58
3522.58
3522.58
3522.58
3522.58
3522.58
3522.58
3522.58
3522.58
3522.58
3522.58
3522.58
3522.58
3522.58
3522.58
3522.58
3522.58
3522.58
3522.58
3522.58
3522.58
3522.58
3522.58
3522.58
3522.58
3522.58
3522.58
3522.58
3522.58
3522.58
3522.58
3522.58
3522.58
3522.58
3522.58
3522.58
3522.58
3522.58
3522.58
3522.58
3522.58
3522.58
3522.58
3522.58
3522.58
3522.58
3522.58
3522.58
3522.58
3522.58
3522.58
3522.58
3522.58
3522.58
3522.58
3522.58
3522.58
3522.58
3522.58
3522.58
3522.58
3522.58
3522.58
3522.58
3522.58
3522.58
3522.58
3522.58
3522.58
3522.58
3522.58
3522.58
3522.58
3522.58
3522.58
3522.58
3522.58
3522.58
3522.58
3522.58
3522.58
3522.58
3522.58
3522.57
3522.57
3522.57
3522.57
3522.57
3522.57
3522.57
3522.57
3522.57
3522.57
3522.57
3522.57
3522.57
3522.57
3522.56
3522.56
3522.56
3522.56
3522.56
3522.56
3522.56
3522.55
3522.55
3522.55
3522.55
3522.55
3522.54
3522.54
3522.54
3522.54
3522.54
3522.53
3522.53
3522.53
3522.53
3522.52
3522.52
3522.52
3522.52
3522.52
3522.52
3522.52
3522.52
3522.52
3522.48
3522.48
3522.48
3522.48
3522.48
3522.48
3522.47
3522.47
3522.47
3522.47
3522.47
3522.47
3522.46
3522.46
3522.46
3522.46
3522.46
3522.45
3522.45
3522.45
3522.45
3522.45
3522.44
3522.44
3522.44
3522.44
3522.43
3522.43
3522.43
3522.43
3522.43
3522.42
3522.42
3522.42
3522.42
3522.42
3522.42
3522.42
3522.42
3522.42
3522.42
3522.43
3522.43
3522.43
3522.43
3522.43
3522.44
3522.44
3522.44
3522.44
3522.44
3522.44
3522.44
3522.45
3522.45
3522.45
3522.45
3522.45
3522.45
3522.45
3522.45
3522.45
3522.45
3522.45
3522.45
3522.45
3522.45
3522.45
3522.45
3522.45
3522.45
3522.45
3522.45
3522.45
3522.45
3522.45
3522.45
3522.45
3522.45
3522.45
3522.45
3522.46
3522.46
3522.46
3522.46
3522.46
3522.46
3522.46
3522.46
3522.46
3522.46
3522.46
3522.46
3522.46
3522.46
3522.46
3522.46
3522.46
3522.46
3522.46
3522.46
3522.46
3522.46
3522.46
3522.46
3522.46
3522.46
3522.46
3522.46
3522.46
3522.46
3522.46
3522.46
3522.46
3522.46
3522.46
3522.46
3522.46
3522.46
3522.46
3522.46
3522.46
3522.46
3522.46
3522.46
3522.46
3522.46
3522.46
3522.46
3522.46
3522.46
3522.46
3522.46
3522.46
3522.46
3522.46
3522.46
3522.46
3522.46
3522.46
3522.46
3522.46
3522.46
3522.46
3522.46
3522.46
3522.46
3522.46
3522.46
3522.46
3522.45
3522.45
3522.45
3522.45
3522.45
3522.45
3522.45
3522.45
3522.45
3522.45
3522.45
3522.45
3522.45
3522.45
3522.45
3522.45
3522.45
3522.45
3522.45
3522.44
3522.44
3522.44
3522.44
3522.44
3522.44
3522.44
3522.44
3522.43
3522.43
3522.43
3522.43
3522.43
3522.43
3522.42
3522.42
3522.42
3522.42
3522.41
3522.41
3522.41
3522.41
3522.41
3522.41
3522.4
3522.4
3522.4
3522.4
3522.4
3522.4
3522.4
3522.35
3522.34
3522.35
3522.35
3522.35
3522.35
3522.35
3522.35
3522.35
3522.35
3522.34
3522.34
3522.34
3522.34
3522.34
3522.33
3522.33
3522.33
3522.33
3522.32
3522.32
3522.32
3522.32
3522.31
3522.31
3522.31
3522.31
3522.31
3522.3
3522.3
3522.3
3522.3
3522.3
3522.3
3522.29
3522.29
3522.29
3522.3
3522.3
3522.3
3522.3
3522.3
3522.3
3522.31
3522.31
3522.31
3522.31
3522.31
3522.32
3522.32
3522.32
3522.32
3522.32
3522.32
3522.32
3522.33
3522.33
3522.33
3522.33
3522.33
3522.33
3522.33
3522.33
3522.33
3522.33
3522.33
3522.33
3522.33
3522.33
3522.33
3522.33
3522.33
3522.33
3522.33
3522.33
3522.33
3522.33
3522.33
3522.33
3522.33
3522.33
3522.33
3522.33
3522.33
3522.33
3522.33
3522.33
3522.33
3522.33
3522.33
3522.33
3522.33
3522.33
3522.33
3522.33
3522.33
3522.33
3522.33
3522.33
3522.33
3522.33
3522.33
3522.33
3522.33
3522.33
3522.33
3522.33
3522.33
3522.33
3522.33
3522.33
3522.33
3522.33
3522.33
3522.33
3522.33
3522.33
3522.33
3522.33
3522.33
3522.33
3522.33
3522.33
3522.33
3522.33
3522.33
3522.33
3522.33
3522.33
3522.33
3522.33
3522.33
3522.33
3522.33
3522.33
3522.33
3522.33
3522.33
3522.33
3522.33
3522.33
3522.33
3522.33
3522.33
3522.33
3522.33
3522.33
3522.33
3522.33
3522.33
3522.33
3522.33
3522.33
3522.33
3522.33
3522.33
3522.33
3522.33
3522.33
3522.33
3522.33
3522.33
3522.33
3522.33
3522.33
3522.33
3522.33
3522.33
3522.32
3522.32
3522.32
3522.32
3522.32
3522.32
3522.32
3522.32
3522.32
3522.31
3522.31
3522.31
3522.31
3522.31
3522.31
3522.3
3522.3
3522.3
3522.3
3522.3
3522.29
3522.29
3522.29
3522.29
3522.29
3522.29
3522.29
3522.28
3522.28
3522.28
3522.28
3522.29
3522.22
3522.3
3522.28
3522.27
3522.25
3522.24
3522.22
3522.22
3522.22
3522.22
3522.22
3522.21
3522.21
3522.21
3522.21
3522.21
3522.2
3522.2
3522.2
3522.2
3522.2
3522.19
3522.19
3522.19
3522.19
3522.18
3522.18
3522.18
3522.18
3522.18
3522.17
3522.17
3522.17
3522.17
3522.17
3522.17
3522.17
3522.17
3522.17
3522.17
3522.17
3522.18
3522.18
3522.18
3522.18
3522.19
3522.19
3522.19
3522.19
3522.2
3522.2
3522.2
3522.2
3522.2
3522.2
3522.2
3522.2
3522.21
3522.21
3522.21
3522.21
3522.21
3522.21
3522.21
3522.21
3522.21
3522.21
3522.21
3522.21
3522.21
3522.21
3522.21
3522.21
3522.21
3522.21
3522.21
3522.21
3522.21
3522.21
3522.21
3522.21
3522.21
3522.21
3522.21
3522.21
3522.21
3522.21
3522.21
3522.21
3522.21
3522.21
3522.21
3522.21
3522.21
3522.21
3522.21
3522.21
3522.21
3522.21
3522.21
3522.21
3522.21
3522.21
3522.21
3522.21
3522.21
3522.21
3522.21
3522.21
3522.21
3522.21
3522.21
3522.21
3522.21
3522.21
3522.21
3522.21
3522.21
3522.21
3522.21
3522.21
3522.21
3522.21
3522.21
3522.21
3522.21
3522.21
3522.21
3522.21
3522.21
3522.21
3522.21
3522.21
3522.21
3522.21
3522.21
3522.21
3522.21
3522.21
3522.21
3522.21
3522.21
3522.21
3522.21
3522.21
3522.21
3522.21
3522.21
3522.21
3522.21
3522.21
3522.21
3522.21
3522.21
3522.21
3522.21
3522.21
3522.21
3522.21
3522.21
3522.21
3522.21
3522.21
3522.21
3522.21
3522.21
3522.2
3522.2
3522.2
3522.2
3522.2
3522.2
3522.2
3522.2
3522.2
3522.2
3522.19
3522.19
3522.19
3522.19
3522.19
3522.19
3522.19
3522.18
3522.18
3522.18
3522.18
3522.18
3522.18
3522.17
3522.17
3522.17
3522.17
3522.17
3522.17
3522.17
3522.17
3522.17
3522.17
3522.17
3522.15
3521.73
3521.78
3521.78
3521.81
3521.98
3522.11
3522.13
3522.12
3522.11
3522.1
3522.1
3522.09
3522.09
3522.08
3522.08
3522.08
3522.08
3522.07
3522.07
3522.07
3522.07
3522.07
3522.06
3522.06
3522.06
3522.06
3522.05
3522.05
3522.05
3522.05
3522.05
3522.05
3522.05
3522.05
3522.06
3522.06
3522.06
3522.05
3522.05
3522.05
3522.05
3522.06
3522.06
3522.06
3522.06
3522.07
3522.07
3522.07
3522.07
3522.08
3522.08
3522.08
3522.08
3522.08
3522.08
3522.08
3522.08
3522.08
3522.09
3522.09
3522.09
3522.09
3522.09
3522.09
3522.09
3522.09
3522.09
3522.09
3522.09
3522.09
3522.09
3522.09
3522.09
3522.09
3522.09
3522.09
3522.09
3522.09
3522.09
3522.09
3522.09
3522.09
3522.09
3522.09
3522.09
3522.09
3522.09
3522.09
3522.09
3522.09
3522.09
3522.09
3522.09
3522.09
3522.09
3522.09
3522.09
3522.09
3522.09
3522.09
3522.09
3522.09
3522.09
3522.09
3522.09
3522.09
3522.09
3522.09
3522.09
3522.09
3522.09
3522.09
3522.09
3522.09
3522.09
3522.09
3522.09
3522.09
3522.09
3522.09
3522.09
3522.09
3522.09
3522.09
3522.09
3522.09
3522.09
3522.09
3522.09
3522.09
3522.09
3522.09
3522.09
3522.09
3522.09
3522.09
3522.09
3522.09
3522.09
3522.09
3522.09
3522.09
3522.09
3522.09
3522.09
3522.09
3522.09
3522.09
3522.09
3522.09
3522.09
3522.09
3522.09
3522.09
3522.09
3522.09
3522.09
3522.09
3522.09
3522.09
3522.09
3522.09
3522.09
3522.08
3522.08
3522.08
3522.08
3522.08
3522.08
3522.08
3522.08
3522.08
3522.08
3522.08
3522.08
3522.07
3522.07
3522.07
3522.07
3522.07
3522.07
3522.07
3522.06
3522.06
3522.06
3522.06
3522.06
3522.06
3522.06
3522.05
3522.05
3522.05
3522.05
3522.05
3522.05
3522.05
3522.05
3522.05
3522.05
3521.98
3522.78
3523.41
3524.02
3524.88
3523.33
3521.98
3521.77
3521.81
3521.86
3521.89
3521.91
3521.93
3521.94
3521.95
3521.95
3521.95
3521.95
3521.95
3521.95
3521.95
3521.95
3521.94
3521.94
3521.94
3521.94
3521.94
3521.94
3521.95
3521.95
3521.97
3521.98
3522
3522.02
3522.04
3522.05
3522.05
3522.04
3522.02
3521.99
3521.97
3521.95
3521.94
3521.94
3521.94
3521.94
3521.94
3521.95
3521.95
3521.95
3521.95
3521.96
3521.96
3521.96
3521.96
3521.96
3521.96
3521.96
3521.96
3521.96
3521.96
3521.96
3521.96
3521.97
3521.97
3521.97
3521.97
3521.97
3521.97
3521.97
3521.97
3521.97
3521.97
3521.97
3521.97
3521.97
3521.97
3521.97
3521.97
3521.97
3521.97
3521.97
3521.97
3521.97
3521.97
3521.97
3521.97
3521.97
3521.97
3521.97
3521.97
3521.97
3521.97
3521.97
3521.97
3521.97
3521.97
3521.97
3521.97
3521.97
3521.97
3521.97
3521.97
3521.97
3521.97
3521.97
3521.97
3521.97
3521.97
3521.97
3521.97
3521.97
3521.97
3521.97
3521.97
3521.97
3521.97
3521.97
3521.97
3521.97
3521.97
3521.97
3521.97
3521.97
3521.97
3521.97
3521.97
3521.97
3521.97
3521.97
3521.97
3521.97
3521.97
3521.97
3521.97
3521.97
3521.97
3521.97
3521.97
3521.97
3521.97
3521.97
3521.97
3521.97
3521.97
3521.97
3521.97
3521.97
3521.97
3521.97
3521.97
3521.97
3521.97
3521.97
3521.97
3521.97
3521.97
3521.97
3521.97
3521.97
3521.97
3521.96
3521.96
3521.96
3521.96
3521.96
3521.96
3521.96
3521.96
3521.96
3521.96
3521.96
3521.96
3521.96
3521.96
3521.96
3521.95
3521.95
3521.95
3521.95
3521.95
3521.95
3521.95
3521.95
3521.94
3521.94
3521.94
3521.94
3521.94
3521.94
3521.94
3521.94
3521.94
3521.93
3521.93
3521.93
3521.93
3521.93
3521.94
3521.94
3521.28
3506.45
3514.28
3511.7
3498.94
3511.02
3521.65
3523.02
3522.8
3522.54
3522.34
3522.19
3522.08
3522
3521.94
3521.89
3521.86
3521.84
3521.83
3521.82
3521.81
3521.81
3521.82
3521.83
3521.84
3521.86
3521.89
3521.92
3521.98
3522.05
3522.14
3522.25
3522.39
3522.54
3522.67
3522.78
3522.82
3522.76
3522.62
3522.42
3522.19
3522.01
3521.89
3521.84
3521.82
3521.82
3521.82
3521.83
3521.83
3521.83
3521.83
3521.83
3521.84
3521.84
3521.84
3521.84
3521.84
3521.84
3521.84
3521.84
3521.84
3521.84
3521.84
3521.84
3521.84
3521.84
3521.84
3521.84
3521.84
3521.84
3521.84
3521.85
3521.85
3521.85
3521.85
3521.85
3521.85
3521.85
3521.85
3521.85
3521.85
3521.85
3521.85
3521.85
3521.85
3521.85
3521.85
3521.85
3521.85
3521.85
3521.85
3521.85
3521.85
3521.85
3521.85
3521.85
3521.85
3521.85
3521.85
3521.85
3521.85
3521.85
3521.85
3521.85
3521.85
3521.85
3521.85
3521.85
3521.85
3521.85
3521.85
3521.85
3521.85
3521.85
3521.85
3521.85
3521.85
3521.85
3521.85
3521.85
3521.85
3521.85
3521.85
3521.85
3521.85
3521.85
3521.85
3521.85
3521.85
3521.85
3521.85
3521.85
3521.85
3521.85
3521.85
3521.85
3521.85
3521.85
3521.85
3521.85
3521.85
3521.85
3521.85
3521.85
3521.85
3521.85
3521.85
3521.85
3521.85
3521.85
3521.85
3521.85
3521.85
3521.85
3521.85
3521.85
3521.84
3521.84
3521.84
3521.84
3521.84
3521.84
3521.84
3521.84
3521.84
3521.84
3521.84
3521.84
3521.84
3521.84
3521.84
3521.84
3521.84
3521.84
3521.84
3521.83
3521.83
3521.83
3521.83
3521.83
3521.83
3521.83
3521.83
3521.83
3521.83
3521.82
3521.82
3521.82
3521.82
3521.82
3521.82
3521.82
3521.82
3521.82
3521.82
3521.82
3521.82
3521.82
3521.82
3521.82
3528.37
3447.95
3515.08
3525.49
3613.96
3578.68
3525.03
3516.48
3517.5
3518.39
3519.1
3519.74
3520.28
3520.72
3521.04
3521.29
3521.47
3521.61
3521.72
3521.8
3521.87
3521.93
3521.98
3522.04
3522.11
3522.21
3522.35
3522.56
3522.85
3523.25
3523.77
3524.41
3525.15
3525.96
3526.74
3527.36
3527.67
3527.54
3526.89
3525.81
3524.51
3523.29
3522.42
3521.95
3521.77
3521.71
3521.7
3521.71
3521.71
3521.71
3521.71
3521.71
3521.72
3521.72
3521.72
3521.72
3521.72
3521.72
3521.72
3521.72
3521.72
3521.72
3521.72
3521.72
3521.72
3521.72
3521.72
3521.72
3521.72
3521.72
3521.72
3521.72
3521.72
3521.72
3521.72
3521.72
3521.72
3521.72
3521.72
3521.72
3521.72
3521.72
3521.72
3521.72
3521.72
3521.72
3521.72
3521.72
3521.72
3521.72
3521.72
3521.72
3521.72
3521.72
3521.72
3521.72
3521.72
3521.72
3521.72
3521.72
3521.72
3521.72
3521.72
3521.72
3521.72
3521.72
3521.72
3521.72
3521.72
3521.72
3521.72
3521.72
3521.72
3521.72
3521.72
3521.72
3521.72
3521.72
3521.72
3521.72
3521.72
3521.72
3521.72
3521.72
3521.72
3521.72
3521.73
3521.73
3521.73
3521.73
3521.73
3521.73
3521.73
3521.73
3521.73
3521.73
3521.73
3521.73
3521.73
3521.73
3521.73
3521.73
3521.73
3521.72
3521.72
3521.72
3521.72
3521.72
3521.72
3521.72
3521.72
3521.72
3521.72
3521.72
3521.72
3521.72
3521.72
3521.72
3521.72
3521.72
3521.72
3521.72
3521.72
3521.72
3521.72
3521.72
3521.72
3521.72
3521.72
3521.72
3521.72
3521.72
3521.72
3521.72
3521.72
3521.71
3521.71
3521.71
3521.71
3521.71
3521.71
3521.71
3521.71
3521.71
3521.71
3521.71
3521.7
3521.7
3521.7
3521.7
3521.7
3521.7
3521.7
3521.7
3521.7
3521.7
3521.7
3521.7
3521.7
3521.71
3435.67
3269.2
3409.02
3252.59
3278.6
3431.09
3519.96
3537.21
3534.44
3533.66
3532.54
3530.62
3528.47
3526.6
3525.19
3524.15
3523.38
3522.82
3522.4
3522.13
3522.01
3522.03
3522.21
3522.54
3523.05
3523.75
3524.68
3525.88
3527.4
3529.3
3531.62
3534.39
3537.55
3540.96
3544.29
3547.11
3548.85
3548.9
3546.89
3542.82
3537.27
3531.41
3526.56
3523.54
3522.17
3521.72
3521.61
3521.59
3521.59
3521.59
3521.59
3521.59
3521.59
3521.6
3521.6
3521.6
3521.6
3521.6
3521.6
3521.6
3521.6
3521.6
3521.6
3521.6
3521.6
3521.6
3521.6
3521.6
3521.6
3521.6
3521.6
3521.6
3521.6
3521.6
3521.6
3521.6
3521.6
3521.6
3521.6
3521.6
3521.6
3521.6
3521.6
3521.6
3521.6
3521.6
3521.6
3521.6
3521.6
3521.6
3521.6
3521.6
3521.6
3521.6
3521.6
3521.6
3521.6
3521.6
3521.6
3521.6
3521.6
3521.6
3521.6
3521.6
3521.6
3521.6
3521.6
3521.6
3521.6
3521.6
3521.6
3521.6
3521.6
3521.6
3521.6
3521.6
3521.6
3521.6
3521.6
3521.6
3521.6
3521.6
3521.6
3521.6
3521.6
3521.6
3521.6
3521.6
3521.6
3521.6
3521.6
3521.6
3521.6
3521.6
3521.6
3521.6
3521.6
3521.6
3521.6
3521.6
3521.6
3521.6
3521.6
3521.6
3521.6
3521.6
3521.6
3521.6
3521.6
3521.6
3521.6
3521.6
3521.6
3521.6
3521.6
3521.6
3521.6
3521.6
3521.6
3521.6
3521.6
3521.6
3521.6
3521.6
3521.6
3521.6
3521.6
3521.6
3521.6
3521.6
3521.6
3521.6
3521.6
3521.6
3521.59
3521.59
3521.59
3521.59
3521.59
3521.59
3521.59
3521.59
3521.59
3521.59
3521.59
3521.59
3521.59
3521.58
3521.58
3521.58
3521.58
3521.58
3521.58
3521.58
3521.58
3521.58
3521.58
3521.59
3521.59
3521.59
3109.41
3680.48
3257.12
3866.58
3775.82
3706.76
3615.73
3474.77
3485.05
3487.08
3486.18
3490.86
3497.73
3504.19
3509.43
3513.65
3517.16
3520.23
3523
3525.53
3527.8
3529.84
3531.71
3533.5
3535.36
3537.45
3539.98
3543.25
3547.55
3553.13
3560.22
3568.81
3578.74
3589.53
3600.36
3610.08
3617.11
3619.6
3615.94
3605.33
3588.4
3567.73
3547.77
3533.13
3525.38
3522.47
3521.67
3521.5
3521.47
3521.47
3521.47
3521.47
3521.47
3521.47
3521.48
3521.48
3521.48
3521.48
3521.48
3521.48
3521.48
3521.48
3521.48
3521.48
3521.48
3521.48
3521.48
3521.48
3521.48
3521.48
3521.48
3521.48
3521.48
3521.48
3521.48
3521.48
3521.48
3521.48
3521.48
3521.48
3521.48
3521.48
3521.48
3521.48
3521.48
3521.48
3521.48
3521.48
3521.48
3521.48
3521.48
3521.48
3521.48
3521.48
3521.48
3521.48
3521.48
3521.48
3521.48
3521.48
3521.48
3521.48
3521.48
3521.48
3521.48
3521.48
3521.48
3521.48
3521.48
3521.48
3521.48
3521.48
3521.48
3521.48
3521.48
3521.48
3521.48
3521.48
3521.48
3521.48
3521.48
3521.48
3521.48
3521.48
3521.48
3521.48
3521.48
3521.48
3521.48
3521.48
3521.48
3521.48
3521.48
3521.48
3521.48
3521.48
3521.48
3521.48
3521.48
3521.48
3521.48
3521.48
3521.48
3521.48
3521.48
3521.48
3521.48
3521.48
3521.48
3521.48
3521.48
3521.48
3521.48
3521.48
3521.48
3521.48
3521.48
3521.48
3521.48
3521.48
3521.48
3521.48
3521.48
3521.48
3521.48
3521.48
3521.48
3521.48
3521.48
3521.48
3521.48
3521.48
3521.48
3521.48
3521.47
3521.47
3521.47
3521.47
3521.47
3521.47
3521.47
3521.47
3521.47
3521.47
3521.47
3521.47
3521.47
3521.47
3521.47
3521.47
3521.46
3521.46
3521.46
3521.46
3521.46
3521.47
3521.47
3521.47
3521.47
3521.47
3501.01
3512.19
3369.47
3280.88
3233.15
3192.58
3340.37
3568.35
3536.58
3565.35
3603.52
3604.93
3598.53
3591.01
3583.74
3576.71
3569.93
3563.58
3557.93
3553.39
3550.23
3548.42
3548.01
3549.18
3552.24
3557.64
3565.75
3576.87
3591.16
3608.65
3629.16
3652.38
3677.81
3704.63
3731.66
3757.16
3778.43
3791.54
3791.74
3775.04
3739.72
3687.98
3628.18
3575.28
3541.89
3527.23
3522.65
3521.58
3521.38
3521.35
3521.35
3521.35
3521.35
3521.35
3521.35
3521.36
3521.36
3521.36
3521.36
3521.36
3521.36
3521.36
3521.36
3521.36
3521.36
3521.36
3521.36
3521.36
3521.36
3521.36
3521.36
3521.36
3521.36
3521.36
3521.36
3521.36
3521.36
3521.36
3521.36
3521.36
3521.36
3521.36
3521.36
3521.36
3521.36
3521.36
3521.36
3521.36
3521.36
3521.36
3521.36
3521.36
3521.36
3521.36
3521.36
3521.36
3521.36
3521.36
3521.36
3521.36
3521.36
3521.36
3521.36
3521.36
3521.36
3521.36
3521.36
3521.36
3521.36
3521.36
3521.36
3521.36
3521.36
3521.36
3521.36
3521.36
3521.36
3521.36
3521.36
3521.36
3521.36
3521.36
3521.36
3521.36
3521.36
3521.36
3521.36
3521.36
3521.36
3521.36
3521.36
3521.36
3521.36
3521.36
3521.36
3521.36
3521.36
3521.36
3521.36
3521.36
3521.36
3521.36
3521.36
3521.36
3521.36
3521.36
3521.36
3521.36
3521.36
3521.36
3521.36
3521.36
3521.36
3521.36
3521.36
3521.36
3521.36
3521.36
3521.36
3521.36
3521.36
3521.36
3521.36
3521.36
3521.36
3521.36
3521.36
3521.36
3521.36
3521.36
3521.36
3521.36
3521.36
3521.35
3521.35
3521.35
3521.35
3521.35
3521.35
3521.35
3521.35
3521.35
3521.35
3521.35
3521.35
3521.35
3521.35
3521.35
3521.35
3521.35
3521.35
3521.35
3521.35
3521.35
3521.35
3521.35
3521.35
3521.35
3521.35
3521.36
4897.85
4575.22
4792.15
4731.1
4601.64
4544.26
4239.07
3778.6
3332.81
3283.09
3419.19
3485.47
3507.85
3518.55
3524.8
3529.44
3535.42
3545.62
3561.39
3580.53
3599.24
3615.76
3630.68
3645.17
3660.17
3676.31
3693.96
3713.48
3735.21
3759.61
3787.1
3817.92
3852.25
3890.18
3931.91
3977.48
4025.16
4069.15
4098.08
4098.43
4060.5
3978.79
3854.21
3713.63
3604.87
3548.28
3527.87
3522.51
3521.43
3521.26
3521.23
3521.23
3521.23
3521.23
3521.23
3521.23
3521.24
3521.24
3521.24
3521.24
3521.24
3521.24
3521.24
3521.24
3521.24
3521.24
3521.24
3521.24
3521.24
3521.24
3521.24
3521.24
3521.24
3521.24
3521.24
3521.24
3521.24
3521.24
3521.24
3521.24
3521.24
3521.24
3521.24
3521.24
3521.24
3521.24
3521.24
3521.24
3521.24
3521.24
3521.24
3521.24
3521.24
3521.24
3521.24
3521.24
3521.24
3521.24
3521.24
3521.24
3521.24
3521.24
3521.24
3521.24
3521.24
3521.24
3521.24
3521.24
3521.24
3521.24
3521.24
3521.24
3521.24
3521.24
3521.24
3521.24
3521.24
3521.24
3521.24
3521.24
3521.24
3521.24
3521.24
3521.24
3521.24
3521.24
3521.24
3521.24
3521.24
3521.24
3521.24
3521.24
3521.24
3521.24
3521.24
3521.24
3521.24
3521.24
3521.24
3521.24
3521.24
3521.24
3521.24
3521.24
3521.24
3521.24
3521.24
3521.24
3521.24
3521.24
3521.24
3521.24
3521.24
3521.24
3521.24
3521.24
3521.24
3521.24
3521.24
3521.24
3521.24
3521.24
3521.24
3521.24
3521.24
3521.24
3521.24
3521.24
3521.24
3521.24
3521.24
3521.24
3521.23
3521.23
3521.23
3521.23
3521.23
3521.23
3521.23
3521.23
3521.23
3521.23
3521.23
3521.23
3521.23
3521.23
3521.23
3521.23
3521.23
3521.23
3521.23
3521.23
3521.23
3521.23
3521.23
3521.23
3521.23
3521.23
3521.24
3521.24
4704.51
4708.44
4713.16
4702.86
4724.1
4678.39
4681.22
4546.77
4423.04
4391.58
4371.72
4366.08
4360.31
4351.45
4340.54
4327.4
4299.9
4241.94
4156.13
4061.56
3973.72
3898.89
3840.14
3798.05
3770.47
3755.72
3752.91
3761.32
3779.94
3807.26
3841.55
3880.61
3922.36
3965.63
4010
4054.59
4095.18
4127.68
4163.51
4234.74
4343.06
4398.77
4293.14
4041.95
3781.51
3617.11
3547.57
3526.71
3522.05
3521.24
3521.13
3521.11
3521.11
3521.11
3521.11
3521.11
3521.11
3521.11
3521.11
3521.11
3521.11
3521.12
3521.12
3521.12
3521.12
3521.12
3521.12
3521.12
3521.12
3521.12
3521.12
3521.12
3521.12
3521.12
3521.11
3521.11
3521.11
3521.11
3521.11
3521.11
3521.11
3521.11
3521.11
3521.11
3521.11
3521.11
3521.11
3521.11
3521.11
3521.11
3521.11
3521.11
3521.11
3521.11
3521.11
3521.11
3521.11
3521.11
3521.11
3521.11
3521.11
3521.11
3521.11
3521.12
3521.12
3521.12
3521.12
3521.12
3521.12
3521.12
3521.12
3521.12
3521.12
3521.12
3521.12
3521.12
3521.12
3521.12
3521.12
3521.12
3521.12
3521.12
3521.12
3521.12
3521.12
3521.12
3521.12
3521.12
3521.12
3521.12
3521.12
3521.12
3521.12
3521.12
3521.12
3521.12
3521.12
3521.12
3521.12
3521.12
3521.12
3521.12
3521.12
3521.12
3521.12
3521.12
3521.12
3521.12
3521.12
3521.12
3521.12
3521.12
3521.12
3521.12
3521.12
3521.12
3521.12
3521.12
3521.12
3521.12
3521.12
3521.12
3521.12
3521.12
3521.12
3521.12
3521.12
3521.12
3521.12
3521.11
3521.11
3521.11
3521.11
3521.11
3521.11
3521.11
3521.11
3521.11
3521.11
3521.11
3521.11
3521.11
3521.11
3521.11
3521.11
3521.11
3521.11
3521.11
3521.11
3521.11
3521.11
3521.11
3521.11
3521.11
3521.11
3521.11
3521.11
3521.11
3521.12
3521.12
4703.55
4701.9
4711.72
4697.92
4714.39
4699.51
4707.79
4696.32
4677.57
4667.18
4660.91
4656.92
4653.53
4650.49
4646.77
4640.66
4631.15
4616.71
4596.62
4575.06
4557.24
4543.54
4532.54
4522.8
4510.07
4490.38
4463.88
4434.92
4409.53
4392.56
4386.68
4391.74
4405.79
4427.88
4459.42
4501.02
4543.11
4565.09
4555.95
4541.3
4573.39
4659.7
4682.95
4477.6
4097.86
3771.87
3600.7
3539.75
3524.36
3521.48
3521.05
3521
3521
3521
3521
3521
3521
3521
3521
3521
3521
3521
3521
3521
3521
3520.99
3520.99
3520.99
3520.99
3520.99
3520.99
3520.99
3520.99
3520.99
3520.99
3520.99
3520.99
3520.99
3520.99
3520.99
3520.99
3520.99
3520.99
3520.99
3520.99
3520.99
3520.99
3520.99
3520.99
3520.99
3520.99
3520.99
3520.99
3520.99
3520.99
3520.99
3520.99
3520.99
3520.99
3520.99
3520.99
3520.99
3520.99
3520.99
3520.99
3520.99
3520.99
3520.99
3520.99
3520.99
3520.99
3520.99
3520.99
3520.99
3520.99
3520.99
3520.99
3520.99
3520.99
3520.99
3520.99
3520.99
3521
3521
3521
3521
3521
3521
3521
3521
3521
3521
3521
3521
3521
3521
3521
3521
3521
3521
3521
3521
3521
3521
3521
3521
3521
3521
3521
3521
3521
3521
3521
3521
3521
3521
3521
3521
3521
3521
3521
3521
3521
3521
3521
3521
3521
3521
3521
3521
3521
3521
3521
3521
3521
3521
3520.99
3520.99
3520.99
3520.99
3520.99
3520.99
3520.99
3520.99
3520.99
3520.99
3520.99
3520.99
3520.99
3520.99
3520.99
3520.99
3520.99
3520.99
3520.99
3520.99
3520.99
3521
3521
3521
4705
4704.09
4706
4704.02
4705.72
4704.68
4705.11
4705.12
4704.13
4703.18
4702.52
4702.06
4701.63
4701.25
4700.86
4700.26
4699.29
4697.79
4695.59
4693.09
4690.74
4688.56
4686.46
4684.29
4681.59
4677.87
4673.47
4669.44
4666.71
4665.56
4666.46
4670.16
4676.46
4683.13
4687.18
4688.02
4688.6
4693.66
4706.8
4729.53
4760.63
4781.45
4736.66
4559.11
4248.91
3912.76
3674.48
3563.28
3529.14
3522.08
3521.03
3520.9
3520.89
3520.89
3520.89
3520.89
3520.89
3520.89
3520.89
3520.89
3520.89
3520.89
3520.89
3520.89
3520.89
3520.89
3520.89
3520.89
3520.89
3520.89
3520.89
3520.89
3520.89
3520.89
3520.89
3520.89
3520.89
3520.89
3520.89
3520.89
3520.89
3520.89
3520.89
3520.89
3520.89
3520.89
3520.89
3520.89
3520.89
3520.89
3520.89
3520.89
3520.89
3520.89
3520.89
3520.89
3520.89
3520.89
3520.89
3520.89
3520.89
3520.89
3520.89
3520.89
3520.89
3520.89
3520.89
3520.89
3520.89
3520.89
3520.89
3520.89
3520.89
3520.89
3520.89
3520.89
3520.89
3520.89
3520.89
3520.89
3520.89
3520.89
3520.89
3520.89
3520.89
3520.89
3520.89
3520.89
3520.89
3520.89
3520.89
3520.89
3520.89
3520.89
3520.89
3520.89
3520.89
3520.89
3520.89
3520.89
3520.89
3520.89
3520.89
3520.89
3520.89
3520.89
3520.89
3520.89
3520.89
3520.89
3520.89
3520.89
3520.89
3520.89
3520.89
3520.89
3520.89
3520.89
3520.89
3520.89
3520.89
3520.89
3520.89
3520.89
3520.89
3520.89
3520.89
3520.89
3520.89
3520.89
3520.89
3520.89
3520.89
3520.89
3520.89
3520.89
3520.89
3520.89
3520.89
3520.89
3520.89
3520.89
3520.89
3520.89
3520.89
3520.89
3520.89
3520.89
3520.89
3520.89
3520.89
3520.89
3520.89
3520.89
3520.89
3520.89
3520.89
3520.89
3520.89
3520.89
)
;

boundaryField
{
    inletTop
    {
        type            calculated;
        value           uniform 4704.92;
    }
    inletBottom
    {
        type            calculated;
        value           uniform 3525.69;
    }
    outletTop
    {
        type            calculated;
        value           nonuniform List<scalar> 4(3521.24 3521.12 3521 3520.89);
    }
    walls
    {
        type            calculated;
        value           nonuniform List<scalar> 
464
(
3501.01
3109.41
3435.67
3528.37
3521.28
3521.98
3522.15
3522.22
3522.35
3522.48
3522.6
3522.72
3522.85
3522.97
3523.09
3523.22
3523.34
3523.46
3523.59
3523.71
3523.83
3523.95
3524.07
3524.19
3524.31
3524.41
3524.57
3524.6
3524.8
3524.86
3525.01
3525.12
3520.89
3520.89
3520.89
3520.89
3520.89
3520.89
3520.89
3520.89
3520.89
3520.89
3520.89
3520.89
3520.89
3520.89
3520.89
3520.89
3520.89
3520.89
3520.89
3520.89
3520.89
3520.89
3520.89
3520.89
3520.89
3520.89
3520.89
3520.89
3520.89
3520.89
3520.89
3520.89
3520.89
3520.89
3520.89
3520.89
3520.89
3520.89
3520.89
3520.89
3520.89
3520.89
3520.89
3520.89
3520.89
3520.89
3520.89
3520.89
3520.89
3520.89
3520.89
3520.89
3520.89
3520.89
3520.89
3520.89
3520.89
3520.89
3520.89
3520.89
3520.89
3520.89
3520.89
3520.89
3520.89
3520.89
3520.89
3520.89
3520.89
3520.89
3520.89
3520.89
3520.89
3520.89
3520.89
3520.89
3520.89
3520.89
3520.89
3520.89
3520.89
3520.89
3520.89
3520.89
3520.89
3520.89
3520.89
3520.89
3520.89
3520.89
3520.89
3520.89
3520.89
3520.89
3520.89
3520.89
3520.89
3520.89
3520.89
3520.89
3520.89
3520.89
3520.89
3520.89
3520.89
3520.89
3520.89
3520.89
3520.89
3520.89
3520.89
3520.89
3520.89
3520.89
3520.89
3520.89
3520.89
3520.89
3520.89
3520.89
3520.89
3520.89
3520.89
3520.89
3520.89
3520.89
3520.89
3520.89
3520.89
3520.89
3520.89
3520.89
3520.89
3520.89
3520.89
3520.89
3520.89
3520.89
3520.89
3520.89
3520.89
3520.89
3520.89
3520.89
3520.89
3520.89
3520.89
3520.89
3520.9
3521.03
3522.08
3529.14
3563.28
3674.48
3912.76
4248.91
4559.11
4736.66
4781.45
4760.63
4729.53
4706.8
4693.66
4688.6
4688.02
4687.18
4683.13
4676.46
4670.16
4666.46
4665.56
4666.71
4669.44
4673.47
4677.87
4681.59
4684.29
4686.46
4688.56
4690.74
4693.09
4695.59
4697.79
4699.29
4700.26
4700.86
4701.25
4701.63
4702.06
4702.52
4703.18
4704.13
4705.12
4705.11
4704.68
4705.72
4704.02
4706
4704.09
4705
3525.69
3525.68
3525.68
3525.7
3525.68
3525.68
3525.69
3525.67
3525.68
3525.68
3525.64
3525.67
3525.65
3525.56
3525.51
3525.53
3525.57
3525.6
3525.61
3525.62
3525.62
3525.62
3525.62
3525.62
3525.62
3525.62
3525.62
3525.62
3525.62
3525.62
3525.62
3525.62
3525.62
3525.62
3525.62
3525.62
3525.62
3525.62
3525.62
3525.62
3525.62
3525.61
3525.61
3525.61
3525.61
3525.61
3525.61
3525.61
3525.61
3525.61
3525.61
3525.61
3525.61
3525.61
3525.61
3525.61
3525.61
3525.61
3525.61
3525.61
3525.61
3525.61
3525.61
3525.61
3525.61
3525.61
3525.61
3525.61
3525.61
3525.61
3525.61
3525.61
3525.61
3525.61
3525.61
3525.61
3525.61
3525.61
3525.61
3525.61
3525.61
3525.61
3525.61
3525.61
3525.61
3525.61
3525.61
3525.61
3525.61
3525.61
3525.61
3525.61
3525.61
3525.61
3525.61
3525.61
3525.61
3525.61
3525.61
3525.61
3525.61
3525.61
3525.61
3525.61
3525.61
3525.61
3525.61
3525.61
3525.61
3525.61
3525.61
3525.61
3525.61
3525.61
3525.61
3525.61
3525.61
3525.61
3525.61
3525.61
3525.61
3525.61
3525.61
3525.61
3525.61
3525.61
3525.61
3525.61
3525.61
3525.61
3525.61
3525.61
3525.61
3525.61
3525.61
3525.61
3525.61
3525.61
3525.61
3525.61
3525.61
3525.61
3525.61
3525.61
3525.61
3525.61
3525.61
3525.61
3525.61
3525.61
3525.61
3525.61
3525.61
3525.61
3525.61
3525.61
3525.61
3525.61
3525.61
3525.61
3525.61
3525.61
3525.61
3525.61
3525.61
3525.61
3525.61
3525.61
3525.61
3525.61
3525.61
3525.61
3525.61
3525.61
3525.61
3525.61
3525.61
3525.61
3525.61
3525.61
3525.61
3525.61
3525.62
3525.6
3525.63
3525.58
3525.65
3525.57
3525.65
3525.56
3525.66
3525.56
3525.65
3525.55
3525.64
3525.56
3525.63
3525.56
3525.6
3525.55
3524.88
3524.76
3524.66
3524.55
3524.45
3524.33
3524.23
3524.11
3524.01
3523.89
3523.78
3523.67
3523.55
3523.44
3523.33
3523.21
3523.1
3522.98
3522.87
3522.75
3522.63
3522.52
3522.4
3522.29
3522.17
3522.05
3521.94
3521.82
3521.71
3521.59
3521.47
3521.36
)
;
    }
    front
    {
        type            empty;
    }
    back
    {
        type            empty;
    }
    outletBottom
    {
        type            calculated;
        value           nonuniform List<scalar> 4(3525.55 3525.33 3525.12 3524.98);
    }
}


// ************************************************************************* //
