/*--------------------------------*- C++ -*----------------------------------*\
  =========                 |
  \\      /  F ield         | OpenFOAM: The Open Source CFD Toolbox
   \\    /   O peration     | Website:  https://openfoam.org
    \\  /    A nd           | Version:  dev
     \\/     M anipulation  |
\*---------------------------------------------------------------------------*/
FoamFile
{
    version     2.0;
    format      ascii;
    class       volScalarField;
    location    "3";
    object      thermo:pSatH2O;
}
// * * * * * * * * * * * * * * * * * * * * * * * * * * * * * * * * * * * * * //

dimensions      [1 -1 -2 0 0 0 0];

internalField   nonuniform List<scalar> 
8000
(
3525.69
3525.69
3525.7
3525.69
3525.73
3525.73
3525.71
3525.88
3525.64
3525.65
3525.55
3525.76
3525.53
3525.51
3525.4
3525.48
3525.51
3525.46
3525.36
3525.32
3525.56
3525.48
3525.38
3525.28
3525.6
3525.5
3525.39
3525.28
3525.62
3525.52
3525.4
3525.28
3525.63
3525.52
3525.4
3525.28
3525.63
3525.52
3525.4
3525.28
3525.63
3525.52
3525.4
3525.28
3525.63
3525.51
3525.39
3525.27
3525.63
3525.51
3525.39
3525.27
3525.63
3525.51
3525.39
3525.27
3525.63
3525.51
3525.39
3525.27
3525.63
3525.51
3525.39
3525.27
3525.63
3525.51
3525.39
3525.27
3525.63
3525.51
3525.39
3525.27
3525.63
3525.51
3525.39
3525.27
3525.63
3525.51
3525.39
3525.27
3525.63
3525.51
3525.39
3525.27
3525.63
3525.51
3525.39
3525.27
3525.63
3525.51
3525.39
3525.27
3525.63
3525.51
3525.39
3525.27
3525.63
3525.51
3525.39
3525.27
3525.63
3525.51
3525.39
3525.27
3525.63
3525.51
3525.39
3525.27
3525.63
3525.51
3525.39
3525.27
3525.63
3525.51
3525.39
3525.27
3525.63
3525.51
3525.39
3525.27
3525.63
3525.51
3525.39
3525.27
3525.63
3525.51
3525.39
3525.27
3525.63
3525.51
3525.39
3525.27
3525.63
3525.51
3525.39
3525.27
3525.63
3525.51
3525.39
3525.27
3525.63
3525.51
3525.39
3525.27
3525.63
3525.51
3525.39
3525.27
3525.63
3525.51
3525.39
3525.27
3525.63
3525.51
3525.39
3525.27
3525.63
3525.51
3525.39
3525.27
3525.63
3525.51
3525.39
3525.27
3525.63
3525.51
3525.39
3525.27
3525.63
3525.51
3525.39
3525.27
3525.63
3525.51
3525.39
3525.27
3525.63
3525.51
3525.39
3525.27
3525.63
3525.51
3525.39
3525.26
3525.63
3525.51
3525.39
3525.26
3525.63
3525.51
3525.39
3525.26
3525.63
3525.51
3525.39
3525.26
3525.63
3525.51
3525.39
3525.26
3525.63
3525.51
3525.39
3525.26
3525.63
3525.51
3525.39
3525.26
3525.63
3525.51
3525.39
3525.26
3525.63
3525.51
3525.39
3525.26
3525.63
3525.51
3525.39
3525.26
3525.63
3525.51
3525.39
3525.26
3525.63
3525.51
3525.39
3525.26
3525.63
3525.51
3525.39
3525.26
3525.63
3525.51
3525.39
3525.26
3525.63
3525.51
3525.39
3525.26
3525.63
3525.51
3525.39
3525.26
3525.63
3525.51
3525.39
3525.26
3525.63
3525.51
3525.39
3525.26
3525.63
3525.51
3525.39
3525.26
3525.63
3525.51
3525.38
3525.26
3525.63
3525.51
3525.38
3525.26
3525.62
3525.51
3525.38
3525.26
3525.62
3525.51
3525.38
3525.26
3525.62
3525.51
3525.38
3525.26
3525.62
3525.51
3525.38
3525.26
3525.62
3525.51
3525.38
3525.26
3525.62
3525.51
3525.38
3525.26
3525.62
3525.51
3525.38
3525.26
3525.62
3525.51
3525.38
3525.26
3525.62
3525.51
3525.38
3525.26
3525.62
3525.51
3525.38
3525.26
3525.62
3525.51
3525.38
3525.26
3525.62
3525.51
3525.38
3525.26
3525.62
3525.51
3525.38
3525.26
3525.62
3525.51
3525.38
3525.26
3525.62
3525.51
3525.38
3525.26
3525.62
3525.51
3525.38
3525.26
3525.62
3525.51
3525.38
3525.26
3525.62
3525.51
3525.38
3525.26
3525.62
3525.51
3525.38
3525.26
3525.62
3525.51
3525.38
3525.26
3525.62
3525.51
3525.38
3525.26
3525.62
3525.51
3525.38
3525.26
3525.62
3525.51
3525.38
3525.26
3525.62
3525.51
3525.38
3525.26
3525.62
3525.51
3525.38
3525.26
3525.62
3525.51
3525.38
3525.26
3525.62
3525.51
3525.38
3525.26
3525.62
3525.51
3525.38
3525.26
3525.62
3525.51
3525.38
3525.26
3525.62
3525.51
3525.38
3525.26
3525.62
3525.51
3525.38
3525.26
3525.62
3525.51
3525.38
3525.26
3525.62
3525.51
3525.38
3525.26
3525.62
3525.51
3525.38
3525.26
3525.62
3525.51
3525.38
3525.26
3525.62
3525.51
3525.38
3525.26
3525.62
3525.51
3525.38
3525.26
3525.62
3525.51
3525.38
3525.26
3525.62
3525.51
3525.38
3525.26
3525.62
3525.51
3525.38
3525.26
3525.62
3525.51
3525.38
3525.26
3525.62
3525.51
3525.38
3525.26
3525.62
3525.51
3525.38
3525.26
3525.62
3525.51
3525.38
3525.26
3525.62
3525.51
3525.38
3525.26
3525.62
3525.51
3525.38
3525.26
3525.62
3525.51
3525.38
3525.26
3525.62
3525.51
3525.38
3525.26
3525.62
3525.51
3525.38
3525.26
3525.63
3525.51
3525.38
3525.26
3525.63
3525.51
3525.38
3525.26
3525.63
3525.51
3525.38
3525.26
3525.63
3525.51
3525.38
3525.26
3525.63
3525.51
3525.39
3525.26
3525.63
3525.51
3525.39
3525.26
3525.63
3525.51
3525.39
3525.26
3525.63
3525.51
3525.39
3525.26
3525.63
3525.51
3525.39
3525.26
3525.63
3525.51
3525.39
3525.26
3525.63
3525.51
3525.39
3525.26
3525.63
3525.51
3525.39
3525.26
3525.63
3525.51
3525.39
3525.26
3525.63
3525.51
3525.39
3525.26
3525.63
3525.51
3525.39
3525.26
3525.63
3525.51
3525.39
3525.26
3525.63
3525.51
3525.39
3525.26
3525.63
3525.51
3525.39
3525.26
3525.63
3525.51
3525.39
3525.26
3525.63
3525.51
3525.39
3525.26
3525.63
3525.51
3525.39
3525.26
3525.63
3525.51
3525.39
3525.26
3525.63
3525.51
3525.39
3525.26
3525.63
3525.51
3525.39
3525.26
3525.63
3525.51
3525.39
3525.26
3525.63
3525.51
3525.39
3525.26
3525.63
3525.51
3525.39
3525.26
3525.63
3525.51
3525.39
3525.26
3525.63
3525.51
3525.39
3525.26
3525.63
3525.51
3525.39
3525.26
3525.63
3525.51
3525.39
3525.26
3525.63
3525.51
3525.39
3525.26
3525.63
3525.51
3525.39
3525.26
3525.63
3525.51
3525.39
3525.26
3525.63
3525.51
3525.39
3525.26
3525.63
3525.51
3525.39
3525.26
3525.63
3525.51
3525.39
3525.26
3525.63
3525.51
3525.39
3525.26
3525.63
3525.51
3525.39
3525.26
3525.63
3525.51
3525.39
3525.26
3525.63
3525.51
3525.39
3525.26
3525.63
3525.51
3525.39
3525.26
3525.63
3525.51
3525.39
3525.26
3525.63
3525.51
3525.39
3525.26
3525.63
3525.51
3525.39
3525.26
3525.63
3525.51
3525.39
3525.26
3525.63
3525.51
3525.39
3525.26
3525.63
3525.51
3525.39
3525.26
3525.63
3525.51
3525.39
3525.26
3525.63
3525.51
3525.39
3525.26
3525.63
3525.51
3525.39
3525.26
3525.63
3525.51
3525.39
3525.26
3525.63
3525.51
3525.39
3525.26
3525.63
3525.51
3525.39
3525.26
3525.63
3525.51
3525.39
3525.26
3525.63
3525.51
3525.39
3525.26
3525.63
3525.51
3525.39
3525.26
3525.63
3525.51
3525.39
3525.26
3525.63
3525.51
3525.39
3525.26
3525.63
3525.51
3525.38
3525.26
3525.63
3525.51
3525.38
3525.26
3525.63
3525.51
3525.38
3525.26
3525.63
3525.51
3525.38
3525.26
3525.63
3525.51
3525.38
3525.26
3525.63
3525.51
3525.38
3525.26
3525.63
3525.51
3525.38
3525.26
3525.63
3525.51
3525.38
3525.26
3525.63
3525.51
3525.38
3525.26
3525.63
3525.51
3525.38
3525.26
3525.63
3525.51
3525.38
3525.26
3525.63
3525.5
3525.38
3525.26
3525.63
3525.5
3525.38
3525.26
3525.62
3525.5
3525.38
3525.25
3525.62
3525.5
3525.38
3525.25
3525.62
3525.5
3525.38
3525.25
3525.62
3525.5
3525.37
3525.25
3525.62
3525.5
3525.37
3525.25
3525.62
3525.5
3525.37
3525.24
3525.62
3525.49
3525.37
3525.24
3525.63
3525.5
3525.36
3525.23
3525.61
3525.48
3525.35
3525.22
3525.63
3525.5
3525.35
3525.21
3525.6
3525.45
3525.33
3525.21
3525.62
3525.48
3525.33
3525.18
3525.6
3525.44
3525.29
3525.15
3525.25
3525.39
3525.35
3525.23
3525.17
3525.16
3525.16
3525.16
3525.16
3525.16
3525.15
3525.15
3525.15
3525.15
3525.15
3525.15
3525.15
3525.15
3525.15
3525.15
3525.15
3525.15
3525.15
3525.15
3525.15
3525.15
3525.15
3525.15
3525.15
3525.15
3525.15
3525.14
3525.14
3525.14
3525.14
3525.14
3525.14
3525.14
3525.14
3525.14
3525.14
3525.14
3525.14
3525.14
3525.14
3525.14
3525.14
3525.14
3525.14
3525.14
3525.14
3525.14
3525.14
3525.14
3525.14
3525.14
3525.14
3525.14
3525.14
3525.14
3525.14
3525.14
3525.14
3525.14
3525.14
3525.14
3525.14
3525.14
3525.14
3525.14
3525.14
3525.14
3525.14
3525.14
3525.14
3525.14
3525.14
3525.14
3525.14
3525.14
3525.14
3525.14
3525.14
3525.14
3525.14
3525.14
3525.14
3525.14
3525.14
3525.14
3525.14
3525.14
3525.14
3525.14
3525.14
3525.14
3525.14
3525.14
3525.14
3525.14
3525.14
3525.14
3525.14
3525.14
3525.14
3525.14
3525.14
3525.14
3525.14
3525.14
3525.14
3525.14
3525.14
3525.14
3525.14
3525.14
3525.14
3525.14
3525.14
3525.14
3525.14
3525.14
3525.14
3525.14
3525.14
3525.14
3525.14
3525.14
3525.14
3525.14
3525.14
3525.14
3525.14
3525.14
3525.14
3525.14
3525.14
3525.14
3525.14
3525.14
3525.14
3525.14
3525.14
3525.14
3525.14
3525.14
3525.14
3525.14
3525.14
3525.14
3525.14
3525.14
3525.14
3525.14
3525.14
3525.14
3525.14
3525.14
3525.14
3525.14
3525.14
3525.14
3525.14
3525.14
3525.14
3525.14
3525.14
3525.14
3525.14
3525.14
3525.14
3525.14
3525.14
3525.14
3525.14
3525.14
3525.14
3525.14
3525.14
3525.14
3525.14
3525.14
3525.14
3525.14
3525.13
3525.13
3525.13
3525.13
3525.13
3525.13
3525.12
3525.12
3525.12
3525.11
3525.1
3525.1
3525.09
3525.08
3525.05
3525.04
3524.97
3525.06
3525.07
3525.05
3525.05
3525.05
3525.05
3525.04
3525.04
3525.04
3525.03
3525.03
3525.03
3525.03
3525.03
3525.03
3525.03
3525.03
3525.03
3525.03
3525.02
3525.02
3525.02
3525.02
3525.02
3525.02
3525.02
3525.02
3525.02
3525.02
3525.02
3525.02
3525.02
3525.02
3525.02
3525.02
3525.02
3525.02
3525.02
3525.02
3525.02
3525.02
3525.02
3525.02
3525.02
3525.02
3525.02
3525.02
3525.02
3525.02
3525.02
3525.02
3525.02
3525.02
3525.02
3525.02
3525.02
3525.02
3525.02
3525.02
3525.02
3525.02
3525.02
3525.02
3525.02
3525.02
3525.02
3525.02
3525.02
3525.02
3525.02
3525.02
3525.02
3525.02
3525.02
3525.02
3525.02
3525.02
3525.02
3525.02
3525.02
3525.02
3525.02
3525.02
3525.02
3525.02
3525.02
3525.02
3525.02
3525.02
3525.02
3525.02
3525.02
3525.02
3525.02
3525.02
3525.02
3525.02
3525.02
3525.02
3525.02
3525.02
3525.02
3525.02
3525.02
3525.02
3525.02
3525.02
3525.02
3525.02
3525.02
3525.02
3525.02
3525.02
3525.02
3525.02
3525.02
3525.02
3525.02
3525.02
3525.02
3525.02
3525.02
3525.02
3525.02
3525.02
3525.02
3525.02
3525.02
3525.02
3525.02
3525.02
3525.02
3525.02
3525.02
3525.02
3525.02
3525.02
3525.02
3525.02
3525.02
3525.02
3525.02
3525.02
3525.02
3525.02
3525.02
3525.02
3525.02
3525.02
3525.02
3525.02
3525.02
3525.02
3525.02
3525.02
3525.02
3525.02
3525.02
3525.02
3525.02
3525.02
3525.02
3525.02
3525.02
3525.02
3525.02
3525.02
3525.02
3525.02
3525.02
3525.02
3525.02
3525.02
3525.02
3525.02
3525.02
3525.02
3525.02
3525.02
3525.01
3525.01
3525.01
3525.01
3525.01
3525.01
3525.01
3525.01
3525
3525
3525
3525
3524.99
3524.99
3524.98
3524.97
3524.96
3524.95
3524.94
3524.93
3524.93
3524.93
3524.93
3524.93
3524.93
3524.93
3524.92
3524.92
3524.92
3524.91
3524.91
3524.91
3524.91
3524.91
3524.91
3524.91
3524.9
3524.9
3524.9
3524.9
3524.9
3524.9
3524.9
3524.9
3524.9
3524.9
3524.9
3524.9
3524.9
3524.9
3524.9
3524.9
3524.9
3524.9
3524.9
3524.9
3524.9
3524.9
3524.9
3524.9
3524.9
3524.9
3524.9
3524.9
3524.9
3524.9
3524.9
3524.9
3524.9
3524.9
3524.9
3524.9
3524.9
3524.9
3524.9
3524.9
3524.9
3524.9
3524.9
3524.9
3524.9
3524.9
3524.9
3524.9
3524.9
3524.9
3524.9
3524.9
3524.9
3524.9
3524.9
3524.9
3524.9
3524.9
3524.9
3524.9
3524.9
3524.9
3524.9
3524.9
3524.9
3524.9
3524.9
3524.9
3524.9
3524.9
3524.9
3524.9
3524.9
3524.9
3524.9
3524.9
3524.9
3524.9
3524.9
3524.9
3524.9
3524.9
3524.9
3524.9
3524.9
3524.9
3524.9
3524.9
3524.9
3524.9
3524.9
3524.9
3524.9
3524.9
3524.9
3524.9
3524.9
3524.9
3524.9
3524.9
3524.9
3524.9
3524.9
3524.9
3524.9
3524.9
3524.9
3524.9
3524.9
3524.9
3524.9
3524.9
3524.9
3524.9
3524.9
3524.9
3524.9
3524.9
3524.9
3524.9
3524.9
3524.9
3524.9
3524.9
3524.9
3524.9
3524.9
3524.9
3524.9
3524.9
3524.9
3524.9
3524.9
3524.9
3524.9
3524.9
3524.9
3524.9
3524.9
3524.9
3524.9
3524.9
3524.9
3524.9
3524.9
3524.9
3524.9
3524.9
3524.9
3524.9
3524.9
3524.9
3524.9
3524.9
3524.9
3524.9
3524.9
3524.9
3524.89
3524.89
3524.89
3524.89
3524.89
3524.89
3524.89
3524.89
3524.89
3524.89
3524.89
3524.89
3524.88
3524.88
3524.88
3524.88
3524.88
3524.87
3524.87
3524.86
3524.86
3524.85
3524.84
3524.83
3524.83
3524.82
3524.82
3524.82
3524.82
3524.82
3524.81
3524.81
3524.8
3524.8
3524.8
3524.79
3524.79
3524.79
3524.79
3524.79
3524.78
3524.78
3524.78
3524.78
3524.78
3524.78
3524.78
3524.78
3524.78
3524.78
3524.78
3524.78
3524.78
3524.78
3524.78
3524.78
3524.78
3524.78
3524.78
3524.78
3524.78
3524.78
3524.78
3524.78
3524.78
3524.78
3524.78
3524.78
3524.78
3524.78
3524.78
3524.78
3524.78
3524.78
3524.78
3524.78
3524.78
3524.78
3524.78
3524.78
3524.78
3524.78
3524.78
3524.78
3524.78
3524.78
3524.78
3524.78
3524.78
3524.78
3524.77
3524.77
3524.77
3524.77
3524.77
3524.77
3524.77
3524.77
3524.77
3524.77
3524.77
3524.77
3524.77
3524.77
3524.77
3524.77
3524.77
3524.77
3524.77
3524.77
3524.77
3524.77
3524.77
3524.77
3524.77
3524.77
3524.77
3524.77
3524.77
3524.77
3524.77
3524.77
3524.77
3524.77
3524.77
3524.77
3524.77
3524.77
3524.77
3524.77
3524.77
3524.77
3524.77
3524.77
3524.77
3524.77
3524.77
3524.77
3524.77
3524.77
3524.77
3524.77
3524.77
3524.77
3524.77
3524.77
3524.78
3524.78
3524.78
3524.78
3524.78
3524.78
3524.78
3524.78
3524.78
3524.78
3524.78
3524.78
3524.78
3524.78
3524.78
3524.78
3524.78
3524.78
3524.78
3524.78
3524.78
3524.78
3524.78
3524.78
3524.78
3524.78
3524.78
3524.78
3524.78
3524.78
3524.78
3524.78
3524.78
3524.78
3524.78
3524.78
3524.78
3524.78
3524.78
3524.78
3524.78
3524.78
3524.78
3524.78
3524.77
3524.77
3524.77
3524.77
3524.77
3524.77
3524.77
3524.77
3524.77
3524.77
3524.77
3524.77
3524.77
3524.77
3524.77
3524.77
3524.77
3524.77
3524.77
3524.77
3524.76
3524.76
3524.76
3524.76
3524.76
3524.75
3524.75
3524.75
3524.74
3524.74
3524.73
3524.73
3524.72
3524.72
3524.7
3524.71
3524.69
3524.69
3524.69
3524.69
3524.69
3524.68
3524.68
3524.68
3524.67
3524.67
3524.67
3524.67
3524.67
3524.66
3524.66
3524.66
3524.66
3524.66
3524.66
3524.66
3524.66
3524.66
3524.66
3524.66
3524.66
3524.66
3524.66
3524.66
3524.66
3524.66
3524.66
3524.66
3524.66
3524.66
3524.66
3524.66
3524.66
3524.66
3524.66
3524.66
3524.66
3524.66
3524.66
3524.66
3524.66
3524.65
3524.65
3524.65
3524.65
3524.65
3524.65
3524.65
3524.65
3524.65
3524.65
3524.65
3524.65
3524.65
3524.65
3524.65
3524.65
3524.65
3524.65
3524.65
3524.65
3524.65
3524.65
3524.65
3524.65
3524.65
3524.65
3524.65
3524.65
3524.65
3524.65
3524.65
3524.65
3524.65
3524.65
3524.65
3524.65
3524.65
3524.65
3524.65
3524.65
3524.65
3524.65
3524.65
3524.65
3524.65
3524.65
3524.65
3524.65
3524.65
3524.65
3524.65
3524.65
3524.65
3524.65
3524.65
3524.65
3524.65
3524.65
3524.65
3524.65
3524.65
3524.65
3524.65
3524.65
3524.65
3524.65
3524.65
3524.65
3524.65
3524.65
3524.65
3524.65
3524.65
3524.65
3524.65
3524.65
3524.65
3524.65
3524.65
3524.65
3524.65
3524.65
3524.65
3524.65
3524.65
3524.65
3524.65
3524.65
3524.65
3524.65
3524.65
3524.65
3524.65
3524.65
3524.65
3524.65
3524.65
3524.65
3524.65
3524.65
3524.65
3524.65
3524.65
3524.65
3524.65
3524.65
3524.65
3524.65
3524.65
3524.65
3524.65
3524.65
3524.65
3524.65
3524.65
3524.65
3524.65
3524.65
3524.65
3524.65
3524.65
3524.65
3524.65
3524.65
3524.65
3524.65
3524.65
3524.65
3524.65
3524.65
3524.65
3524.65
3524.65
3524.65
3524.65
3524.65
3524.65
3524.64
3524.64
3524.64
3524.64
3524.64
3524.64
3524.63
3524.63
3524.63
3524.63
3524.62
3524.62
3524.61
3524.61
3524.6
3524.6
3524.6
3524.59
3524.56
3524.56
3524.56
3524.56
3524.56
3524.56
3524.55
3524.55
3524.55
3524.55
3524.55
3524.54
3524.54
3524.54
3524.54
3524.54
3524.54
3524.54
3524.54
3524.54
3524.54
3524.54
3524.54
3524.54
3524.54
3524.54
3524.54
3524.54
3524.54
3524.54
3524.54
3524.53
3524.53
3524.53
3524.53
3524.53
3524.53
3524.53
3524.53
3524.53
3524.53
3524.53
3524.53
3524.53
3524.53
3524.53
3524.53
3524.53
3524.53
3524.53
3524.53
3524.53
3524.53
3524.53
3524.53
3524.53
3524.53
3524.53
3524.53
3524.53
3524.53
3524.53
3524.53
3524.53
3524.53
3524.53
3524.53
3524.53
3524.53
3524.53
3524.53
3524.53
3524.53
3524.53
3524.53
3524.53
3524.53
3524.53
3524.53
3524.53
3524.53
3524.53
3524.53
3524.53
3524.53
3524.53
3524.53
3524.53
3524.53
3524.53
3524.53
3524.53
3524.53
3524.53
3524.53
3524.53
3524.53
3524.53
3524.53
3524.53
3524.53
3524.53
3524.53
3524.53
3524.53
3524.53
3524.53
3524.53
3524.53
3524.53
3524.53
3524.53
3524.53
3524.53
3524.53
3524.53
3524.53
3524.53
3524.53
3524.53
3524.53
3524.53
3524.53
3524.53
3524.53
3524.53
3524.53
3524.53
3524.53
3524.53
3524.53
3524.53
3524.53
3524.53
3524.53
3524.53
3524.53
3524.53
3524.53
3524.53
3524.53
3524.53
3524.53
3524.53
3524.53
3524.53
3524.53
3524.53
3524.53
3524.53
3524.53
3524.53
3524.53
3524.53
3524.53
3524.53
3524.53
3524.53
3524.53
3524.53
3524.53
3524.53
3524.53
3524.53
3524.53
3524.53
3524.53
3524.53
3524.53
3524.53
3524.53
3524.53
3524.53
3524.53
3524.53
3524.53
3524.53
3524.53
3524.53
3524.52
3524.52
3524.52
3524.52
3524.52
3524.52
3524.52
3524.52
3524.51
3524.51
3524.51
3524.51
3524.5
3524.5
3524.5
3524.49
3524.49
3524.48
3524.48
3524.48
3524.48
3524.44
3524.44
3524.44
3524.44
3524.43
3524.43
3524.43
3524.43
3524.43
3524.42
3524.42
3524.42
3524.42
3524.42
3524.42
3524.42
3524.42
3524.42
3524.42
3524.42
3524.42
3524.42
3524.41
3524.41
3524.41
3524.41
3524.41
3524.41
3524.41
3524.41
3524.41
3524.41
3524.41
3524.41
3524.41
3524.41
3524.41
3524.41
3524.41
3524.41
3524.41
3524.41
3524.41
3524.41
3524.41
3524.41
3524.41
3524.41
3524.41
3524.41
3524.41
3524.41
3524.41
3524.41
3524.41
3524.41
3524.41
3524.41
3524.41
3524.41
3524.41
3524.41
3524.41
3524.41
3524.41
3524.41
3524.41
3524.41
3524.41
3524.41
3524.41
3524.41
3524.41
3524.41
3524.41
3524.41
3524.41
3524.41
3524.41
3524.41
3524.41
3524.41
3524.41
3524.41
3524.41
3524.41
3524.41
3524.41
3524.41
3524.41
3524.41
3524.41
3524.41
3524.41
3524.41
3524.41
3524.41
3524.41
3524.41
3524.41
3524.41
3524.41
3524.41
3524.41
3524.41
3524.41
3524.41
3524.41
3524.41
3524.41
3524.41
3524.41
3524.41
3524.41
3524.41
3524.41
3524.41
3524.41
3524.41
3524.41
3524.41
3524.41
3524.41
3524.41
3524.41
3524.41
3524.41
3524.41
3524.41
3524.41
3524.41
3524.41
3524.41
3524.41
3524.41
3524.41
3524.41
3524.41
3524.41
3524.41
3524.41
3524.41
3524.41
3524.41
3524.41
3524.41
3524.41
3524.41
3524.41
3524.41
3524.41
3524.41
3524.41
3524.41
3524.41
3524.41
3524.41
3524.41
3524.41
3524.41
3524.41
3524.41
3524.41
3524.41
3524.41
3524.41
3524.41
3524.41
3524.41
3524.41
3524.41
3524.41
3524.41
3524.41
3524.41
3524.4
3524.4
3524.4
3524.4
3524.4
3524.4
3524.4
3524.4
3524.4
3524.4
3524.4
3524.39
3524.39
3524.39
3524.39
3524.38
3524.38
3524.38
3524.38
3524.37
3524.37
3524.37
3524.36
3524.36
3524.36
3524.31
3524.31
3524.31
3524.31
3524.31
3524.31
3524.31
3524.3
3524.3
3524.3
3524.3
3524.3
3524.3
3524.3
3524.3
3524.3
3524.29
3524.29
3524.29
3524.29
3524.29
3524.29
3524.29
3524.29
3524.29
3524.29
3524.29
3524.29
3524.29
3524.29
3524.29
3524.29
3524.29
3524.29
3524.29
3524.29
3524.29
3524.29
3524.29
3524.29
3524.29
3524.29
3524.29
3524.29
3524.29
3524.29
3524.29
3524.29
3524.29
3524.29
3524.29
3524.29
3524.29
3524.29
3524.29
3524.29
3524.29
3524.29
3524.29
3524.29
3524.29
3524.29
3524.29
3524.29
3524.29
3524.29
3524.29
3524.29
3524.29
3524.29
3524.29
3524.29
3524.29
3524.29
3524.29
3524.29
3524.29
3524.29
3524.29
3524.29
3524.29
3524.29
3524.29
3524.29
3524.29
3524.29
3524.29
3524.29
3524.29
3524.29
3524.29
3524.29
3524.29
3524.29
3524.29
3524.29
3524.29
3524.29
3524.29
3524.29
3524.29
3524.29
3524.29
3524.29
3524.29
3524.29
3524.29
3524.29
3524.29
3524.29
3524.29
3524.29
3524.29
3524.29
3524.29
3524.29
3524.29
3524.29
3524.29
3524.29
3524.29
3524.29
3524.29
3524.29
3524.29
3524.29
3524.29
3524.29
3524.29
3524.29
3524.29
3524.29
3524.29
3524.29
3524.29
3524.29
3524.29
3524.29
3524.29
3524.29
3524.29
3524.29
3524.29
3524.29
3524.29
3524.29
3524.29
3524.29
3524.29
3524.29
3524.29
3524.29
3524.29
3524.29
3524.29
3524.29
3524.29
3524.29
3524.29
3524.29
3524.29
3524.29
3524.29
3524.29
3524.29
3524.29
3524.29
3524.29
3524.29
3524.29
3524.28
3524.28
3524.28
3524.28
3524.28
3524.28
3524.28
3524.28
3524.28
3524.28
3524.28
3524.28
3524.28
3524.28
3524.27
3524.27
3524.27
3524.27
3524.27
3524.27
3524.26
3524.26
3524.26
3524.25
3524.25
3524.25
3524.25
3524.24
3524.24
3524.24
3524.19
3524.19
3524.19
3524.19
3524.18
3524.18
3524.18
3524.18
3524.18
3524.18
3524.18
3524.18
3524.18
3524.17
3524.17
3524.17
3524.17
3524.17
3524.17
3524.17
3524.17
3524.17
3524.17
3524.17
3524.17
3524.17
3524.17
3524.17
3524.17
3524.17
3524.17
3524.17
3524.17
3524.17
3524.17
3524.17
3524.17
3524.17
3524.17
3524.17
3524.17
3524.17
3524.17
3524.17
3524.17
3524.17
3524.17
3524.17
3524.17
3524.17
3524.17
3524.17
3524.17
3524.17
3524.17
3524.17
3524.17
3524.17
3524.17
3524.17
3524.17
3524.17
3524.16
3524.16
3524.16
3524.16
3524.16
3524.16
3524.16
3524.16
3524.16
3524.16
3524.16
3524.16
3524.16
3524.16
3524.16
3524.16
3524.16
3524.16
3524.16
3524.16
3524.16
3524.16
3524.16
3524.16
3524.16
3524.16
3524.16
3524.16
3524.16
3524.16
3524.16
3524.16
3524.16
3524.16
3524.16
3524.16
3524.16
3524.16
3524.16
3524.16
3524.16
3524.16
3524.16
3524.16
3524.16
3524.16
3524.16
3524.16
3524.16
3524.16
3524.16
3524.16
3524.16
3524.16
3524.16
3524.16
3524.16
3524.16
3524.16
3524.16
3524.17
3524.17
3524.17
3524.17
3524.17
3524.17
3524.17
3524.17
3524.17
3524.17
3524.17
3524.17
3524.17
3524.17
3524.17
3524.17
3524.17
3524.17
3524.17
3524.17
3524.17
3524.17
3524.17
3524.17
3524.17
3524.17
3524.17
3524.17
3524.17
3524.17
3524.17
3524.17
3524.17
3524.17
3524.17
3524.17
3524.17
3524.16
3524.16
3524.16
3524.16
3524.16
3524.16
3524.16
3524.16
3524.16
3524.16
3524.16
3524.16
3524.16
3524.16
3524.16
3524.16
3524.16
3524.16
3524.16
3524.16
3524.16
3524.16
3524.16
3524.15
3524.15
3524.15
3524.15
3524.15
3524.15
3524.15
3524.14
3524.14
3524.14
3524.14
3524.13
3524.13
3524.13
3524.13
3524.13
3524.12
3524.12
3524.06
3524.06
3524.06
3524.06
3524.06
3524.06
3524.06
3524.06
3524.06
3524.06
3524.05
3524.05
3524.05
3524.05
3524.05
3524.05
3524.05
3524.05
3524.05
3524.05
3524.05
3524.05
3524.05
3524.05
3524.05
3524.05
3524.05
3524.05
3524.05
3524.05
3524.05
3524.05
3524.05
3524.05
3524.05
3524.05
3524.05
3524.05
3524.05
3524.05
3524.05
3524.05
3524.05
3524.05
3524.04
3524.04
3524.04
3524.04
3524.04
3524.04
3524.04
3524.04
3524.04
3524.04
3524.04
3524.04
3524.04
3524.04
3524.04
3524.04
3524.04
3524.04
3524.04
3524.04
3524.04
3524.04
3524.04
3524.04
3524.04
3524.04
3524.04
3524.04
3524.04
3524.04
3524.04
3524.04
3524.04
3524.04
3524.04
3524.04
3524.04
3524.04
3524.04
3524.04
3524.04
3524.04
3524.04
3524.04
3524.04
3524.04
3524.04
3524.04
3524.04
3524.04
3524.04
3524.04
3524.04
3524.04
3524.04
3524.04
3524.04
3524.04
3524.04
3524.04
3524.04
3524.04
3524.04
3524.04
3524.04
3524.04
3524.04
3524.04
3524.04
3524.04
3524.04
3524.04
3524.04
3524.04
3524.04
3524.04
3524.04
3524.04
3524.04
3524.04
3524.04
3524.04
3524.04
3524.04
3524.04
3524.04
3524.04
3524.04
3524.04
3524.04
3524.04
3524.04
3524.04
3524.04
3524.04
3524.04
3524.04
3524.04
3524.04
3524.04
3524.04
3524.04
3524.04
3524.04
3524.04
3524.04
3524.04
3524.04
3524.04
3524.04
3524.04
3524.04
3524.04
3524.04
3524.04
3524.04
3524.04
3524.04
3524.04
3524.04
3524.04
3524.04
3524.04
3524.04
3524.04
3524.04
3524.04
3524.04
3524.04
3524.04
3524.04
3524.04
3524.04
3524.04
3524.04
3524.04
3524.03
3524.03
3524.03
3524.03
3524.03
3524.03
3524.03
3524.03
3524.02
3524.02
3524.02
3524.02
3524.02
3524.01
3524.01
3524.01
3524.01
3524.01
3524.01
3524.01
3523.94
3523.94
3523.94
3523.94
3523.94
3523.94
3523.93
3523.93
3523.93
3523.93
3523.93
3523.93
3523.93
3523.93
3523.93
3523.93
3523.93
3523.93
3523.93
3523.93
3523.93
3523.93
3523.93
3523.93
3523.93
3523.93
3523.93
3523.93
3523.93
3523.93
3523.92
3523.92
3523.92
3523.92
3523.92
3523.92
3523.92
3523.92
3523.92
3523.92
3523.92
3523.92
3523.92
3523.92
3523.92
3523.92
3523.92
3523.92
3523.92
3523.92
3523.92
3523.92
3523.92
3523.92
3523.92
3523.92
3523.92
3523.92
3523.92
3523.92
3523.92
3523.92
3523.92
3523.92
3523.92
3523.92
3523.92
3523.92
3523.92
3523.92
3523.92
3523.92
3523.92
3523.92
3523.92
3523.92
3523.92
3523.92
3523.92
3523.92
3523.92
3523.92
3523.92
3523.92
3523.92
3523.92
3523.92
3523.92
3523.92
3523.92
3523.92
3523.92
3523.92
3523.92
3523.92
3523.92
3523.92
3523.92
3523.92
3523.92
3523.92
3523.92
3523.92
3523.92
3523.92
3523.92
3523.92
3523.92
3523.92
3523.92
3523.92
3523.92
3523.92
3523.92
3523.92
3523.92
3523.92
3523.92
3523.92
3523.92
3523.92
3523.92
3523.92
3523.92
3523.92
3523.92
3523.92
3523.92
3523.92
3523.92
3523.92
3523.92
3523.92
3523.92
3523.92
3523.92
3523.92
3523.92
3523.92
3523.92
3523.92
3523.92
3523.92
3523.92
3523.92
3523.92
3523.92
3523.92
3523.92
3523.92
3523.92
3523.92
3523.92
3523.92
3523.92
3523.92
3523.92
3523.92
3523.92
3523.92
3523.92
3523.92
3523.92
3523.92
3523.92
3523.92
3523.92
3523.92
3523.92
3523.92
3523.92
3523.92
3523.92
3523.92
3523.92
3523.92
3523.92
3523.91
3523.91
3523.91
3523.91
3523.91
3523.91
3523.91
3523.91
3523.91
3523.91
3523.9
3523.9
3523.9
3523.9
3523.9
3523.9
3523.89
3523.89
3523.89
3523.89
3523.89
3523.89
3523.89
3523.81
3523.81
3523.81
3523.81
3523.81
3523.81
3523.81
3523.81
3523.81
3523.81
3523.81
3523.81
3523.81
3523.81
3523.81
3523.81
3523.81
3523.81
3523.81
3523.8
3523.8
3523.8
3523.8
3523.8
3523.8
3523.8
3523.8
3523.8
3523.8
3523.8
3523.8
3523.8
3523.8
3523.8
3523.8
3523.8
3523.8
3523.8
3523.8
3523.8
3523.8
3523.8
3523.8
3523.8
3523.8
3523.8
3523.8
3523.8
3523.8
3523.8
3523.8
3523.8
3523.8
3523.8
3523.8
3523.8
3523.8
3523.8
3523.8
3523.8
3523.8
3523.8
3523.8
3523.8
3523.8
3523.8
3523.8
3523.8
3523.8
3523.8
3523.8
3523.8
3523.8
3523.8
3523.8
3523.8
3523.8
3523.8
3523.8
3523.8
3523.8
3523.8
3523.8
3523.8
3523.8
3523.8
3523.8
3523.8
3523.8
3523.8
3523.8
3523.8
3523.8
3523.8
3523.8
3523.8
3523.8
3523.8
3523.8
3523.8
3523.8
3523.8
3523.8
3523.8
3523.8
3523.8
3523.8
3523.8
3523.8
3523.8
3523.8
3523.8
3523.8
3523.8
3523.8
3523.8
3523.8
3523.8
3523.8
3523.8
3523.8
3523.8
3523.8
3523.8
3523.8
3523.8
3523.8
3523.8
3523.8
3523.8
3523.8
3523.8
3523.8
3523.8
3523.8
3523.8
3523.8
3523.8
3523.8
3523.8
3523.8
3523.8
3523.8
3523.8
3523.8
3523.8
3523.8
3523.8
3523.8
3523.8
3523.8
3523.8
3523.8
3523.8
3523.8
3523.8
3523.8
3523.8
3523.8
3523.8
3523.8
3523.8
3523.8
3523.8
3523.8
3523.8
3523.8
3523.8
3523.8
3523.8
3523.8
3523.8
3523.8
3523.79
3523.79
3523.79
3523.79
3523.79
3523.79
3523.79
3523.79
3523.79
3523.79
3523.79
3523.79
3523.79
3523.78
3523.78
3523.78
3523.78
3523.78
3523.78
3523.78
3523.77
3523.77
3523.77
3523.77
3523.77
3523.77
3523.77
3523.69
3523.69
3523.69
3523.69
3523.69
3523.69
3523.69
3523.69
3523.69
3523.69
3523.69
3523.68
3523.68
3523.68
3523.68
3523.68
3523.68
3523.68
3523.68
3523.68
3523.68
3523.68
3523.68
3523.68
3523.68
3523.68
3523.68
3523.68
3523.68
3523.68
3523.68
3523.68
3523.68
3523.68
3523.68
3523.68
3523.68
3523.68
3523.68
3523.68
3523.68
3523.68
3523.68
3523.68
3523.68
3523.68
3523.68
3523.68
3523.68
3523.68
3523.68
3523.68
3523.68
3523.68
3523.68
3523.68
3523.68
3523.68
3523.68
3523.68
3523.68
3523.68
3523.68
3523.68
3523.68
3523.68
3523.68
3523.68
3523.68
3523.68
3523.68
3523.68
3523.68
3523.68
3523.68
3523.68
3523.68
3523.68
3523.68
3523.68
3523.68
3523.68
3523.68
3523.68
3523.68
3523.68
3523.68
3523.68
3523.68
3523.68
3523.68
3523.68
3523.68
3523.68
3523.68
3523.68
3523.68
3523.68
3523.68
3523.68
3523.68
3523.68
3523.68
3523.68
3523.68
3523.68
3523.68
3523.68
3523.68
3523.68
3523.68
3523.68
3523.68
3523.68
3523.68
3523.68
3523.68
3523.68
3523.68
3523.68
3523.68
3523.68
3523.68
3523.68
3523.68
3523.68
3523.68
3523.68
3523.68
3523.68
3523.68
3523.68
3523.68
3523.68
3523.68
3523.68
3523.68
3523.68
3523.68
3523.68
3523.68
3523.68
3523.68
3523.68
3523.68
3523.68
3523.68
3523.68
3523.68
3523.68
3523.68
3523.68
3523.68
3523.68
3523.68
3523.68
3523.68
3523.68
3523.68
3523.68
3523.68
3523.68
3523.68
3523.68
3523.68
3523.68
3523.68
3523.68
3523.67
3523.67
3523.67
3523.67
3523.67
3523.67
3523.67
3523.67
3523.67
3523.67
3523.67
3523.67
3523.67
3523.67
3523.67
3523.67
3523.66
3523.66
3523.66
3523.66
3523.66
3523.66
3523.66
3523.66
3523.65
3523.65
3523.65
3523.65
3523.65
3523.65
3523.65
3523.65
3523.56
3523.56
3523.56
3523.56
3523.56
3523.56
3523.56
3523.56
3523.56
3523.56
3523.56
3523.56
3523.56
3523.56
3523.56
3523.56
3523.56
3523.56
3523.56
3523.56
3523.56
3523.56
3523.56
3523.56
3523.56
3523.56
3523.56
3523.56
3523.56
3523.56
3523.56
3523.56
3523.56
3523.56
3523.56
3523.56
3523.56
3523.56
3523.56
3523.56
3523.56
3523.56
3523.56
3523.56
3523.56
3523.56
3523.56
3523.56
3523.56
3523.56
3523.56
3523.56
3523.56
3523.56
3523.56
3523.56
3523.56
3523.56
3523.56
3523.56
3523.56
3523.55
3523.55
3523.55
3523.55
3523.55
3523.55
3523.55
3523.55
3523.55
3523.55
3523.55
3523.55
3523.55
3523.55
3523.55
3523.55
3523.55
3523.55
3523.55
3523.55
3523.55
3523.55
3523.55
3523.55
3523.55
3523.55
3523.55
3523.55
3523.55
3523.55
3523.55
3523.55
3523.55
3523.55
3523.55
3523.55
3523.55
3523.55
3523.55
3523.55
3523.55
3523.55
3523.55
3523.55
3523.55
3523.55
3523.55
3523.55
3523.55
3523.55
3523.55
3523.55
3523.55
3523.55
3523.55
3523.55
3523.55
3523.55
3523.55
3523.55
3523.55
3523.55
3523.55
3523.55
3523.56
3523.56
3523.56
3523.56
3523.56
3523.56
3523.56
3523.56
3523.56
3523.56
3523.56
3523.56
3523.56
3523.56
3523.56
3523.56
3523.56
3523.56
3523.56
3523.56
3523.56
3523.56
3523.56
3523.56
3523.56
3523.56
3523.56
3523.56
3523.56
3523.56
3523.56
3523.55
3523.55
3523.55
3523.55
3523.55
3523.55
3523.55
3523.55
3523.55
3523.55
3523.55
3523.55
3523.55
3523.55
3523.55
3523.55
3523.55
3523.55
3523.55
3523.55
3523.55
3523.55
3523.55
3523.55
3523.55
3523.55
3523.55
3523.54
3523.54
3523.54
3523.54
3523.54
3523.54
3523.54
3523.54
3523.54
3523.53
3523.53
3523.53
3523.53
3523.53
3523.53
3523.53
3523.53
3523.44
3523.44
3523.44
3523.44
3523.44
3523.44
3523.44
3523.44
3523.44
3523.44
3523.44
3523.44
3523.44
3523.44
3523.44
3523.44
3523.44
3523.44
3523.44
3523.44
3523.44
3523.44
3523.44
3523.44
3523.44
3523.44
3523.44
3523.44
3523.44
3523.44
3523.44
3523.44
3523.44
3523.44
3523.44
3523.44
3523.44
3523.44
3523.44
3523.44
3523.44
3523.44
3523.43
3523.43
3523.43
3523.43
3523.43
3523.43
3523.43
3523.43
3523.43
3523.43
3523.43
3523.43
3523.43
3523.43
3523.43
3523.43
3523.43
3523.43
3523.43
3523.43
3523.43
3523.43
3523.43
3523.43
3523.43
3523.43
3523.43
3523.43
3523.43
3523.43
3523.43
3523.43
3523.43
3523.43
3523.43
3523.43
3523.43
3523.43
3523.43
3523.43
3523.43
3523.43
3523.43
3523.43
3523.43
3523.43
3523.43
3523.43
3523.43
3523.43
3523.43
3523.43
3523.43
3523.43
3523.43
3523.43
3523.43
3523.43
3523.43
3523.43
3523.43
3523.43
3523.43
3523.43
3523.43
3523.43
3523.43
3523.43
3523.43
3523.43
3523.43
3523.43
3523.43
3523.43
3523.43
3523.43
3523.43
3523.43
3523.43
3523.43
3523.43
3523.43
3523.43
3523.43
3523.43
3523.43
3523.43
3523.43
3523.43
3523.43
3523.43
3523.43
3523.43
3523.43
3523.43
3523.43
3523.43
3523.43
3523.43
3523.43
3523.43
3523.43
3523.43
3523.43
3523.43
3523.43
3523.43
3523.43
3523.43
3523.43
3523.43
3523.43
3523.43
3523.43
3523.43
3523.43
3523.43
3523.43
3523.43
3523.43
3523.43
3523.43
3523.43
3523.43
3523.43
3523.43
3523.43
3523.43
3523.43
3523.43
3523.43
3523.43
3523.43
3523.43
3523.43
3523.43
3523.43
3523.43
3523.42
3523.42
3523.42
3523.42
3523.42
3523.42
3523.42
3523.42
3523.42
3523.42
3523.42
3523.41
3523.41
3523.41
3523.41
3523.41
3523.41
3523.41
3523.41
3523.41
3523.32
3523.32
3523.32
3523.32
3523.32
3523.32
3523.32
3523.32
3523.32
3523.32
3523.32
3523.32
3523.32
3523.32
3523.32
3523.32
3523.32
3523.32
3523.32
3523.32
3523.32
3523.32
3523.32
3523.32
3523.32
3523.32
3523.32
3523.31
3523.31
3523.31
3523.31
3523.31
3523.31
3523.31
3523.31
3523.31
3523.31
3523.31
3523.31
3523.31
3523.31
3523.31
3523.31
3523.31
3523.31
3523.31
3523.31
3523.31
3523.31
3523.31
3523.31
3523.31
3523.31
3523.31
3523.31
3523.31
3523.31
3523.31
3523.31
3523.31
3523.31
3523.31
3523.31
3523.31
3523.31
3523.31
3523.31
3523.31
3523.31
3523.31
3523.31
3523.31
3523.31
3523.31
3523.31
3523.31
3523.31
3523.31
3523.31
3523.31
3523.31
3523.31
3523.31
3523.31
3523.31
3523.31
3523.31
3523.31
3523.31
3523.31
3523.31
3523.31
3523.31
3523.31
3523.31
3523.31
3523.31
3523.31
3523.31
3523.31
3523.31
3523.31
3523.31
3523.31
3523.31
3523.31
3523.31
3523.31
3523.31
3523.31
3523.31
3523.31
3523.31
3523.31
3523.31
3523.31
3523.31
3523.31
3523.31
3523.31
3523.31
3523.31
3523.31
3523.31
3523.31
3523.31
3523.31
3523.31
3523.31
3523.31
3523.31
3523.31
3523.31
3523.31
3523.31
3523.31
3523.31
3523.31
3523.31
3523.31
3523.31
3523.31
3523.31
3523.31
3523.31
3523.31
3523.31
3523.31
3523.31
3523.31
3523.31
3523.31
3523.31
3523.31
3523.31
3523.31
3523.31
3523.31
3523.31
3523.31
3523.31
3523.31
3523.31
3523.31
3523.31
3523.31
3523.31
3523.31
3523.31
3523.31
3523.31
3523.31
3523.31
3523.31
3523.31
3523.31
3523.31
3523.31
3523.3
3523.3
3523.3
3523.3
3523.3
3523.3
3523.3
3523.3
3523.3
3523.3
3523.3
3523.3
3523.29
3523.29
3523.29
3523.29
3523.29
3523.29
3523.29
3523.29
3523.29
3523.29
3523.19
3523.19
3523.19
3523.19
3523.19
3523.19
3523.19
3523.19
3523.19
3523.19
3523.19
3523.19
3523.19
3523.19
3523.19
3523.19
3523.19
3523.19
3523.19
3523.19
3523.19
3523.19
3523.19
3523.19
3523.19
3523.19
3523.19
3523.19
3523.19
3523.19
3523.19
3523.19
3523.19
3523.19
3523.19
3523.19
3523.19
3523.19
3523.19
3523.19
3523.19
3523.19
3523.19
3523.19
3523.19
3523.19
3523.19
3523.19
3523.19
3523.19
3523.19
3523.19
3523.19
3523.19
3523.19
3523.19
3523.19
3523.19
3523.19
3523.19
3523.19
3523.19
3523.19
3523.19
3523.19
3523.19
3523.19
3523.19
3523.19
3523.19
3523.19
3523.19
3523.19
3523.19
3523.19
3523.19
3523.19
3523.19
3523.19
3523.19
3523.19
3523.19
3523.19
3523.19
3523.19
3523.19
3523.19
3523.19
3523.19
3523.19
3523.19
3523.19
3523.19
3523.19
3523.19
3523.19
3523.19
3523.19
3523.19
3523.19
3523.19
3523.19
3523.19
3523.19
3523.19
3523.19
3523.19
3523.19
3523.19
3523.19
3523.19
3523.19
3523.19
3523.19
3523.19
3523.19
3523.19
3523.19
3523.19
3523.19
3523.19
3523.19
3523.19
3523.19
3523.19
3523.19
3523.19
3523.19
3523.19
3523.19
3523.19
3523.19
3523.19
3523.19
3523.19
3523.19
3523.19
3523.19
3523.19
3523.19
3523.19
3523.19
3523.19
3523.19
3523.19
3523.19
3523.19
3523.19
3523.19
3523.19
3523.19
3523.19
3523.19
3523.19
3523.19
3523.19
3523.19
3523.19
3523.19
3523.19
3523.19
3523.19
3523.19
3523.19
3523.19
3523.19
3523.19
3523.19
3523.19
3523.19
3523.19
3523.19
3523.19
3523.19
3523.18
3523.18
3523.18
3523.18
3523.18
3523.18
3523.18
3523.18
3523.18
3523.18
3523.18
3523.18
3523.18
3523.18
3523.18
3523.17
3523.17
3523.17
3523.17
3523.17
3523.17
3523.17
3523.17
3523.17
3523.17
3523.17
3523.07
3523.07
3523.07
3523.07
3523.07
3523.07
3523.07
3523.07
3523.07
3523.07
3523.07
3523.07
3523.07
3523.07
3523.07
3523.07
3523.07
3523.07
3523.07
3523.07
3523.07
3523.07
3523.07
3523.07
3523.07
3523.07
3523.07
3523.07
3523.07
3523.07
3523.07
3523.07
3523.07
3523.07
3523.07
3523.07
3523.07
3523.07
3523.07
3523.07
3523.07
3523.07
3523.07
3523.07
3523.07
3523.07
3523.07
3523.07
3523.07
3523.07
3523.07
3523.07
3523.07
3523.07
3523.07
3523.07
3523.07
3523.07
3523.07
3523.07
3523.07
3523.07
3523.07
3523.07
3523.07
3523.07
3523.07
3523.07
3523.07
3523.07
3523.07
3523.07
3523.07
3523.07
3523.07
3523.07
3523.07
3523.07
3523.07
3523.07
3523.07
3523.07
3523.07
3523.07
3523.07
3523.07
3523.07
3523.07
3523.07
3523.07
3523.07
3523.07
3523.07
3523.07
3523.07
3523.07
3523.07
3523.07
3523.07
3523.07
3523.07
3523.07
3523.07
3523.07
3523.07
3523.07
3523.07
3523.07
3523.07
3523.07
3523.07
3523.07
3523.07
3523.07
3523.07
3523.07
3523.07
3523.07
3523.07
3523.07
3523.07
3523.07
3523.07
3523.07
3523.07
3523.07
3523.07
3523.07
3523.07
3523.07
3523.07
3523.07
3523.07
3523.07
3523.07
3523.07
3523.07
3523.07
3523.07
3523.07
3523.07
3523.07
3523.07
3523.07
3523.07
3523.07
3523.07
3523.07
3523.07
3523.07
3523.07
3523.07
3523.07
3523.07
3523.07
3523.07
3523.07
3523.07
3523.07
3523.07
3523.07
3523.07
3523.07
3523.07
3523.07
3523.07
3523.07
3523.07
3523.06
3523.06
3523.06
3523.06
3523.06
3523.06
3523.06
3523.06
3523.06
3523.06
3523.06
3523.06
3523.06
3523.06
3523.06
3523.06
3523.06
3523.06
3523.06
3523.05
3523.05
3523.05
3523.05
3523.05
3523.05
3523.05
3523.05
3523.05
3523.05
3523.05
3523.05
3523.05
3522.94
3522.94
3522.94
3522.94
3522.94
3522.94
3522.95
3522.95
3522.95
3522.95
3522.95
3522.95
3522.95
3522.95
3522.95
3522.95
3522.95
3522.95
3522.95
3522.95
3522.95
3522.95
3522.95
3522.95
3522.95
3522.95
3522.95
3522.95
3522.95
3522.95
3522.95
3522.95
3522.95
3522.95
3522.95
3522.95
3522.95
3522.95
3522.95
3522.95
3522.95
3522.95
3522.95
3522.95
3522.95
3522.95
3522.95
3522.95
3522.95
3522.95
3522.95
3522.95
3522.95
3522.95
3522.95
3522.95
3522.95
3522.95
3522.95
3522.95
3522.94
3522.94
3522.94
3522.94
3522.94
3522.94
3522.94
3522.94
3522.94
3522.94
3522.94
3522.94
3522.94
3522.94
3522.94
3522.94
3522.94
3522.94
3522.94
3522.94
3522.94
3522.94
3522.94
3522.94
3522.94
3522.94
3522.94
3522.94
3522.94
3522.94
3522.94
3522.94
3522.94
3522.94
3522.94
3522.94
3522.94
3522.94
3522.94
3522.94
3522.94
3522.94
3522.94
3522.94
3522.94
3522.94
3522.94
3522.94
3522.94
3522.94
3522.94
3522.94
3522.94
3522.94
3522.94
3522.94
3522.94
3522.94
3522.94
3522.94
3522.94
3522.94
3522.94
3522.94
3522.94
3522.94
3522.95
3522.95
3522.95
3522.95
3522.95
3522.95
3522.95
3522.95
3522.95
3522.95
3522.95
3522.95
3522.95
3522.95
3522.95
3522.95
3522.95
3522.95
3522.95
3522.95
3522.95
3522.95
3522.95
3522.95
3522.95
3522.95
3522.95
3522.95
3522.95
3522.95
3522.94
3522.94
3522.94
3522.94
3522.94
3522.94
3522.94
3522.94
3522.94
3522.94
3522.94
3522.94
3522.94
3522.94
3522.94
3522.94
3522.94
3522.94
3522.94
3522.94
3522.94
3522.94
3522.94
3522.94
3522.94
3522.94
3522.94
3522.94
3522.94
3522.94
3522.93
3522.93
3522.93
3522.93
3522.93
3522.93
3522.93
3522.93
3522.93
3522.93
3522.93
3522.93
3522.93
3522.93
3522.82
3522.82
3522.82
3522.82
3522.82
3522.82
3522.82
3522.82
3522.82
3522.82
3522.82
3522.82
3522.82
3522.82
3522.82
3522.82
3522.83
3522.83
3522.83
3522.83
3522.83
3522.83
3522.83
3522.83
3522.83
3522.83
3522.83
3522.83
3522.83
3522.83
3522.83
3522.83
3522.83
3522.83
3522.83
3522.83
3522.83
3522.83
3522.83
3522.83
3522.83
3522.83
3522.82
3522.82
3522.82
3522.82
3522.82
3522.82
3522.82
3522.82
3522.82
3522.82
3522.82
3522.82
3522.82
3522.82
3522.82
3522.82
3522.82
3522.82
3522.82
3522.82
3522.82
3522.82
3522.82
3522.82
3522.82
3522.82
3522.82
3522.82
3522.82
3522.82
3522.82
3522.82
3522.82
3522.82
3522.82
3522.82
3522.82
3522.82
3522.82
3522.82
3522.82
3522.82
3522.82
3522.82
3522.82
3522.82
3522.82
3522.82
3522.82
3522.82
3522.82
3522.82
3522.82
3522.82
3522.82
3522.82
3522.82
3522.82
3522.82
3522.82
3522.82
3522.82
3522.82
3522.82
3522.82
3522.82
3522.82
3522.82
3522.82
3522.82
3522.82
3522.82
3522.82
3522.82
3522.82
3522.82
3522.82
3522.82
3522.82
3522.82
3522.82
3522.82
3522.82
3522.82
3522.82
3522.82
3522.82
3522.82
3522.82
3522.82
3522.82
3522.82
3522.82
3522.82
3522.82
3522.82
3522.82
3522.82
3522.82
3522.82
3522.82
3522.82
3522.82
3522.82
3522.82
3522.82
3522.82
3522.82
3522.82
3522.82
3522.82
3522.82
3522.82
3522.82
3522.82
3522.82
3522.82
3522.82
3522.82
3522.82
3522.82
3522.82
3522.82
3522.82
3522.82
3522.82
3522.82
3522.82
3522.82
3522.82
3522.82
3522.82
3522.82
3522.82
3522.82
3522.82
3522.82
3522.82
3522.82
3522.82
3522.82
3522.82
3522.81
3522.81
3522.81
3522.81
3522.81
3522.81
3522.81
3522.81
3522.81
3522.81
3522.81
3522.81
3522.81
3522.81
3522.81
3522.81
3522.7
3522.7
3522.7
3522.7
3522.7
3522.7
3522.7
3522.7
3522.7
3522.7
3522.7
3522.7
3522.7
3522.7
3522.7
3522.7
3522.7
3522.7
3522.7
3522.7
3522.7
3522.7
3522.7
3522.7
3522.7
3522.7
3522.7
3522.7
3522.7
3522.7
3522.7
3522.7
3522.7
3522.7
3522.7
3522.7
3522.7
3522.7
3522.7
3522.7
3522.7
3522.7
3522.7
3522.7
3522.7
3522.7
3522.7
3522.7
3522.7
3522.7
3522.7
3522.7
3522.7
3522.7
3522.7
3522.7
3522.7
3522.7
3522.7
3522.7
3522.7
3522.7
3522.7
3522.7
3522.7
3522.7
3522.7
3522.7
3522.7
3522.7
3522.7
3522.7
3522.7
3522.7
3522.7
3522.7
3522.7
3522.7
3522.7
3522.7
3522.7
3522.7
3522.7
3522.7
3522.7
3522.7
3522.7
3522.7
3522.7
3522.7
3522.7
3522.7
3522.7
3522.7
3522.7
3522.7
3522.7
3522.7
3522.7
3522.7
3522.7
3522.7
3522.7
3522.7
3522.7
3522.7
3522.7
3522.7
3522.7
3522.7
3522.7
3522.7
3522.7
3522.7
3522.7
3522.7
3522.7
3522.7
3522.7
3522.7
3522.7
3522.7
3522.7
3522.7
3522.7
3522.7
3522.7
3522.7
3522.7
3522.7
3522.7
3522.7
3522.7
3522.7
3522.7
3522.7
3522.7
3522.7
3522.7
3522.7
3522.7
3522.7
3522.7
3522.7
3522.7
3522.7
3522.7
3522.7
3522.7
3522.7
3522.7
3522.7
3522.7
3522.7
3522.7
3522.7
3522.7
3522.7
3522.7
3522.7
3522.7
3522.7
3522.7
3522.7
3522.7
3522.7
3522.7
3522.7
3522.7
3522.7
3522.7
3522.7
3522.7
3522.7
3522.7
3522.7
3522.7
3522.7
3522.7
3522.7
3522.7
3522.69
3522.69
3522.69
3522.69
3522.69
3522.69
3522.69
3522.69
3522.69
3522.69
3522.69
3522.69
3522.69
3522.69
3522.69
3522.69
3522.69
3522.69
3522.69
3522.57
3522.57
3522.57
3522.57
3522.57
3522.57
3522.57
3522.57
3522.58
3522.58
3522.58
3522.58
3522.58
3522.58
3522.58
3522.58
3522.58
3522.58
3522.58
3522.58
3522.58
3522.58
3522.58
3522.58
3522.58
3522.58
3522.58
3522.58
3522.58
3522.58
3522.58
3522.58
3522.58
3522.58
3522.58
3522.58
3522.58
3522.58
3522.58
3522.58
3522.58
3522.58
3522.58
3522.58
3522.58
3522.58
3522.58
3522.58
3522.58
3522.58
3522.58
3522.58
3522.58
3522.58
3522.58
3522.58
3522.58
3522.58
3522.58
3522.58
3522.58
3522.58
3522.58
3522.58
3522.58
3522.58
3522.58
3522.58
3522.58
3522.58
3522.58
3522.58
3522.58
3522.58
3522.58
3522.58
3522.58
3522.58
3522.58
3522.58
3522.58
3522.58
3522.58
3522.58
3522.58
3522.58
3522.58
3522.58
3522.58
3522.58
3522.58
3522.58
3522.58
3522.58
3522.58
3522.58
3522.58
3522.58
3522.58
3522.58
3522.58
3522.58
3522.58
3522.58
3522.58
3522.58
3522.58
3522.58
3522.58
3522.58
3522.58
3522.58
3522.58
3522.58
3522.58
3522.58
3522.58
3522.58
3522.58
3522.58
3522.58
3522.58
3522.58
3522.58
3522.58
3522.58
3522.58
3522.58
3522.58
3522.58
3522.58
3522.58
3522.58
3522.58
3522.58
3522.58
3522.58
3522.58
3522.58
3522.58
3522.58
3522.58
3522.58
3522.58
3522.58
3522.58
3522.58
3522.58
3522.58
3522.58
3522.58
3522.58
3522.58
3522.58
3522.58
3522.58
3522.58
3522.58
3522.58
3522.58
3522.58
3522.58
3522.58
3522.58
3522.58
3522.58
3522.58
3522.58
3522.58
3522.58
3522.58
3522.58
3522.58
3522.58
3522.58
3522.58
3522.58
3522.57
3522.57
3522.57
3522.57
3522.57
3522.57
3522.57
3522.57
3522.57
3522.57
3522.57
3522.57
3522.57
3522.57
3522.57
3522.57
3522.57
3522.57
3522.57
3522.57
3522.57
3522.57
3522.57
3522.45
3522.45
3522.45
3522.45
3522.45
3522.45
3522.45
3522.45
3522.45
3522.45
3522.45
3522.45
3522.46
3522.46
3522.46
3522.46
3522.46
3522.46
3522.46
3522.46
3522.46
3522.46
3522.46
3522.46
3522.46
3522.46
3522.46
3522.46
3522.46
3522.46
3522.46
3522.46
3522.46
3522.46
3522.46
3522.46
3522.46
3522.46
3522.46
3522.46
3522.46
3522.46
3522.46
3522.46
3522.46
3522.46
3522.46
3522.46
3522.46
3522.46
3522.46
3522.46
3522.46
3522.46
3522.46
3522.46
3522.46
3522.46
3522.46
3522.46
3522.46
3522.46
3522.46
3522.46
3522.46
3522.46
3522.46
3522.46
3522.46
3522.46
3522.46
3522.46
3522.46
3522.46
3522.46
3522.46
3522.46
3522.46
3522.46
3522.46
3522.46
3522.46
3522.46
3522.46
3522.46
3522.46
3522.46
3522.46
3522.46
3522.46
3522.46
3522.46
3522.46
3522.46
3522.46
3522.46
3522.46
3522.46
3522.46
3522.46
3522.46
3522.46
3522.46
3522.46
3522.46
3522.46
3522.46
3522.46
3522.46
3522.46
3522.46
3522.46
3522.46
3522.46
3522.46
3522.46
3522.46
3522.46
3522.46
3522.46
3522.46
3522.46
3522.46
3522.46
3522.46
3522.46
3522.46
3522.46
3522.46
3522.46
3522.46
3522.46
3522.46
3522.46
3522.46
3522.46
3522.46
3522.46
3522.46
3522.46
3522.46
3522.46
3522.46
3522.46
3522.46
3522.46
3522.46
3522.46
3522.46
3522.46
3522.46
3522.46
3522.46
3522.46
3522.46
3522.46
3522.46
3522.46
3522.46
3522.46
3522.46
3522.46
3522.46
3522.46
3522.46
3522.46
3522.46
3522.46
3522.46
3522.46
3522.46
3522.46
3522.45
3522.45
3522.45
3522.45
3522.45
3522.45
3522.45
3522.45
3522.45
3522.45
3522.45
3522.45
3522.45
3522.45
3522.45
3522.45
3522.45
3522.45
3522.45
3522.45
3522.45
3522.45
3522.45
3522.45
3522.45
3522.45
3522.45
3522.45
3522.32
3522.32
3522.32
3522.32
3522.33
3522.33
3522.33
3522.33
3522.33
3522.33
3522.33
3522.33
3522.33
3522.33
3522.33
3522.33
3522.34
3522.34
3522.34
3522.34
3522.34
3522.34
3522.34
3522.34
3522.34
3522.34
3522.34
3522.34
3522.34
3522.34
3522.34
3522.34
3522.34
3522.34
3522.34
3522.34
3522.34
3522.34
3522.34
3522.34
3522.34
3522.34
3522.34
3522.34
3522.34
3522.34
3522.34
3522.34
3522.34
3522.34
3522.34
3522.34
3522.34
3522.34
3522.34
3522.34
3522.34
3522.34
3522.34
3522.34
3522.34
3522.33
3522.33
3522.33
3522.33
3522.33
3522.33
3522.33
3522.33
3522.33
3522.33
3522.33
3522.33
3522.33
3522.33
3522.33
3522.33
3522.33
3522.33
3522.33
3522.33
3522.33
3522.33
3522.33
3522.33
3522.33
3522.33
3522.33
3522.33
3522.33
3522.33
3522.33
3522.33
3522.33
3522.33
3522.33
3522.33
3522.33
3522.33
3522.33
3522.33
3522.33
3522.33
3522.33
3522.33
3522.33
3522.33
3522.33
3522.33
3522.33
3522.33
3522.33
3522.33
3522.33
3522.33
3522.33
3522.33
3522.33
3522.33
3522.33
3522.33
3522.33
3522.33
3522.33
3522.34
3522.34
3522.34
3522.34
3522.34
3522.34
3522.34
3522.34
3522.34
3522.34
3522.34
3522.34
3522.34
3522.34
3522.34
3522.34
3522.34
3522.34
3522.34
3522.34
3522.34
3522.34
3522.34
3522.34
3522.34
3522.34
3522.34
3522.34
3522.34
3522.34
3522.34
3522.34
3522.34
3522.34
3522.34
3522.34
3522.34
3522.33
3522.33
3522.33
3522.33
3522.33
3522.33
3522.33
3522.33
3522.33
3522.33
3522.33
3522.33
3522.33
3522.33
3522.33
3522.33
3522.33
3522.33
3522.33
3522.33
3522.33
3522.33
3522.33
3522.33
3522.33
3522.33
3522.33
3522.33
3522.33
3522.33
3522.33
3522.33
3522.33
3522.33
3522.33
3522.33
3522.33
3522.33
3522.33
3522.2
3522.2
3522.2
3522.2
3522.2
3522.2
3522.2
3522.2
3522.21
3522.21
3522.21
3522.21
3522.21
3522.21
3522.21
3522.21
3522.21
3522.21
3522.21
3522.21
3522.22
3522.22
3522.22
3522.22
3522.22
3522.22
3522.22
3522.22
3522.22
3522.22
3522.22
3522.22
3522.22
3522.22
3522.22
3522.22
3522.22
3522.22
3522.22
3522.22
3522.22
3522.22
3522.21
3522.21
3522.21
3522.21
3522.21
3522.21
3522.21
3522.21
3522.21
3522.21
3522.21
3522.21
3522.21
3522.21
3522.21
3522.21
3522.21
3522.21
3522.21
3522.21
3522.21
3522.21
3522.21
3522.21
3522.21
3522.21
3522.21
3522.21
3522.21
3522.21
3522.21
3522.21
3522.21
3522.21
3522.21
3522.21
3522.21
3522.21
3522.21
3522.21
3522.21
3522.21
3522.21
3522.21
3522.21
3522.21
3522.21
3522.21
3522.21
3522.21
3522.21
3522.21
3522.21
3522.21
3522.21
3522.21
3522.21
3522.21
3522.21
3522.21
3522.21
3522.21
3522.21
3522.21
3522.21
3522.21
3522.21
3522.21
3522.21
3522.21
3522.21
3522.21
3522.21
3522.21
3522.21
3522.21
3522.21
3522.21
3522.21
3522.21
3522.21
3522.21
3522.21
3522.21
3522.21
3522.21
3522.21
3522.21
3522.21
3522.21
3522.21
3522.21
3522.21
3522.21
3522.21
3522.21
3522.21
3522.21
3522.21
3522.21
3522.21
3522.21
3522.21
3522.21
3522.21
3522.21
3522.21
3522.21
3522.21
3522.21
3522.21
3522.21
3522.21
3522.21
3522.21
3522.21
3522.21
3522.21
3522.21
3522.21
3522.21
3522.21
3522.21
3522.21
3522.21
3522.21
3522.21
3522.21
3522.21
3522.21
3522.21
3522.21
3522.21
3522.21
3522.21
3522.21
3522.21
3522.21
3522.21
3522.21
3522.21
3522.21
3522.21
3522.21
3522.21
3522.21
3522.21
3522.21
3522.21
3522.21
3522.21
3522.21
3522.21
3522.21
3522.21
3522.21
3522.21
3522.21
3522.08
3522.08
3522.08
3522.08
3522.08
3522.08
3522.08
3522.08
3522.08
3522.08
3522.08
3522.09
3522.09
3522.09
3522.09
3522.09
3522.09
3522.09
3522.09
3522.09
3522.09
3522.09
3522.09
3522.09
3522.09
3522.09
3522.09
3522.09
3522.09
3522.09
3522.09
3522.09
3522.09
3522.09
3522.09
3522.09
3522.09
3522.09
3522.09
3522.09
3522.09
3522.09
3522.09
3522.09
3522.09
3522.09
3522.09
3522.09
3522.09
3522.09
3522.09
3522.09
3522.09
3522.09
3522.09
3522.09
3522.09
3522.09
3522.09
3522.09
3522.09
3522.09
3522.09
3522.09
3522.09
3522.09
3522.09
3522.09
3522.09
3522.09
3522.09
3522.09
3522.09
3522.09
3522.09
3522.09
3522.09
3522.09
3522.09
3522.09
3522.09
3522.09
3522.09
3522.09
3522.09
3522.09
3522.09
3522.09
3522.09
3522.09
3522.09
3522.09
3522.09
3522.09
3522.09
3522.09
3522.09
3522.09
3522.09
3522.09
3522.09
3522.09
3522.09
3522.09
3522.09
3522.09
3522.09
3522.09
3522.09
3522.09
3522.09
3522.09
3522.09
3522.09
3522.09
3522.09
3522.09
3522.09
3522.09
3522.09
3522.09
3522.09
3522.09
3522.09
3522.09
3522.09
3522.09
3522.09
3522.09
3522.09
3522.09
3522.09
3522.09
3522.09
3522.09
3522.09
3522.09
3522.09
3522.09
3522.09
3522.09
3522.09
3522.09
3522.09
3522.09
3522.09
3522.09
3522.09
3522.09
3522.09
3522.09
3522.09
3522.09
3522.09
3522.09
3522.09
3522.09
3522.09
3522.09
3522.09
3522.09
3522.09
3522.09
3522.09
3522.09
3522.09
3522.09
3522.09
3522.09
3522.09
3522.09
3522.09
3522.09
3522.09
3522.09
3522.09
3522.09
3522.09
3522.09
3522.09
3522.09
3522.09
3522.09
3522.09
3522.09
3522.09
3522.09
3522.09
3522.09
3522.09
3522.08
3522.08
3522.08
3522.08
3522.08
3522.08
3522.08
3522.08
3522.08
3522.08
3521.97
3521.97
3521.96
3521.96
3521.95
3521.95
3521.95
3521.96
3521.96
3521.96
3521.96
3521.96
3521.97
3521.97
3521.97
3521.97
3521.97
3521.97
3521.97
3521.97
3521.97
3521.97
3521.97
3521.97
3521.97
3521.97
3521.97
3521.97
3521.97
3521.97
3521.97
3521.97
3521.97
3521.97
3521.97
3521.97
3521.97
3521.97
3521.97
3521.97
3521.97
3521.97
3521.97
3521.97
3521.97
3521.97
3521.97
3521.97
3521.97
3521.97
3521.97
3521.97
3521.97
3521.97
3521.97
3521.97
3521.97
3521.97
3521.97
3521.97
3521.97
3521.97
3521.97
3521.97
3521.97
3521.97
3521.97
3521.97
3521.97
3521.97
3521.97
3521.97
3521.97
3521.97
3521.97
3521.97
3521.97
3521.97
3521.97
3521.97
3521.97
3521.97
3521.97
3521.97
3521.97
3521.97
3521.97
3521.97
3521.97
3521.97
3521.97
3521.97
3521.97
3521.97
3521.97
3521.97
3521.97
3521.97
3521.97
3521.97
3521.97
3521.97
3521.97
3521.97
3521.97
3521.97
3521.97
3521.97
3521.97
3521.97
3521.97
3521.97
3521.97
3521.97
3521.97
3521.97
3521.97
3521.97
3521.97
3521.97
3521.97
3521.97
3521.97
3521.97
3521.97
3521.97
3521.97
3521.97
3521.97
3521.97
3521.97
3521.97
3521.97
3521.97
3521.97
3521.97
3521.97
3521.97
3521.97
3521.97
3521.97
3521.97
3521.97
3521.97
3521.97
3521.97
3521.97
3521.97
3521.97
3521.97
3521.97
3521.97
3521.97
3521.97
3521.97
3521.97
3521.97
3521.97
3521.97
3521.97
3521.97
3521.97
3521.97
3521.97
3521.97
3521.97
3521.97
3521.97
3521.97
3521.97
3521.97
3521.97
3521.97
3521.97
3521.97
3521.97
3521.97
3521.97
3521.97
3521.97
3521.97
3521.97
3521.97
3521.97
3521.97
3521.97
3521.96
3521.96
3521.96
3521.96
3521.96
3521.96
3521.96
3521.96
3521.96
3521.96
3521.96
3521.96
3521.96
3521.96
3522
3521.98
3521.93
3521.9
3521.86
3521.84
3521.83
3521.83
3521.84
3521.84
3521.84
3521.84
3521.84
3521.84
3521.85
3521.85
3521.85
3521.85
3521.85
3521.85
3521.85
3521.85
3521.85
3521.85
3521.85
3521.85
3521.85
3521.85
3521.85
3521.85
3521.85
3521.85
3521.85
3521.85
3521.85
3521.85
3521.85
3521.85
3521.85
3521.85
3521.85
3521.85
3521.85
3521.85
3521.85
3521.85
3521.85
3521.85
3521.85
3521.85
3521.85
3521.85
3521.85
3521.85
3521.85
3521.85
3521.85
3521.85
3521.85
3521.85
3521.85
3521.85
3521.85
3521.85
3521.85
3521.85
3521.85
3521.85
3521.85
3521.85
3521.85
3521.85
3521.85
3521.85
3521.85
3521.85
3521.85
3521.85
3521.85
3521.85
3521.85
3521.85
3521.85
3521.85
3521.85
3521.85
3521.85
3521.85
3521.85
3521.85
3521.85
3521.85
3521.85
3521.85
3521.85
3521.85
3521.85
3521.85
3521.85
3521.85
3521.85
3521.85
3521.85
3521.85
3521.85
3521.85
3521.85
3521.85
3521.85
3521.85
3521.85
3521.85
3521.85
3521.85
3521.85
3521.85
3521.85
3521.85
3521.85
3521.85
3521.85
3521.85
3521.85
3521.85
3521.85
3521.85
3521.85
3521.85
3521.85
3521.85
3521.85
3521.85
3521.85
3521.85
3521.85
3521.85
3521.85
3521.85
3521.85
3521.85
3521.85
3521.85
3521.85
3521.85
3521.85
3521.85
3521.85
3521.85
3521.85
3521.85
3521.85
3521.85
3521.85
3521.85
3521.85
3521.85
3521.85
3521.85
3521.85
3521.85
3521.85
3521.85
3521.85
3521.85
3521.85
3521.85
3521.85
3521.85
3521.85
3521.85
3521.85
3521.85
3521.85
3521.85
3521.85
3521.85
3521.85
3521.85
3521.85
3521.85
3521.84
3521.84
3521.84
3521.84
3521.84
3521.84
3521.84
3521.84
3521.84
3521.84
3521.84
3521.84
3521.84
3521.84
3521.84
3521.84
3521.84
3521.84
3521.84
3521.84
3522.08
3522.85
3522.72
3522.53
3522.14
3521.86
3521.74
3521.72
3521.71
3521.72
3521.72
3521.72
3521.72
3521.72
3521.72
3521.72
3521.73
3521.73
3521.73
3521.73
3521.73
3521.73
3521.73
3521.73
3521.73
3521.73
3521.73
3521.73
3521.73
3521.73
3521.73
3521.73
3521.73
3521.73
3521.73
3521.73
3521.73
3521.73
3521.73
3521.73
3521.73
3521.73
3521.73
3521.73
3521.73
3521.73
3521.73
3521.73
3521.73
3521.73
3521.73
3521.73
3521.73
3521.73
3521.73
3521.73
3521.73
3521.73
3521.73
3521.73
3521.73
3521.73
3521.73
3521.73
3521.72
3521.72
3521.72
3521.72
3521.72
3521.72
3521.72
3521.72
3521.72
3521.72
3521.72
3521.72
3521.72
3521.72
3521.72
3521.72
3521.72
3521.72
3521.72
3521.72
3521.72
3521.72
3521.72
3521.72
3521.72
3521.72
3521.72
3521.72
3521.72
3521.72
3521.72
3521.72
3521.72
3521.72
3521.72
3521.72
3521.72
3521.72
3521.72
3521.72
3521.72
3521.72
3521.72
3521.72
3521.72
3521.72
3521.72
3521.72
3521.72
3521.72
3521.72
3521.72
3521.72
3521.73
3521.73
3521.73
3521.73
3521.73
3521.73
3521.73
3521.73
3521.73
3521.73
3521.73
3521.73
3521.73
3521.73
3521.73
3521.73
3521.73
3521.73
3521.73
3521.73
3521.73
3521.73
3521.73
3521.73
3521.73
3521.73
3521.73
3521.73
3521.73
3521.73
3521.73
3521.73
3521.73
3521.73
3521.73
3521.73
3521.73
3521.73
3521.73
3521.73
3521.73
3521.73
3521.73
3521.73
3521.73
3521.73
3521.73
3521.73
3521.73
3521.73
3521.73
3521.73
3521.73
3521.73
3521.72
3521.72
3521.72
3521.72
3521.72
3521.72
3521.72
3521.72
3521.72
3521.72
3521.72
3521.72
3521.72
3521.72
3521.72
3521.72
3521.72
3521.72
3521.72
3521.72
3521.72
3521.72
3521.72
3521.72
3521.72
3521.72
3521.72
3521.72
3521.72
3532.13
3526.19
3529.37
3528.6
3525.56
3523.07
3521.98
3521.67
3521.6
3521.59
3521.6
3521.6
3521.6
3521.6
3521.6
3521.6
3521.6
3521.6
3521.6
3521.6
3521.61
3521.61
3521.61
3521.61
3521.61
3521.61
3521.61
3521.61
3521.61
3521.61
3521.61
3521.61
3521.61
3521.61
3521.61
3521.61
3521.61
3521.61
3521.61
3521.61
3521.61
3521.61
3521.61
3521.61
3521.61
3521.6
3521.6
3521.6
3521.6
3521.6
3521.6
3521.6
3521.6
3521.6
3521.6
3521.6
3521.6
3521.6
3521.6
3521.6
3521.6
3521.6
3521.6
3521.6
3521.6
3521.6
3521.6
3521.6
3521.6
3521.6
3521.6
3521.6
3521.6
3521.6
3521.6
3521.6
3521.6
3521.6
3521.6
3521.6
3521.6
3521.6
3521.6
3521.6
3521.6
3521.6
3521.6
3521.6
3521.6
3521.6
3521.6
3521.6
3521.6
3521.6
3521.6
3521.6
3521.6
3521.6
3521.6
3521.6
3521.6
3521.6
3521.6
3521.6
3521.6
3521.6
3521.6
3521.6
3521.6
3521.6
3521.6
3521.6
3521.6
3521.6
3521.6
3521.6
3521.6
3521.6
3521.6
3521.6
3521.6
3521.6
3521.6
3521.6
3521.6
3521.6
3521.6
3521.6
3521.6
3521.6
3521.6
3521.6
3521.6
3521.6
3521.6
3521.6
3521.6
3521.6
3521.6
3521.6
3521.6
3521.6
3521.6
3521.6
3521.6
3521.6
3521.6
3521.6
3521.6
3521.6
3521.6
3521.6
3521.6
3521.6
3521.6
3521.6
3521.6
3521.6
3521.6
3521.6
3521.6
3521.6
3521.6
3521.6
3521.6
3521.6
3521.6
3521.6
3521.6
3521.6
3521.6
3521.6
3521.6
3521.6
3521.6
3521.6
3521.6
3521.6
3521.6
3521.6
3521.6
3521.6
3521.6
3521.6
3521.6
3521.6
3521.6
3521.6
3521.6
3521.6
3521.6
3521.6
3521.6
3521.6
3521.6
3521.6
3521.6
3521.6
3521.6
3521.6
3507.08
3572.37
3565.32
3564.49
3547.92
3532.25
3524.62
3522.15
3521.59
3521.49
3521.48
3521.48
3521.48
3521.48
3521.48
3521.48
3521.48
3521.48
3521.48
3521.48
3521.48
3521.48
3521.48
3521.48
3521.48
3521.48
3521.48
3521.48
3521.48
3521.48
3521.48
3521.48
3521.48
3521.48
3521.48
3521.48
3521.48
3521.48
3521.48
3521.48
3521.48
3521.48
3521.48
3521.48
3521.48
3521.48
3521.48
3521.48
3521.48
3521.48
3521.48
3521.48
3521.48
3521.48
3521.48
3521.48
3521.48
3521.48
3521.48
3521.48
3521.48
3521.48
3521.48
3521.48
3521.48
3521.48
3521.48
3521.48
3521.48
3521.48
3521.48
3521.48
3521.48
3521.48
3521.48
3521.48
3521.48
3521.48
3521.48
3521.48
3521.48
3521.48
3521.48
3521.48
3521.48
3521.48
3521.48
3521.48
3521.48
3521.48
3521.48
3521.48
3521.48
3521.48
3521.48
3521.48
3521.48
3521.48
3521.48
3521.48
3521.48
3521.48
3521.48
3521.48
3521.48
3521.48
3521.48
3521.48
3521.48
3521.48
3521.48
3521.48
3521.48
3521.48
3521.48
3521.48
3521.48
3521.48
3521.48
3521.48
3521.48
3521.48
3521.48
3521.48
3521.48
3521.48
3521.48
3521.48
3521.48
3521.48
3521.48
3521.48
3521.48
3521.48
3521.48
3521.48
3521.48
3521.48
3521.48
3521.48
3521.48
3521.48
3521.48
3521.48
3521.48
3521.48
3521.48
3521.48
3521.48
3521.48
3521.48
3521.48
3521.48
3521.48
3521.48
3521.48
3521.48
3521.48
3521.48
3521.48
3521.48
3521.48
3521.48
3521.48
3521.48
3521.48
3521.48
3521.48
3521.48
3521.48
3521.48
3521.48
3521.48
3521.48
3521.48
3521.48
3521.48
3521.48
3521.48
3521.48
3521.48
3521.48
3521.48
3521.48
3521.48
3521.48
3521.48
3521.48
3521.48
3521.48
3521.48
3521.48
3521.48
3521.48
3521.48
3521.48
3521.48
3521.48
3521.48
3521.48
3542.97
3525.57
3647.59
3716.46
3650.23
3578.11
3539.99
3525.85
3522.18
3521.47
3521.37
3521.36
3521.36
3521.36
3521.36
3521.36
3521.36
3521.36
3521.36
3521.36
3521.36
3521.36
3521.36
3521.36
3521.36
3521.36
3521.36
3521.36
3521.36
3521.36
3521.36
3521.36
3521.36
3521.36
3521.36
3521.36
3521.36
3521.36
3521.36
3521.36
3521.36
3521.36
3521.36
3521.36
3521.36
3521.36
3521.36
3521.36
3521.36
3521.36
3521.36
3521.36
3521.36
3521.36
3521.36
3521.36
3521.36
3521.36
3521.36
3521.36
3521.36
3521.36
3521.36
3521.36
3521.36
3521.36
3521.36
3521.36
3521.36
3521.36
3521.36
3521.36
3521.36
3521.36
3521.36
3521.36
3521.36
3521.36
3521.36
3521.36
3521.36
3521.36
3521.36
3521.36
3521.36
3521.36
3521.36
3521.36
3521.36
3521.36
3521.36
3521.36
3521.36
3521.36
3521.36
3521.36
3521.36
3521.36
3521.36
3521.36
3521.36
3521.36
3521.36
3521.36
3521.36
3521.36
3521.36
3521.36
3521.36
3521.36
3521.36
3521.36
3521.36
3521.36
3521.36
3521.36
3521.36
3521.36
3521.36
3521.36
3521.36
3521.36
3521.36
3521.36
3521.36
3521.36
3521.36
3521.36
3521.36
3521.36
3521.36
3521.36
3521.36
3521.36
3521.36
3521.36
3521.36
3521.36
3521.36
3521.36
3521.36
3521.36
3521.36
3521.36
3521.36
3521.36
3521.36
3521.36
3521.36
3521.36
3521.36
3521.36
3521.36
3521.36
3521.36
3521.36
3521.36
3521.36
3521.36
3521.36
3521.36
3521.36
3521.36
3521.36
3521.36
3521.36
3521.36
3521.36
3521.36
3521.36
3521.36
3521.36
3521.36
3521.36
3521.36
3521.36
3521.36
3521.36
3521.36
3521.36
3521.36
3521.36
3521.36
3521.36
3521.36
3521.36
3521.36
3521.36
3521.36
3521.36
3521.36
3521.36
3521.36
3521.36
3521.36
3521.36
3521.36
3521.36
3521.36
3521.36
4612.15
4472.2
4511.11
4332.55
3984.75
3734.3
3600.47
3543.2
3525.76
3521.96
3521.33
3521.25
3521.24
3521.24
3521.24
3521.24
3521.24
3521.24
3521.24
3521.24
3521.24
3521.24
3521.24
3521.24
3521.24
3521.24
3521.24
3521.24
3521.24
3521.24
3521.24
3521.24
3521.24
3521.24
3521.24
3521.24
3521.24
3521.24
3521.24
3521.24
3521.24
3521.24
3521.24
3521.24
3521.24
3521.24
3521.24
3521.24
3521.24
3521.24
3521.24
3521.24
3521.24
3521.24
3521.24
3521.24
3521.24
3521.24
3521.24
3521.24
3521.24
3521.24
3521.24
3521.24
3521.24
3521.24
3521.24
3521.24
3521.24
3521.24
3521.24
3521.24
3521.24
3521.24
3521.24
3521.24
3521.24
3521.24
3521.24
3521.24
3521.24
3521.24
3521.24
3521.24
3521.24
3521.24
3521.24
3521.24
3521.24
3521.24
3521.24
3521.24
3521.24
3521.24
3521.24
3521.24
3521.24
3521.24
3521.24
3521.24
3521.24
3521.24
3521.24
3521.24
3521.24
3521.24
3521.24
3521.24
3521.24
3521.24
3521.24
3521.24
3521.24
3521.24
3521.24
3521.24
3521.24
3521.24
3521.24
3521.24
3521.24
3521.24
3521.24
3521.24
3521.24
3521.24
3521.24
3521.24
3521.24
3521.24
3521.24
3521.24
3521.24
3521.24
3521.24
3521.24
3521.24
3521.24
3521.24
3521.24
3521.24
3521.24
3521.24
3521.24
3521.24
3521.24
3521.24
3521.24
3521.24
3521.24
3521.24
3521.24
3521.24
3521.24
3521.24
3521.24
3521.24
3521.24
3521.24
3521.24
3521.24
3521.24
3521.24
3521.24
3521.24
3521.24
3521.24
3521.24
3521.24
3521.24
3521.24
3521.24
3521.24
3521.24
3521.24
3521.24
3521.24
3521.24
3521.24
3521.24
3521.24
3521.24
3521.24
3521.24
3521.24
3521.24
3521.24
3521.24
3521.24
3521.24
3521.24
3521.24
3521.24
3521.24
3521.24
3521.24
3521.24
3521.24
3521.24
3521.24
4659.48
4729.47
4809.43
4634.35
4330.28
4016.77
3752.53
3598.19
3539.47
3524.39
3521.58
3521.17
3521.12
3521.12
3521.12
3521.12
3521.12
3521.12
3521.12
3521.12
3521.12
3521.12
3521.12
3521.12
3521.12
3521.12
3521.12
3521.12
3521.12
3521.12
3521.12
3521.12
3521.12
3521.12
3521.12
3521.12
3521.12
3521.12
3521.12
3521.12
3521.12
3521.12
3521.12
3521.12
3521.12
3521.12
3521.12
3521.12
3521.12
3521.12
3521.12
3521.12
3521.12
3521.12
3521.12
3521.12
3521.12
3521.12
3521.12
3521.12
3521.12
3521.12
3521.12
3521.12
3521.12
3521.12
3521.12
3521.12
3521.12
3521.12
3521.12
3521.12
3521.12
3521.11
3521.11
3521.11
3521.11
3521.11
3521.11
3521.11
3521.11
3521.11
3521.11
3521.11
3521.11
3521.11
3521.11
3521.11
3521.11
3521.11
3521.11
3521.11
3521.11
3521.11
3521.11
3521.11
3521.11
3521.11
3521.11
3521.11
3521.11
3521.11
3521.12
3521.12
3521.12
3521.12
3521.12
3521.12
3521.12
3521.12
3521.12
3521.12
3521.12
3521.12
3521.12
3521.12
3521.12
3521.12
3521.12
3521.12
3521.12
3521.12
3521.12
3521.12
3521.12
3521.12
3521.12
3521.12
3521.12
3521.12
3521.12
3521.12
3521.12
3521.12
3521.12
3521.12
3521.12
3521.12
3521.12
3521.12
3521.12
3521.12
3521.12
3521.12
3521.12
3521.12
3521.12
3521.12
3521.12
3521.12
3521.12
3521.12
3521.12
3521.12
3521.12
3521.12
3521.12
3521.12
3521.12
3521.12
3521.12
3521.12
3521.12
3521.12
3521.12
3521.12
3521.12
3521.12
3521.12
3521.12
3521.12
3521.12
3521.12
3521.12
3521.12
3521.12
3521.12
3521.12
3521.12
3521.12
3521.12
3521.12
3521.12
3521.12
3521.12
3521.12
3521.12
3521.12
3521.12
3521.12
3521.12
3521.12
3521.12
3521.12
3521.12
3521.12
3521.12
3521.12
3521.12
3521.12
4666.25
4739.41
4837.45
4789.47
4637.07
4366.42
4005.95
3717.02
3576.33
3532.21
3522.71
3521.2
3521.02
3521
3521
3521
3521
3521
3521
3521
3521
3521
3521
3521
3521
3521
3521
3521
3521
3521
3521
3521
3521
3521
3521
3521
3521
3521
3521
3521
3521
3521
3521
3521
3521
3521
3521
3521
3521
3521
3521
3520.99
3520.99
3520.99
3520.99
3520.99
3520.99
3520.99
3520.99
3520.99
3520.99
3520.99
3520.99
3520.99
3520.99
3520.99
3520.99
3520.99
3520.99
3520.99
3520.99
3520.99
3520.99
3520.99
3520.99
3520.99
3520.99
3520.99
3520.99
3520.99
3520.99
3520.99
3520.99
3520.99
3520.99
3520.99
3520.99
3520.99
3520.99
3520.99
3520.99
3520.99
3520.99
3520.99
3520.99
3520.99
3520.99
3520.99
3520.99
3520.99
3520.99
3520.99
3520.99
3520.99
3520.99
3520.99
3520.99
3520.99
3520.99
3520.99
3520.99
3520.99
3520.99
3520.99
3520.99
3520.99
3520.99
3520.99
3520.99
3520.99
3520.99
3520.99
3520.99
3520.99
3520.99
3520.99
3520.99
3520.99
3520.99
3520.99
3520.99
3520.99
3520.99
3520.99
3520.99
3520.99
3520.99
3520.99
3520.99
3520.99
3520.99
3520.99
3521
3521
3521
3521
3521
3521
3521
3521
3521
3521
3521
3521
3521
3521
3521
3521
3521
3521
3521
3521
3521
3521
3521
3521
3521
3521
3521
3521
3521
3521
3521
3521
3521
3521
3521
3521
3521
3521
3521
3521
3521
3521
3521
3521
3521
3521
3521
3521
3521
3521
3521
3521
3521
3521
3521
3521
3521
3521
4680.36
4711.57
4793.59
4840.54
4807.8
4598.79
4218.28
3849.21
3630.28
3546.35
3525.1
3521.4
3520.93
3520.88
3520.88
3520.88
3520.88
3520.88
3520.88
3520.88
3520.88
3520.88
3520.88
3520.88
3520.88
3520.88
3520.88
3520.88
3520.88
3520.88
3520.88
3520.88
3520.88
3520.88
3520.88
3520.88
3520.88
3520.88
3520.88
3520.88
3520.88
3520.88
3520.88
3520.88
3520.88
3520.88
3520.88
3520.88
3520.88
3520.88
3520.88
3520.88
3520.88
3520.88
3520.88
3520.88
3520.88
3520.88
3520.88
3520.88
3520.88
3520.88
3520.88
3520.88
3520.88
3520.88
3520.88
3520.88
3520.88
3520.88
3520.88
3520.88
3520.88
3520.88
3520.88
3520.88
3520.87
3520.87
3520.87
3520.87
3520.87
3520.87
3520.87
3520.87
3520.87
3520.87
3520.87
3520.87
3520.87
3520.87
3520.87
3520.87
3520.87
3520.87
3520.87
3520.87
3520.87
3520.87
3520.88
3520.88
3520.88
3520.88
3520.88
3520.88
3520.88
3520.88
3520.88
3520.88
3520.88
3520.88
3520.88
3520.88
3520.88
3520.88
3520.88
3520.88
3520.88
3520.88
3520.88
3520.88
3520.88
3520.88
3520.88
3520.88
3520.88
3520.88
3520.88
3520.88
3520.88
3520.88
3520.88
3520.88
3520.88
3520.88
3520.88
3520.88
3520.88
3520.88
3520.88
3520.88
3520.88
3520.88
3520.88
3520.88
3520.88
3520.88
3520.88
3520.88
3520.88
3520.88
3520.88
3520.88
3520.88
3520.88
3520.88
3520.88
3520.88
3520.88
3520.88
3520.88
3520.88
3520.88
3520.88
3520.88
3520.88
3520.88
3520.88
3520.88
3520.88
3520.88
3520.88
3520.88
3520.88
3520.88
3520.88
3520.88
3520.88
3520.88
3520.88
3520.88
3520.88
3520.88
3520.88
3520.88
3520.88
3520.88
3520.88
3520.88
3520.88
3520.88
3520.88
3520.88
3520.88
3520.88
3520.88
3520.88
3520.88
3520.88
3520.88
3520.88
)
;

boundaryField
{
    inletTop
    {
        type            calculated;
        value           uniform 4704.92;
    }
    inletBottom
    {
        type            calculated;
        value           uniform 3525.69;
    }
    outletTop
    {
        type            calculated;
        value           nonuniform List<scalar> 4(3521.24 3521.12 3521 3520.88);
    }
    walls
    {
        type            calculated;
        value           nonuniform List<scalar> 
464
(
3542.97
3507.08
3532.13
3522.08
3522
3521.97
3522.08
3522.2
3522.32
3522.45
3522.57
3522.7
3522.82
3522.94
3523.07
3523.19
3523.32
3523.44
3523.56
3523.69
3523.81
3523.94
3524.06
3524.19
3524.31
3524.44
3524.56
3524.69
3524.82
3524.93
3524.97
3525.25
3520.88
3520.88
3520.88
3520.88
3520.88
3520.88
3520.88
3520.88
3520.88
3520.88
3520.88
3520.88
3520.88
3520.88
3520.88
3520.88
3520.88
3520.88
3520.88
3520.88
3520.88
3520.88
3520.88
3520.88
3520.88
3520.88
3520.88
3520.88
3520.88
3520.88
3520.88
3520.88
3520.88
3520.88
3520.88
3520.88
3520.88
3520.88
3520.88
3520.88
3520.88
3520.88
3520.88
3520.88
3520.88
3520.88
3520.88
3520.88
3520.88
3520.88
3520.88
3520.88
3520.88
3520.88
3520.88
3520.88
3520.88
3520.88
3520.88
3520.88
3520.88
3520.88
3520.88
3520.88
3520.88
3520.88
3520.88
3520.88
3520.88
3520.88
3520.88
3520.88
3520.88
3520.88
3520.88
3520.88
3520.88
3520.88
3520.88
3520.88
3520.88
3520.88
3520.88
3520.88
3520.88
3520.88
3520.88
3520.88
3520.88
3520.88
3520.88
3520.88
3520.88
3520.88
3520.88
3520.88
3520.88
3520.88
3520.88
3520.88
3520.88
3520.88
3520.87
3520.87
3520.87
3520.87
3520.87
3520.87
3520.87
3520.87
3520.87
3520.87
3520.87
3520.87
3520.87
3520.87
3520.87
3520.87
3520.87
3520.87
3520.87
3520.87
3520.87
3520.87
3520.88
3520.88
3520.88
3520.88
3520.88
3520.88
3520.88
3520.88
3520.88
3520.88
3520.88
3520.88
3520.88
3520.88
3520.88
3520.88
3520.88
3520.88
3520.88
3520.88
3520.88
3520.88
3520.88
3520.88
3520.88
3520.88
3520.88
3520.88
3520.88
3520.88
3520.88
3520.88
3520.88
3520.88
3520.88
3520.88
3520.88
3520.88
3520.88
3520.88
3520.88
3520.88
3520.88
3520.88
3520.88
3520.88
3520.88
3520.88
3520.88
3520.88
3520.88
3520.88
3520.88
3520.88
3520.88
3520.88
3520.88
3520.88
3520.88
3520.88
3520.88
3520.88
3520.88
3520.93
3521.4
3525.1
3546.35
3630.28
3849.21
4218.28
4598.79
4807.8
4840.54
4793.59
4711.57
4680.36
3525.69
3525.73
3525.64
3525.53
3525.51
3525.56
3525.6
3525.62
3525.63
3525.63
3525.63
3525.63
3525.63
3525.63
3525.63
3525.63
3525.63
3525.63
3525.63
3525.63
3525.63
3525.63
3525.63
3525.63
3525.63
3525.63
3525.63
3525.63
3525.63
3525.63
3525.63
3525.63
3525.63
3525.63
3525.63
3525.63
3525.63
3525.63
3525.63
3525.63
3525.63
3525.63
3525.63
3525.63
3525.63
3525.63
3525.63
3525.63
3525.63
3525.63
3525.63
3525.63
3525.63
3525.63
3525.63
3525.63
3525.63
3525.63
3525.63
3525.63
3525.63
3525.63
3525.63
3525.63
3525.63
3525.63
3525.62
3525.62
3525.62
3525.62
3525.62
3525.62
3525.62
3525.62
3525.62
3525.62
3525.62
3525.62
3525.62
3525.62
3525.62
3525.62
3525.62
3525.62
3525.62
3525.62
3525.62
3525.62
3525.62
3525.62
3525.62
3525.62
3525.62
3525.62
3525.62
3525.62
3525.62
3525.62
3525.62
3525.62
3525.62
3525.62
3525.62
3525.62
3525.62
3525.62
3525.62
3525.62
3525.62
3525.62
3525.62
3525.62
3525.62
3525.62
3525.62
3525.63
3525.63
3525.63
3525.63
3525.63
3525.63
3525.63
3525.63
3525.63
3525.63
3525.63
3525.63
3525.63
3525.63
3525.63
3525.63
3525.63
3525.63
3525.63
3525.63
3525.63
3525.63
3525.63
3525.63
3525.63
3525.63
3525.63
3525.63
3525.63
3525.63
3525.63
3525.63
3525.63
3525.63
3525.63
3525.63
3525.63
3525.63
3525.63
3525.63
3525.63
3525.63
3525.63
3525.63
3525.63
3525.63
3525.63
3525.63
3525.63
3525.63
3525.63
3525.63
3525.63
3525.63
3525.63
3525.63
3525.63
3525.63
3525.63
3525.63
3525.63
3525.63
3525.63
3525.63
3525.63
3525.63
3525.63
3525.63
3525.63
3525.63
3525.63
3525.63
3525.62
3525.62
3525.62
3525.62
3525.62
3525.62
3525.62
3525.63
3525.61
3525.63
3525.6
3525.62
3525.6
3525.04
3524.93
3524.82
3524.71
3524.59
3524.48
3524.36
3524.24
3524.12
3524.01
3523.89
3523.77
3523.65
3523.53
3523.41
3523.29
3523.17
3523.05
3522.93
3522.81
3522.69
3522.57
3522.45
3522.33
3522.21
3522.08
3521.96
3521.84
3521.72
3521.6
3521.48
3521.36
)
;
    }
    front
    {
        type            empty;
    }
    back
    {
        type            empty;
    }
    outletBottom
    {
        type            calculated;
        value           nonuniform List<scalar> 4(3525.6 3525.44 3525.29 3525.16);
    }
}


// ************************************************************************* //
