/*--------------------------------*- C++ -*----------------------------------*\
  =========                 |
  \\      /  F ield         | OpenFOAM: The Open Source CFD Toolbox
   \\    /   O peration     | Website:  https://openfoam.org
    \\  /    A nd           | Version:  dev
     \\/     M anipulation  |
\*---------------------------------------------------------------------------*/
FoamFile
{
    version     2.0;
    format      ascii;
    class       volScalarField;
    location    "12";
    object      T;
}
// * * * * * * * * * * * * * * * * * * * * * * * * * * * * * * * * * * * * * //

dimensions      [0 0 0 1 0 0 0];

internalField   nonuniform List<scalar> 
8000
(
300
300
300
300
300
300
300
300
300
300
300
300
300
300
300
300
300
300
300
300
300
300
300
300
300
300
300
300
300
300
300
300
300
300
299.999
300
300
300
299.999
300
300
300
299.999
299.999
299.999
300
299.999
299.999
299.999
300
299.999
299.998
299.999
299.999
299.999
299.998
300
299.999
299.999
299.998
300
299.999
299.999
299.998
300
299.999
299.999
299.998
300
299.999
299.999
299.998
300
299.999
299.999
299.998
300
299.999
299.999
299.998
300
299.999
299.999
299.998
300
299.999
299.999
299.998
300
299.999
299.999
299.998
300
299.999
299.999
299.998
300
299.999
299.999
299.998
300
299.999
299.999
299.998
300
299.999
299.999
299.998
300
299.999
299.999
299.998
300
299.999
299.999
299.998
300
299.999
299.999
299.998
300
299.999
299.999
299.998
300
299.999
299.999
299.998
300
299.999
299.999
299.998
300
299.999
299.999
299.998
300
299.999
299.999
299.998
300
299.999
299.999
299.998
300
299.999
299.999
299.998
300
299.999
299.999
299.998
300
299.999
299.999
299.998
300
299.999
299.999
299.998
300
299.999
299.999
299.998
300
299.999
299.999
299.998
300
299.999
299.999
299.998
300
299.999
299.999
299.998
300
299.999
299.999
299.998
300
299.999
299.999
299.998
300
299.999
299.999
299.998
300
299.999
299.999
299.998
300
299.999
299.999
299.998
300
299.999
299.999
299.998
300
299.999
299.999
299.998
300
299.999
299.999
299.998
300
299.999
299.999
299.998
300
299.999
299.999
299.998
300
299.999
299.999
299.998
300
299.999
299.999
299.998
300
299.999
299.999
299.998
300
299.999
299.999
299.998
300
299.999
299.999
299.998
300
299.999
299.999
299.998
300
299.999
299.999
299.998
300
299.999
299.999
299.998
300
299.999
299.999
299.998
300
299.999
299.999
299.998
300
299.999
299.999
299.998
300
299.999
299.999
299.998
300
299.999
299.999
299.998
300
299.999
299.999
299.998
300
299.999
299.999
299.998
300
299.999
299.999
299.998
300
299.999
299.999
299.998
300
299.999
299.999
299.998
300
299.999
299.999
299.998
300
299.999
299.999
299.998
300
299.999
299.999
299.998
300
299.999
299.999
299.998
300
299.999
299.999
299.998
300
299.999
299.999
299.998
300
299.999
299.999
299.998
300
299.999
299.999
299.998
300
299.999
299.999
299.998
300
299.999
299.999
299.998
300
299.999
299.999
299.998
300
299.999
299.999
299.998
300
299.999
299.999
299.998
300
299.999
299.999
299.998
300
299.999
299.999
299.998
300
299.999
299.999
299.998
300
299.999
299.999
299.998
300
299.999
299.999
299.998
300
299.999
299.999
299.998
300
299.999
299.999
299.998
300
299.999
299.999
299.998
300
299.999
299.999
299.998
300
299.999
299.999
299.998
300
299.999
299.999
299.998
300
299.999
299.999
299.998
300
299.999
299.999
299.998
300
299.999
299.999
299.998
300
299.999
299.999
299.998
300
299.999
299.999
299.998
300
299.999
299.999
299.998
300
299.999
299.999
299.998
300
299.999
299.999
299.998
300
299.999
299.999
299.998
300
299.999
299.999
299.998
300
299.999
299.999
299.998
300
299.999
299.999
299.998
300
299.999
299.999
299.998
300
299.999
299.999
299.998
300
299.999
299.999
299.998
300
299.999
299.999
299.998
300
299.999
299.999
299.998
300
299.999
299.999
299.998
300
299.999
299.999
299.998
300
299.999
299.999
299.998
300
299.999
299.999
299.998
300
299.999
299.999
299.998
300
299.999
299.999
299.998
300
299.999
299.999
299.998
300
299.999
299.999
299.998
300
299.999
299.999
299.998
300
299.999
299.999
299.998
300
299.999
299.999
299.998
300
299.999
299.999
299.998
300
299.999
299.999
299.998
300
299.999
299.999
299.998
300
299.999
299.999
299.998
300
299.999
299.999
299.998
300
299.999
299.999
299.998
300
299.999
299.999
299.998
300
299.999
299.999
299.998
300
299.999
299.999
299.998
300
299.999
299.999
299.998
300
299.999
299.999
299.998
300
299.999
299.999
299.998
300
299.999
299.999
299.998
300
299.999
299.999
299.998
300
299.999
299.999
299.998
300
299.999
299.999
299.998
300
299.999
299.999
299.998
300
299.999
299.999
299.998
300
299.999
299.999
299.998
300
299.999
299.999
299.998
300
299.999
299.999
299.998
300
299.999
299.999
299.998
300
299.999
299.999
299.998
300
299.999
299.999
299.998
300
299.999
299.999
299.998
300
299.999
299.999
299.998
300
299.999
299.999
299.998
300
299.999
299.999
299.998
300
299.999
299.999
299.998
300
299.999
299.999
299.998
300
299.999
299.999
299.998
300
299.999
299.999
299.998
300
299.999
299.999
299.998
300
299.999
299.999
299.998
300
299.999
299.999
299.998
300
299.999
299.999
299.998
300
299.999
299.999
299.998
300
299.999
299.999
299.998
300
299.999
299.999
299.998
300
299.999
299.999
299.998
300
299.999
299.999
299.998
300
299.999
299.999
299.998
300
299.999
299.999
299.998
300
299.999
299.999
299.998
300
299.999
299.999
299.998
300
299.999
299.999
299.998
300
299.999
299.999
299.998
300
299.999
299.999
299.998
300
299.999
299.999
299.998
300
299.999
299.999
299.998
300
299.999
299.999
299.998
300
299.999
299.999
299.998
300
299.999
299.999
299.998
300
299.999
299.999
299.998
300
299.999
299.999
299.998
300
299.999
299.999
299.998
300
299.999
299.999
299.998
300
299.999
299.999
299.998
300
299.999
299.999
299.998
300
299.999
299.998
299.998
300
299.999
299.998
299.998
300
299.999
299.998
299.998
300
299.999
299.998
299.998
300
299.999
299.998
299.998
300
299.999
299.998
299.998
299.999
299.999
299.998
299.998
300
299.999
299.998
299.998
299.999
299.999
299.998
299.998
300
299.999
299.998
299.998
299.999
299.999
299.998
299.998
300
299.999
299.998
299.998
299.999
299.999
299.998
299.997
300
299.999
299.998
299.997
299.999
299.999
299.998
299.997
300
299.999
299.998
299.997
299.999
299.998
299.997
299.997
299.997
299.997
299.997
299.997
299.997
299.998
299.998
299.999
299.999
299.999
299.999
299.998
299.998
299.998
299.998
299.998
299.998
299.998
299.997
299.997
299.997
299.997
299.997
299.997
299.997
299.997
299.997
299.997
299.997
299.997
299.997
299.997
299.997
299.997
299.997
299.997
299.997
299.997
299.997
299.997
299.997
299.997
299.997
299.997
299.997
299.997
299.997
299.997
299.997
299.997
299.997
299.997
299.997
299.997
299.997
299.997
299.997
299.997
299.997
299.997
299.997
299.997
299.997
299.997
299.997
299.997
299.997
299.997
299.997
299.997
299.997
299.997
299.997
299.997
299.997
299.997
299.997
299.997
299.997
299.997
299.997
299.997
299.997
299.997
299.997
299.997
299.997
299.997
299.997
299.997
299.997
299.997
299.997
299.997
299.997
299.997
299.997
299.997
299.997
299.997
299.997
299.997
299.997
299.997
299.997
299.997
299.997
299.997
299.997
299.997
299.997
299.997
299.997
299.997
299.997
299.997
299.997
299.997
299.997
299.997
299.997
299.997
299.997
299.997
299.997
299.997
299.997
299.997
299.997
299.997
299.997
299.997
299.997
299.997
299.997
299.997
299.997
299.997
299.997
299.997
299.997
299.997
299.997
299.997
299.997
299.997
299.997
299.997
299.997
299.997
299.997
299.997
299.997
299.997
299.997
299.997
299.997
299.997
299.997
299.997
299.997
299.997
299.997
299.997
299.997
299.997
299.997
299.997
299.997
299.997
299.997
299.997
299.997
299.997
299.997
299.997
299.997
299.997
299.997
299.997
299.997
299.997
299.997
299.997
299.997
299.997
299.997
299.997
299.997
299.997
299.997
299.997
299.997
299.997
299.997
299.997
299.997
299.996
299.996
299.996
299.997
299.997
299.997
299.998
299.998
299.998
299.997
299.998
299.998
299.998
299.998
299.998
299.997
299.997
299.997
299.997
299.997
299.997
299.997
299.997
299.997
299.997
299.997
299.997
299.997
299.997
299.997
299.997
299.997
299.997
299.997
299.997
299.997
299.997
299.997
299.997
299.997
299.997
299.997
299.997
299.997
299.997
299.997
299.997
299.997
299.997
299.997
299.997
299.997
299.997
299.997
299.997
299.997
299.997
299.997
299.997
299.997
299.997
299.997
299.997
299.997
299.997
299.997
299.997
299.997
299.997
299.997
299.997
299.997
299.997
299.997
299.997
299.997
299.997
299.997
299.997
299.997
299.997
299.997
299.997
299.997
299.997
299.997
299.997
299.997
299.997
299.997
299.997
299.997
299.997
299.997
299.997
299.997
299.997
299.997
299.997
299.997
299.997
299.997
299.997
299.997
299.997
299.997
299.997
299.997
299.997
299.997
299.997
299.997
299.997
299.997
299.997
299.997
299.997
299.997
299.997
299.997
299.997
299.997
299.997
299.997
299.997
299.997
299.997
299.997
299.997
299.997
299.997
299.997
299.997
299.997
299.997
299.997
299.997
299.997
299.997
299.997
299.997
299.997
299.997
299.997
299.997
299.997
299.997
299.997
299.997
299.997
299.997
299.997
299.997
299.997
299.997
299.997
299.997
299.997
299.997
299.997
299.997
299.997
299.997
299.997
299.997
299.997
299.997
299.997
299.997
299.997
299.997
299.997
299.997
299.997
299.997
299.997
299.997
299.997
299.997
299.997
299.997
299.997
299.997
299.997
299.997
299.997
299.997
299.997
299.997
299.997
299.997
299.997
299.997
299.996
299.996
299.996
299.996
299.996
299.996
299.996
299.996
299.996
299.996
299.996
299.996
299.997
299.997
299.998
299.998
299.998
299.998
299.998
299.999
299.998
299.997
299.997
299.997
299.997
299.996
299.996
299.996
299.996
299.996
299.996
299.996
299.996
299.996
299.996
299.996
299.996
299.996
299.996
299.996
299.996
299.996
299.996
299.996
299.996
299.996
299.996
299.996
299.996
299.996
299.996
299.996
299.996
299.996
299.996
299.996
299.996
299.996
299.996
299.996
299.996
299.996
299.996
299.996
299.996
299.996
299.996
299.996
299.996
299.996
299.996
299.996
299.996
299.996
299.996
299.996
299.996
299.996
299.996
299.996
299.996
299.996
299.996
299.996
299.996
299.996
299.996
299.996
299.996
299.996
299.996
299.996
299.996
299.996
299.996
299.996
299.996
299.996
299.996
299.996
299.996
299.996
299.996
299.996
299.996
299.996
299.996
299.996
299.996
299.996
299.996
299.996
299.996
299.996
299.996
299.996
299.996
299.996
299.996
299.996
299.996
299.996
299.996
299.996
299.996
299.996
299.996
299.996
299.996
299.996
299.996
299.996
299.996
299.996
299.996
299.996
299.996
299.996
299.996
299.996
299.996
299.996
299.996
299.996
299.996
299.996
299.996
299.996
299.996
299.996
299.996
299.996
299.996
299.996
299.996
299.996
299.996
299.996
299.996
299.996
299.996
299.996
299.996
299.996
299.996
299.996
299.996
299.996
299.996
299.996
299.996
299.996
299.996
299.996
299.996
299.996
299.996
299.996
299.996
299.996
299.996
299.996
299.996
299.996
299.996
299.996
299.996
299.996
299.996
299.996
299.996
299.996
299.996
299.996
299.996
299.996
299.996
299.996
299.996
299.996
299.996
299.996
299.996
299.996
299.996
299.996
299.995
299.995
299.995
299.995
299.996
299.996
299.996
299.997
299.997
299.998
299.998
299.998
299.998
299.998
299.997
299.996
299.996
299.996
299.996
299.996
299.996
299.996
299.996
299.996
299.996
299.996
299.996
299.996
299.996
299.996
299.996
299.996
299.996
299.996
299.996
299.996
299.996
299.996
299.996
299.996
299.996
299.996
299.996
299.996
299.996
299.996
299.996
299.996
299.996
299.996
299.996
299.996
299.996
299.996
299.996
299.996
299.996
299.996
299.996
299.996
299.996
299.996
299.996
299.996
299.996
299.996
299.996
299.996
299.996
299.996
299.996
299.996
299.996
299.996
299.996
299.996
299.996
299.996
299.996
299.996
299.996
299.996
299.996
299.996
299.996
299.996
299.996
299.996
299.996
299.996
299.996
299.996
299.996
299.996
299.996
299.996
299.996
299.996
299.996
299.996
299.996
299.996
299.996
299.996
299.996
299.996
299.996
299.996
299.996
299.996
299.996
299.996
299.996
299.996
299.996
299.996
299.996
299.996
299.996
299.996
299.996
299.996
299.996
299.996
299.996
299.996
299.996
299.996
299.996
299.996
299.996
299.996
299.996
299.996
299.996
299.996
299.996
299.996
299.996
299.996
299.996
299.996
299.996
299.996
299.996
299.996
299.996
299.996
299.996
299.996
299.996
299.996
299.996
299.996
299.996
299.996
299.996
299.996
299.996
299.996
299.996
299.996
299.996
299.996
299.996
299.996
299.996
299.996
299.996
299.996
299.996
299.996
299.996
299.996
299.996
299.996
299.996
299.996
299.996
299.996
299.996
299.996
299.996
299.996
299.995
299.995
299.995
299.995
299.995
299.995
299.995
299.995
299.995
299.995
299.995
299.995
299.995
299.995
299.995
299.995
299.995
299.995
299.995
299.995
299.995
299.995
299.995
299.996
299.996
299.997
299.997
299.997
299.997
299.996
299.996
299.996
299.995
299.995
299.995
299.995
299.995
299.995
299.995
299.995
299.995
299.995
299.995
299.995
299.995
299.995
299.995
299.995
299.995
299.995
299.995
299.995
299.995
299.995
299.995
299.995
299.995
299.995
299.995
299.995
299.995
299.995
299.995
299.995
299.995
299.995
299.995
299.995
299.995
299.995
299.995
299.995
299.995
299.995
299.995
299.995
299.995
299.995
299.995
299.995
299.995
299.995
299.995
299.995
299.995
299.995
299.995
299.995
299.995
299.995
299.995
299.995
299.995
299.995
299.995
299.995
299.995
299.995
299.995
299.995
299.995
299.995
299.995
299.995
299.995
299.995
299.995
299.995
299.995
299.995
299.995
299.995
299.995
299.995
299.995
299.995
299.995
299.995
299.995
299.995
299.995
299.995
299.995
299.995
299.995
299.995
299.995
299.995
299.995
299.995
299.995
299.995
299.995
299.995
299.995
299.995
299.995
299.995
299.995
299.995
299.995
299.995
299.995
299.995
299.995
299.995
299.995
299.995
299.995
299.995
299.995
299.995
299.995
299.995
299.995
299.995
299.995
299.995
299.995
299.995
299.995
299.995
299.995
299.995
299.995
299.995
299.995
299.995
299.995
299.995
299.995
299.995
299.995
299.995
299.995
299.995
299.995
299.995
299.995
299.995
299.995
299.995
299.995
299.995
299.995
299.995
299.995
299.995
299.995
299.995
299.995
299.995
299.995
299.995
299.995
299.995
299.995
299.995
299.995
299.995
299.995
299.995
299.995
299.995
299.995
299.995
299.995
299.995
299.995
299.995
299.995
299.995
299.995
299.994
299.994
299.994
299.994
299.994
299.994
299.994
299.995
299.995
299.995
299.995
299.995
299.995
299.996
299.996
299.995
299.995
299.995
299.995
299.995
299.995
299.995
299.995
299.995
299.995
299.995
299.995
299.995
299.995
299.995
299.995
299.994
299.994
299.994
299.994
299.994
299.994
299.994
299.994
299.994
299.994
299.994
299.994
299.994
299.994
299.994
299.994
299.994
299.994
299.994
299.994
299.994
299.994
299.994
299.994
299.994
299.994
299.994
299.994
299.994
299.994
299.994
299.994
299.994
299.994
299.994
299.994
299.994
299.994
299.994
299.994
299.994
299.994
299.994
299.994
299.994
299.994
299.994
299.994
299.994
299.994
299.994
299.994
299.994
299.994
299.994
299.994
299.994
299.994
299.994
299.994
299.994
299.994
299.994
299.994
299.994
299.994
299.994
299.994
299.994
299.994
299.994
299.994
299.994
299.994
299.994
299.994
299.994
299.994
299.994
299.994
299.994
299.994
299.994
299.994
299.994
299.994
299.994
299.994
299.994
299.994
299.994
299.994
299.994
299.994
299.994
299.994
299.994
299.994
299.994
299.994
299.994
299.994
299.994
299.994
299.994
299.994
299.994
299.994
299.994
299.994
299.994
299.994
299.994
299.994
299.994
299.994
299.994
299.994
299.994
299.994
299.994
299.994
299.994
299.994
299.994
299.994
299.994
299.994
299.994
299.994
299.994
299.994
299.994
299.994
299.994
299.994
299.994
299.994
299.994
299.994
299.994
299.994
299.994
299.994
299.994
299.994
299.994
299.994
299.994
299.994
299.994
299.994
299.994
299.994
299.994
299.994
299.994
299.994
299.994
299.994
299.994
299.994
299.994
299.994
299.994
299.994
299.994
299.994
299.994
299.994
299.994
299.994
299.994
299.994
299.994
299.994
299.994
299.994
299.994
299.994
299.994
299.994
299.995
299.995
299.994
299.994
299.994
299.994
299.994
299.994
299.994
299.994
299.994
299.994
299.994
299.994
299.994
299.994
299.994
299.994
299.994
299.994
299.994
299.994
299.994
299.994
299.994
299.994
299.994
299.994
299.994
299.994
299.994
299.994
299.994
299.994
299.994
299.994
299.994
299.994
299.994
299.994
299.994
299.994
299.994
299.994
299.994
299.994
299.994
299.994
299.994
299.994
299.994
299.994
299.994
299.994
299.994
299.994
299.994
299.994
299.994
299.994
299.994
299.994
299.994
299.994
299.994
299.994
299.994
299.994
299.994
299.994
299.994
299.994
299.994
299.994
299.994
299.994
299.994
299.994
299.994
299.994
299.994
299.994
299.994
299.994
299.994
299.994
299.994
299.994
299.994
299.994
299.994
299.994
299.994
299.994
299.994
299.994
299.994
299.994
299.994
299.994
299.994
299.994
299.994
299.994
299.994
299.994
299.994
299.994
299.994
299.994
299.994
299.994
299.994
299.994
299.994
299.994
299.994
299.994
299.994
299.994
299.994
299.994
299.994
299.994
299.994
299.994
299.994
299.994
299.994
299.994
299.994
299.994
299.994
299.994
299.994
299.994
299.994
299.994
299.994
299.994
299.994
299.994
299.994
299.994
299.994
299.994
299.994
299.994
299.994
299.994
299.994
299.994
299.994
299.994
299.994
299.994
299.994
299.994
299.994
299.994
299.994
299.994
299.994
299.994
299.994
299.994
299.994
299.994
299.994
299.994
299.994
299.994
299.994
299.994
299.994
299.994
299.994
299.994
299.994
299.994
299.994
299.994
299.994
299.993
299.993
299.993
299.993
299.993
299.993
299.993
299.993
299.993
299.993
299.993
299.993
299.993
299.994
299.994
299.994
299.994
299.994
299.994
299.994
299.994
299.994
299.994
299.994
299.994
299.993
299.993
299.993
299.993
299.993
299.993
299.993
299.993
299.993
299.993
299.993
299.993
299.993
299.993
299.993
299.993
299.993
299.993
299.993
299.993
299.993
299.993
299.993
299.993
299.993
299.993
299.993
299.993
299.993
299.993
299.993
299.993
299.993
299.993
299.993
299.993
299.993
299.993
299.993
299.993
299.993
299.993
299.993
299.993
299.993
299.993
299.993
299.993
299.993
299.993
299.993
299.993
299.993
299.993
299.993
299.993
299.993
299.993
299.993
299.993
299.993
299.993
299.993
299.993
299.993
299.993
299.993
299.993
299.993
299.993
299.993
299.993
299.993
299.993
299.993
299.993
299.993
299.993
299.993
299.993
299.993
299.993
299.993
299.993
299.993
299.993
299.993
299.993
299.993
299.993
299.993
299.993
299.993
299.993
299.993
299.993
299.993
299.993
299.993
299.993
299.993
299.993
299.993
299.993
299.993
299.993
299.993
299.993
299.993
299.993
299.993
299.993
299.993
299.993
299.993
299.993
299.993
299.993
299.993
299.993
299.993
299.993
299.993
299.993
299.993
299.993
299.993
299.993
299.993
299.993
299.993
299.993
299.993
299.993
299.993
299.993
299.993
299.993
299.993
299.993
299.993
299.993
299.993
299.993
299.993
299.993
299.993
299.993
299.993
299.993
299.993
299.993
299.993
299.993
299.993
299.993
299.993
299.993
299.993
299.993
299.993
299.993
299.993
299.993
299.993
299.993
299.993
299.993
299.993
299.993
299.993
299.993
299.993
299.993
299.993
299.993
299.993
299.993
299.993
299.993
299.993
299.993
299.993
299.993
299.993
299.993
299.993
299.993
299.993
299.993
299.993
299.993
299.993
299.993
299.993
299.993
299.993
299.993
299.993
299.993
299.993
299.993
299.993
299.993
299.993
299.993
299.993
299.993
299.993
299.993
299.993
299.993
299.993
299.993
299.993
299.993
299.993
299.993
299.993
299.993
299.993
299.993
299.993
299.993
299.993
299.993
299.993
299.993
299.993
299.993
299.993
299.993
299.993
299.993
299.993
299.993
299.993
299.993
299.993
299.993
299.993
299.993
299.993
299.993
299.993
299.993
299.993
299.993
299.993
299.993
299.993
299.993
299.993
299.993
299.993
299.993
299.993
299.993
299.993
299.993
299.993
299.993
299.993
299.993
299.993
299.993
299.993
299.993
299.993
299.993
299.993
299.993
299.993
299.993
299.993
299.993
299.993
299.993
299.993
299.993
299.993
299.993
299.993
299.993
299.993
299.993
299.993
299.993
299.993
299.993
299.993
299.993
299.993
299.993
299.993
299.993
299.993
299.993
299.993
299.993
299.993
299.993
299.993
299.993
299.993
299.993
299.993
299.993
299.993
299.993
299.993
299.993
299.993
299.993
299.993
299.993
299.993
299.993
299.993
299.993
299.993
299.993
299.993
299.993
299.993
299.993
299.993
299.993
299.993
299.993
299.993
299.993
299.993
299.993
299.993
299.993
299.993
299.993
299.993
299.993
299.993
299.993
299.993
299.993
299.993
299.993
299.993
299.993
299.993
299.993
299.993
299.993
299.993
299.993
299.993
299.993
299.993
299.993
299.993
299.993
299.993
299.993
299.993
299.993
299.993
299.993
299.993
299.992
299.992
299.992
299.992
299.992
299.992
299.992
299.992
299.992
299.992
299.992
299.992
299.992
299.992
299.992
299.992
299.992
299.992
299.992
299.992
299.992
299.992
299.992
299.992
299.992
299.992
299.992
299.992
299.992
299.992
299.992
299.992
299.992
299.992
299.992
299.992
299.992
299.992
299.992
299.992
299.992
299.992
299.992
299.992
299.992
299.992
299.992
299.992
299.992
299.992
299.992
299.992
299.992
299.992
299.992
299.992
299.992
299.992
299.992
299.992
299.992
299.992
299.992
299.992
299.992
299.992
299.992
299.992
299.992
299.992
299.992
299.992
299.992
299.992
299.992
299.992
299.992
299.992
299.992
299.992
299.992
299.992
299.992
299.992
299.992
299.992
299.992
299.992
299.992
299.992
299.992
299.992
299.992
299.992
299.992
299.992
299.992
299.992
299.992
299.992
299.992
299.992
299.992
299.992
299.992
299.992
299.992
299.992
299.992
299.992
299.992
299.992
299.992
299.992
299.992
299.992
299.992
299.992
299.992
299.992
299.992
299.992
299.992
299.992
299.992
299.992
299.992
299.992
299.992
299.992
299.992
299.992
299.992
299.992
299.992
299.992
299.992
299.992
299.992
299.992
299.992
299.992
299.992
299.992
299.992
299.992
299.992
299.992
299.992
299.992
299.992
299.992
299.992
299.992
299.992
299.992
299.992
299.992
299.992
299.992
299.992
299.992
299.992
299.992
299.992
299.992
299.992
299.992
299.992
299.992
299.992
299.992
299.992
299.992
299.992
299.992
299.992
299.992
299.992
299.992
299.992
299.992
299.992
299.992
299.992
299.992
299.992
299.992
299.992
299.992
299.992
299.992
299.992
299.992
299.992
299.992
299.992
299.992
299.992
299.992
299.992
299.992
299.992
299.992
299.992
299.992
299.992
299.992
299.992
299.992
299.992
299.992
299.992
299.992
299.992
299.992
299.991
299.991
299.991
299.992
299.992
299.992
299.992
299.992
299.992
299.992
299.992
299.992
299.992
299.992
299.992
299.992
299.992
299.992
299.992
299.992
299.992
299.992
299.992
299.992
299.992
299.992
299.992
299.992
299.992
299.992
299.992
299.991
299.991
299.991
299.991
299.991
299.991
299.991
299.991
299.991
299.991
299.991
299.991
299.991
299.991
299.991
299.991
299.991
299.991
299.991
299.991
299.991
299.991
299.991
299.991
299.991
299.991
299.991
299.991
299.991
299.991
299.991
299.991
299.991
299.991
299.991
299.991
299.991
299.991
299.991
299.991
299.991
299.991
299.991
299.991
299.991
299.991
299.991
299.991
299.991
299.991
299.991
299.991
299.991
299.991
299.991
299.991
299.991
299.991
299.991
299.991
299.991
299.991
299.991
299.991
299.991
299.991
299.991
299.991
299.991
299.991
299.991
299.991
299.991
299.991
299.991
299.991
299.991
299.991
299.991
299.991
299.991
299.991
299.991
299.991
299.991
299.991
299.991
299.991
299.991
299.991
299.991
299.991
299.991
299.991
299.991
299.991
299.991
299.991
299.991
299.991
299.991
299.991
299.991
299.991
299.991
299.991
299.991
299.991
299.991
299.991
299.991
299.991
299.991
299.991
299.991
299.991
299.991
299.991
299.991
299.991
299.991
299.991
299.991
299.991
299.991
299.991
299.991
299.991
299.991
299.991
299.991
299.991
299.991
299.991
299.991
299.991
299.991
299.991
299.991
299.991
299.991
299.991
299.991
299.991
299.991
299.991
299.991
299.991
299.991
299.991
299.991
299.991
299.991
299.991
299.991
299.991
299.991
299.991
299.991
299.991
299.991
299.991
299.991
299.991
299.991
299.991
299.991
299.991
299.991
299.991
299.991
299.991
299.991
299.991
299.991
299.991
299.991
299.991
299.991
299.991
299.991
299.991
299.991
299.991
299.991
299.991
299.991
299.991
299.991
299.991
299.991
299.991
299.991
299.991
299.991
299.991
299.991
299.991
299.991
299.991
299.991
299.991
299.991
299.991
299.991
299.991
299.991
299.991
299.991
299.991
299.991
299.991
299.991
299.991
299.991
299.991
299.991
299.991
299.991
299.991
299.991
299.991
299.991
299.991
299.991
299.991
299.991
299.991
299.991
299.991
299.991
299.991
299.991
299.991
299.991
299.991
299.991
299.991
299.991
299.991
299.991
299.991
299.991
299.991
299.991
299.991
299.991
299.991
299.991
299.991
299.991
299.991
299.991
299.991
299.991
299.991
299.991
299.991
299.991
299.991
299.991
299.991
299.991
299.991
299.991
299.991
299.991
299.991
299.991
299.991
299.991
299.991
299.991
299.991
299.991
299.991
299.991
299.991
299.991
299.991
299.991
299.991
299.991
299.991
299.991
299.991
299.991
299.991
299.991
299.991
299.991
299.991
299.991
299.991
299.991
299.991
299.991
299.991
299.991
299.991
299.991
299.991
299.991
299.991
299.991
299.991
299.991
299.991
299.991
299.991
299.991
299.991
299.991
299.991
299.991
299.991
299.991
299.991
299.991
299.991
299.991
299.991
299.991
299.991
299.991
299.991
299.991
299.991
299.991
299.991
299.991
299.991
299.991
299.991
299.991
299.991
299.991
299.991
299.991
299.991
299.991
299.991
299.991
299.991
299.991
299.991
299.991
299.991
299.991
299.991
299.991
299.991
299.991
299.991
299.991
299.991
299.991
299.991
299.991
299.991
299.991
299.991
299.991
299.991
299.99
299.99
299.99
299.99
299.99
299.99
299.99
299.99
299.99
299.99
299.99
299.99
299.991
299.991
299.991
299.991
299.991
299.991
299.99
299.99
299.99
299.99
299.99
299.99
299.99
299.99
299.99
299.99
299.99
299.99
299.99
299.99
299.99
299.99
299.99
299.99
299.99
299.99
299.99
299.99
299.99
299.99
299.99
299.99
299.99
299.99
299.99
299.99
299.99
299.99
299.99
299.99
299.99
299.99
299.99
299.99
299.99
299.99
299.99
299.99
299.99
299.99
299.99
299.99
299.99
299.99
299.99
299.99
299.99
299.99
299.99
299.99
299.99
299.99
299.99
299.99
299.99
299.99
299.99
299.99
299.99
299.99
299.99
299.99
299.99
299.99
299.99
299.99
299.99
299.99
299.99
299.99
299.99
299.99
299.99
299.99
299.99
299.99
299.99
299.99
299.99
299.99
299.99
299.99
299.99
299.99
299.99
299.99
299.99
299.99
299.99
299.99
299.99
299.99
299.99
299.99
299.99
299.99
299.99
299.99
299.99
299.99
299.99
299.99
299.99
299.99
299.99
299.99
299.99
299.99
299.99
299.99
299.99
299.99
299.99
299.99
299.99
299.99
299.99
299.99
299.99
299.99
299.99
299.99
299.99
299.99
299.99
299.99
299.99
299.99
299.99
299.99
299.99
299.99
299.99
299.99
299.99
299.99
299.99
299.99
299.99
299.99
299.99
299.99
299.99
299.99
299.99
299.99
299.99
299.99
299.99
299.99
299.99
299.99
299.99
299.99
299.99
299.99
299.99
299.99
299.99
299.99
299.99
299.99
299.99
299.99
299.99
299.99
299.99
299.99
299.99
299.99
299.99
299.99
299.99
299.99
299.99
299.99
299.99
299.99
299.99
299.99
299.99
299.99
299.99
299.99
299.99
299.99
299.99
299.99
299.99
299.99
299.99
299.99
299.99
299.99
299.99
299.99
299.99
299.99
299.99
299.99
299.99
299.99
299.99
299.99
299.99
299.99
299.99
299.99
299.99
299.99
299.99
299.99
299.99
299.99
299.99
299.99
299.99
299.99
299.99
299.99
299.99
299.99
299.99
299.99
299.99
299.99
299.99
299.99
299.99
299.99
299.99
299.99
299.99
299.99
299.99
299.99
299.99
299.99
299.99
299.99
299.99
299.99
299.99
299.99
299.99
299.99
299.99
299.99
299.99
299.99
299.99
299.99
299.99
299.99
299.99
299.99
299.99
299.99
299.99
299.99
299.99
299.99
299.99
299.99
299.99
299.99
299.99
299.99
299.99
299.99
299.99
299.99
299.99
299.99
299.99
299.99
299.99
299.99
299.99
299.99
299.99
299.99
299.99
299.99
299.99
299.99
299.99
299.99
299.99
299.99
299.99
299.99
299.99
299.99
299.99
299.99
299.99
299.99
299.99
299.99
299.99
299.99
299.99
299.99
299.99
299.99
299.99
299.99
299.99
299.99
299.99
299.99
299.99
299.99
299.99
299.99
299.99
299.99
299.99
299.99
299.99
299.99
299.99
299.99
299.99
299.99
299.99
299.99
299.99
299.99
299.99
299.99
299.99
299.99
299.99
299.99
299.99
299.99
299.99
299.99
299.99
299.99
299.99
299.99
299.99
299.99
299.99
299.99
299.99
299.99
299.99
299.99
299.99
299.99
299.99
299.99
299.99
299.99
299.99
299.99
299.99
299.99
299.99
299.99
299.99
299.99
299.99
299.99
299.99
299.99
299.99
299.989
299.989
299.989
299.989
299.989
299.989
299.989
299.989
299.989
299.989
299.989
299.989
299.989
299.989
299.989
299.989
299.989
299.989
299.989
299.989
299.989
299.989
299.989
299.989
299.989
299.989
299.989
299.989
299.989
299.989
299.989
299.989
299.989
299.989
299.989
299.989
299.989
299.989
299.989
299.989
299.989
299.989
299.989
299.989
299.989
299.989
299.989
299.989
299.989
299.989
299.989
299.989
299.989
299.989
299.989
299.989
299.989
299.989
299.989
299.989
299.989
299.989
299.989
299.989
299.989
299.989
299.989
299.989
299.989
299.989
299.989
299.989
299.989
299.989
299.989
299.989
299.989
299.989
299.989
299.989
299.989
299.989
299.989
299.989
299.989
299.989
299.989
299.989
299.989
299.989
299.989
299.989
299.989
299.989
299.989
299.989
299.989
299.989
299.989
299.989
299.989
299.989
299.989
299.989
299.989
299.989
299.989
299.989
299.989
299.989
299.989
299.989
299.989
299.989
299.989
299.989
299.989
299.989
299.989
299.989
299.989
299.989
299.989
299.989
299.989
299.989
299.989
299.989
299.989
299.989
299.989
299.989
299.989
299.989
299.989
299.989
299.989
299.989
299.989
299.989
299.989
299.989
299.989
299.989
299.989
299.989
299.989
299.989
299.989
299.989
299.989
299.989
299.989
299.989
299.989
299.989
299.989
299.989
299.989
299.989
299.989
299.989
299.989
299.989
299.989
299.989
299.989
299.989
299.989
299.989
299.989
299.989
299.989
299.989
299.989
299.989
299.989
299.989
299.989
299.989
299.989
299.989
299.989
299.989
299.989
299.989
299.989
299.989
299.989
299.989
299.989
299.989
299.989
299.989
299.989
299.989
299.989
299.989
299.989
299.989
299.989
299.989
299.989
299.989
299.989
299.989
299.989
299.989
299.989
299.989
299.989
299.989
299.989
299.989
299.989
299.989
299.989
299.989
299.989
299.989
299.989
299.989
299.989
299.989
299.989
299.989
299.989
299.989
299.989
299.989
299.989
299.989
299.989
299.989
299.989
299.989
299.989
299.989
299.989
299.989
299.989
299.989
299.989
299.989
299.989
299.989
299.989
299.989
299.989
299.989
299.989
299.989
299.989
299.989
299.989
299.989
299.989
299.989
299.989
299.989
299.989
299.989
299.989
299.989
299.989
299.989
299.989
299.989
299.989
299.989
299.989
299.989
299.989
299.989
299.989
299.989
299.989
299.989
299.989
299.989
299.989
299.989
299.989
299.989
299.989
299.989
299.989
299.989
299.989
299.989
299.989
299.989
299.989
299.989
299.989
299.989
299.989
299.989
299.989
299.989
299.989
299.989
299.989
299.989
299.989
299.989
299.989
299.989
299.989
299.989
299.989
299.989
299.989
299.989
299.989
299.989
299.989
299.989
299.989
299.989
299.989
299.989
299.989
299.989
299.989
299.989
299.989
299.989
299.989
299.989
299.989
299.989
299.989
299.989
299.989
299.989
299.989
299.989
299.989
299.989
299.989
299.989
299.989
299.989
299.989
299.989
299.989
299.989
299.989
299.989
299.989
299.989
299.989
299.989
299.989
299.989
299.989
299.989
299.989
299.989
299.989
299.989
299.989
299.989
299.989
299.989
299.989
299.989
299.989
299.989
299.989
299.989
299.989
299.989
299.989
299.989
299.989
299.989
299.989
299.989
299.988
299.988
299.988
299.988
299.988
299.988
299.988
299.988
299.988
299.988
299.988
299.988
299.988
299.988
299.988
299.988
299.988
299.988
299.988
299.988
299.988
299.988
299.988
299.988
299.988
299.988
299.988
299.988
299.988
299.988
299.988
299.988
299.988
299.988
299.988
299.988
299.988
299.988
299.988
299.988
299.988
299.988
299.988
299.988
299.988
299.988
299.988
299.988
299.988
299.988
299.988
299.988
299.988
299.988
299.988
299.988
299.988
299.988
299.988
299.988
299.988
299.988
299.988
299.988
299.988
299.988
299.988
299.988
299.988
299.988
299.988
299.988
299.988
299.988
299.988
299.988
299.988
299.988
299.988
299.988
299.988
299.988
299.988
299.988
299.988
299.988
299.988
299.988
299.988
299.988
299.988
299.988
299.988
299.988
299.988
299.988
299.988
299.988
299.988
299.988
299.988
299.988
299.988
299.988
299.988
299.988
299.988
299.988
299.988
299.988
299.988
299.988
299.988
299.988
299.988
299.988
299.988
299.988
299.988
299.988
299.988
299.988
299.988
299.988
299.988
299.988
299.988
299.988
299.988
299.988
299.988
299.988
299.988
299.988
299.988
299.988
299.988
299.988
299.988
299.988
299.988
299.988
299.988
299.988
299.988
299.988
299.988
299.988
299.988
299.988
299.988
299.988
299.988
299.988
299.988
299.988
299.988
299.988
299.988
299.988
299.988
299.988
299.988
299.988
299.988
299.988
299.988
299.988
299.988
299.988
299.988
299.988
299.988
299.988
299.988
299.988
299.988
299.988
299.988
299.988
299.988
299.988
299.988
299.988
299.988
299.988
299.988
299.988
299.988
299.988
299.988
299.988
299.988
299.988
299.988
299.988
299.988
299.988
299.988
299.988
299.988
299.988
299.988
299.988
299.988
299.988
299.988
299.988
299.988
299.988
299.988
299.988
299.988
299.988
299.988
299.988
299.988
299.988
299.988
299.988
299.988
299.988
299.988
299.988
299.988
299.988
299.988
299.988
299.988
299.988
299.988
299.988
299.988
299.988
299.988
299.987
299.987
299.987
299.987
299.987
299.987
299.987
299.987
299.987
299.987
299.987
299.987
299.987
299.987
299.987
299.987
299.987
299.987
299.987
299.987
299.987
299.987
299.987
299.987
299.987
299.987
299.987
299.987
299.987
299.987
299.987
299.987
299.987
299.987
299.987
299.987
299.987
299.987
299.987
299.987
299.987
299.987
299.987
299.987
299.987
299.987
299.987
299.987
299.987
299.987
299.987
299.987
299.987
299.987
299.987
299.987
299.987
299.987
299.987
299.987
299.987
299.987
299.987
299.987
299.987
299.987
299.987
299.987
299.987
299.987
299.987
299.987
299.987
299.987
299.987
299.987
299.987
299.987
299.987
299.987
299.987
299.987
299.987
299.987
299.987
299.987
299.987
299.987
299.987
299.987
299.987
299.987
299.987
299.987
299.987
299.987
299.987
299.987
299.987
299.987
299.987
299.987
299.987
299.987
299.987
299.987
299.987
299.987
299.987
299.987
299.987
299.987
299.987
299.987
299.987
299.987
299.987
299.987
299.987
299.987
299.987
299.987
299.987
299.987
299.987
299.987
299.987
299.987
299.987
299.987
299.987
299.987
299.987
299.987
299.987
299.987
299.987
299.987
299.987
299.987
299.987
299.987
299.987
299.987
299.987
299.987
299.987
299.987
299.987
299.987
299.987
299.987
299.987
299.987
299.987
299.987
299.987
299.987
299.987
299.987
299.987
299.987
299.987
299.987
299.987
299.987
299.987
299.987
299.987
299.987
299.987
299.987
299.987
299.987
299.987
299.987
299.987
299.987
299.987
299.987
299.987
299.987
299.987
299.987
299.987
299.987
299.987
299.987
299.987
299.987
299.987
299.987
299.987
299.987
299.987
299.987
299.987
299.987
299.987
299.987
299.987
299.987
299.987
299.987
299.987
299.987
299.987
299.987
299.987
299.987
299.987
299.987
299.987
299.987
299.987
299.987
299.987
299.987
299.987
299.987
299.987
299.987
299.987
299.987
299.987
299.987
299.987
299.987
299.987
299.987
299.987
299.987
299.987
299.987
299.987
299.987
299.987
299.987
299.987
299.987
299.987
299.987
299.987
299.987
299.987
299.987
299.987
299.987
299.987
299.987
299.987
299.987
299.987
299.987
299.987
299.987
299.987
299.987
299.987
299.987
299.987
299.987
299.987
299.987
299.987
299.987
299.987
299.987
299.987
299.987
299.987
299.987
299.987
299.987
299.987
299.987
299.987
299.987
299.987
299.987
299.987
299.987
299.987
299.987
299.987
299.987
299.987
299.987
299.987
299.987
299.987
299.987
299.987
299.987
299.987
299.987
299.987
299.987
299.987
299.987
299.987
299.987
299.987
299.987
299.987
299.987
299.987
299.987
299.987
299.987
299.987
299.987
299.987
299.987
299.987
299.987
299.987
299.987
299.987
299.987
299.987
299.987
299.987
299.987
299.987
299.987
299.987
299.987
299.987
299.987
299.987
299.987
299.987
299.987
299.987
299.987
299.987
299.987
299.987
299.987
299.987
299.987
299.987
299.987
299.987
299.987
299.987
299.987
299.987
299.987
299.987
299.987
299.987
299.987
299.987
299.987
299.987
299.987
299.987
299.987
299.987
299.987
299.987
299.987
299.987
299.987
299.987
299.987
299.987
299.987
299.987
299.987
299.987
299.987
299.987
299.987
299.987
299.987
299.987
299.987
299.987
299.987
299.987
299.987
299.987
299.987
299.987
299.987
299.987
299.987
299.987
299.987
299.987
299.986
299.986
299.986
299.986
299.986
299.986
299.986
299.986
299.986
299.986
299.986
299.986
299.986
299.986
299.986
299.986
299.986
299.986
299.986
299.986
299.986
299.986
299.986
299.986
299.986
299.986
299.986
299.986
299.986
299.986
299.986
299.986
299.986
299.986
299.986
299.986
299.986
299.986
299.986
299.986
299.986
299.986
299.986
299.986
299.986
299.986
299.986
299.986
299.986
299.986
299.986
299.986
299.986
299.986
299.986
299.986
299.986
299.986
299.986
299.986
299.986
299.986
299.986
299.986
299.986
299.986
299.986
299.986
299.986
299.986
299.986
299.986
299.986
299.986
299.986
299.986
299.986
299.986
299.986
299.986
299.986
299.986
299.986
299.986
299.986
299.986
299.986
299.986
299.986
299.986
299.986
299.986
299.986
299.986
299.986
299.986
299.986
299.986
299.986
299.986
299.986
299.986
299.986
299.986
299.986
299.986
299.986
299.986
299.986
299.986
299.986
299.986
299.986
299.986
299.986
299.986
299.986
299.986
299.986
299.986
299.986
299.986
299.986
299.986
299.986
299.986
299.986
299.986
299.986
299.986
299.986
299.986
299.986
299.986
299.986
299.986
299.986
299.986
299.986
299.986
299.986
299.986
299.986
299.986
299.986
299.986
299.986
299.986
299.986
299.986
299.986
299.986
299.986
299.986
299.986
299.986
299.986
299.986
299.986
299.986
299.986
299.986
299.986
299.986
299.986
299.986
299.986
299.986
299.986
299.986
299.986
299.986
299.986
299.986
299.986
299.986
299.986
299.986
299.986
299.986
299.986
299.986
299.986
299.986
299.986
299.986
299.986
299.986
299.986
299.986
299.986
299.986
299.986
299.986
299.986
299.986
299.986
299.986
299.986
299.986
299.986
299.986
299.986
299.986
299.986
299.986
299.986
299.986
299.986
299.986
299.986
299.986
299.986
299.986
299.986
299.986
299.986
299.986
299.986
299.986
299.986
299.986
299.986
299.986
299.986
299.986
299.986
299.986
299.986
299.986
299.986
299.986
299.986
299.986
299.986
299.986
299.986
299.986
299.986
299.986
299.986
299.986
299.986
299.986
299.986
299.986
299.986
299.986
299.986
299.986
299.986
299.986
299.986
299.986
299.986
299.986
299.986
299.986
299.986
299.986
299.986
299.986
299.986
299.986
299.986
299.986
299.986
299.986
299.986
299.986
299.986
299.986
299.986
299.986
299.986
299.986
299.986
299.986
299.986
299.986
299.986
299.986
299.986
299.986
299.986
299.986
299.986
299.986
299.986
299.986
299.986
299.986
299.986
299.986
299.986
299.986
299.986
299.986
299.986
299.986
299.986
299.986
299.986
299.986
299.986
299.986
299.986
299.986
299.986
299.986
299.986
299.986
299.986
299.986
299.986
299.986
299.986
299.986
299.986
299.986
299.986
299.986
299.986
299.986
299.986
299.986
299.986
299.986
299.986
299.986
299.986
299.986
299.986
299.986
299.986
299.986
299.986
299.986
299.986
299.986
299.986
299.986
299.986
299.986
299.986
299.986
299.986
299.986
299.986
299.986
299.986
299.986
299.986
299.986
299.986
299.986
299.986
299.986
299.986
299.986
299.986
299.986
299.986
299.986
299.986
299.986
299.986
299.986
299.986
299.986
299.986
299.986
299.986
299.986
299.986
299.986
299.986
299.986
299.986
299.986
299.986
299.986
299.986
299.986
299.985
299.985
299.985
299.985
299.985
299.985
299.985
299.985
299.985
299.985
299.985
299.985
299.985
299.985
299.985
299.985
299.985
299.985
299.985
299.985
299.985
299.985
299.985
299.985
299.985
299.985
299.985
299.985
299.985
299.985
299.985
299.985
299.985
299.985
299.985
299.985
299.985
299.985
299.985
299.985
299.985
299.985
299.985
299.985
299.985
299.985
299.985
299.985
299.985
299.985
299.985
299.985
299.985
299.985
299.985
299.985
299.985
299.985
299.985
299.985
299.985
299.985
299.985
299.985
299.985
299.985
299.985
299.985
299.985
299.985
299.985
299.985
299.985
299.985
299.985
299.985
299.985
299.985
299.985
299.985
299.985
299.985
299.985
299.985
299.985
299.985
299.985
299.985
299.985
299.985
299.985
299.985
299.985
299.985
299.985
299.985
299.985
299.985
299.985
299.985
299.985
299.985
299.985
299.985
299.985
299.985
299.985
299.985
299.985
299.985
299.985
299.985
299.985
299.985
299.985
299.985
299.985
299.985
299.985
299.985
299.985
299.985
299.985
299.985
299.985
299.985
299.985
299.985
299.985
299.985
299.985
299.985
299.985
299.985
299.985
299.985
299.985
299.985
299.985
299.985
299.985
299.985
299.985
299.985
299.985
299.985
299.985
299.985
299.985
299.985
299.985
299.985
299.985
299.985
299.985
299.985
299.985
299.985
299.985
299.985
299.985
299.985
299.985
299.985
299.985
299.985
299.985
299.985
299.985
299.985
299.985
299.985
299.985
299.985
299.985
299.985
299.985
299.985
299.985
299.985
299.985
299.985
299.985
299.985
299.985
299.985
299.985
299.985
299.985
299.985
299.985
299.985
299.985
299.985
299.985
299.985
299.985
299.985
299.985
299.985
299.985
299.985
299.985
299.985
299.985
299.985
299.985
299.985
299.985
299.985
299.985
299.985
299.985
299.985
299.985
299.985
299.985
299.985
299.985
299.985
299.985
299.985
299.985
299.984
299.984
299.984
299.984
299.984
299.984
299.984
299.984
299.984
299.984
299.984
299.984
299.984
299.984
299.984
299.984
299.984
299.984
299.984
299.984
299.984
299.984
299.984
299.984
299.984
299.984
299.984
299.984
299.984
299.984
299.984
299.984
299.984
299.984
299.984
299.984
299.984
299.984
299.984
299.984
299.984
299.984
299.984
299.984
299.984
299.984
299.984
299.984
299.984
299.984
299.984
299.984
299.984
299.984
299.984
299.984
299.984
299.984
299.984
299.984
299.984
299.984
299.984
299.984
299.984
299.984
299.984
299.984
299.984
299.984
299.984
299.984
299.984
299.984
299.984
299.984
299.984
299.984
299.984
299.984
299.984
299.984
299.984
299.984
299.984
299.984
299.984
299.984
299.984
299.984
299.984
299.984
299.984
299.984
299.984
299.984
299.984
299.984
299.984
299.984
299.984
299.984
299.984
299.984
299.984
299.984
299.984
299.984
299.984
299.984
299.984
299.984
299.984
299.984
299.984
299.984
299.984
299.984
299.984
299.984
299.984
299.984
299.984
299.984
299.984
299.984
299.984
299.984
299.984
299.984
299.984
299.984
299.984
299.984
299.984
299.984
299.984
299.984
299.984
299.984
299.984
299.984
299.984
299.984
299.984
299.984
299.984
299.984
299.984
299.984
299.984
299.984
299.984
299.984
299.984
299.984
299.984
299.984
299.984
299.984
299.984
299.984
299.984
299.984
299.984
299.984
299.984
299.984
299.984
299.984
299.984
299.984
299.984
299.984
299.984
299.984
299.984
299.984
299.984
299.984
299.984
299.984
299.984
299.984
299.984
299.984
299.984
299.984
299.984
299.984
299.984
299.984
299.984
299.984
299.984
299.984
299.984
299.984
299.984
299.984
299.984
299.984
299.984
299.984
299.984
299.984
299.984
299.984
299.984
299.984
299.984
299.984
299.984
299.984
299.984
299.984
299.984
299.984
299.984
299.984
299.984
299.984
299.984
299.984
299.984
299.984
299.984
299.984
299.984
299.984
299.984
299.984
299.984
299.984
299.984
299.984
299.984
299.984
299.984
299.984
299.984
299.984
299.984
299.984
299.984
299.984
299.984
299.984
299.984
299.984
299.984
299.984
299.984
299.984
299.984
299.984
299.984
299.984
299.984
299.984
299.984
299.984
299.984
299.984
299.984
299.984
299.984
299.984
299.984
299.984
299.984
299.984
299.984
299.984
299.984
299.984
299.984
299.984
299.984
299.984
299.984
299.984
299.984
299.984
299.984
299.984
299.984
299.984
299.984
299.984
299.984
299.984
299.984
299.984
299.984
299.984
299.984
299.984
299.984
299.984
299.984
299.984
299.984
299.984
299.984
299.984
299.984
299.984
299.984
299.984
299.984
299.984
299.984
299.984
299.984
299.984
299.984
299.984
299.984
299.984
299.984
299.984
299.984
299.984
299.984
299.984
299.984
299.984
299.984
299.984
299.984
299.984
299.984
299.984
299.984
299.984
299.984
299.984
299.984
299.984
299.984
299.984
299.984
299.984
299.984
299.984
299.984
299.984
299.984
299.984
299.984
299.984
299.984
299.984
299.984
299.984
299.984
299.984
299.984
299.984
299.984
299.984
299.984
299.984
299.984
299.984
299.984
299.984
299.984
299.984
299.984
299.984
299.984
299.984
299.984
299.984
299.984
299.984
299.984
299.984
299.984
299.984
299.984
299.984
299.984
299.984
299.984
299.984
299.984
299.984
299.984
299.984
299.984
299.984
299.984
299.984
299.984
299.984
299.984
299.984
299.983
299.984
299.983
299.983
299.983
299.983
299.983
299.983
299.983
299.983
299.983
299.983
299.983
299.983
299.983
299.983
299.983
299.983
299.983
299.983
299.983
299.983
299.983
299.983
299.983
299.983
299.983
299.983
299.983
299.983
299.983
299.983
299.983
299.983
299.983
299.983
299.983
299.983
299.983
299.983
299.983
299.983
299.983
299.983
299.983
299.983
299.983
299.983
299.983
299.983
299.983
299.983
299.983
299.983
299.983
299.983
299.983
299.983
299.983
299.983
299.983
299.983
299.983
299.983
299.983
299.983
299.983
299.983
299.983
299.983
299.983
299.983
299.983
299.983
299.983
299.983
299.983
299.983
299.983
299.983
299.983
299.983
299.983
299.983
299.983
299.983
299.983
299.983
299.983
299.983
299.983
299.983
299.983
299.983
299.983
299.983
299.983
299.983
299.983
299.983
299.983
299.983
299.983
299.983
299.983
299.983
299.983
299.983
299.983
299.983
299.983
299.983
299.983
299.983
299.983
299.983
299.983
299.983
299.983
299.983
299.983
299.983
299.983
299.983
299.983
299.983
299.983
299.983
299.983
299.983
299.983
299.983
299.983
299.983
299.983
299.983
299.983
299.983
299.983
299.983
299.983
299.983
299.983
299.983
299.983
299.983
299.983
299.983
299.983
299.983
299.983
299.983
299.983
299.983
299.983
299.983
299.983
299.983
299.983
299.983
299.983
299.983
299.983
299.983
299.983
299.983
299.983
299.983
299.983
299.983
299.983
299.983
299.983
299.983
299.983
299.983
299.983
299.983
299.983
299.983
299.983
299.983
299.983
299.983
299.983
299.983
299.983
299.983
299.983
299.983
299.983
299.983
299.983
299.983
299.983
299.983
299.983
299.983
299.983
299.983
299.983
299.981
299.981
299.982
299.982
299.983
299.983
299.983
299.983
299.983
299.983
299.983
299.983
299.983
299.983
299.983
299.983
299.982
299.982
299.982
299.982
299.982
299.982
299.982
299.982
299.982
299.982
299.982
299.982
299.982
299.983
299.983
299.983
299.983
299.983
299.983
299.983
299.983
299.983
299.983
299.983
299.983
299.983
299.983
299.983
299.983
299.983
299.983
299.983
299.983
299.983
299.983
299.983
299.983
299.983
299.983
299.983
299.983
299.983
299.983
299.983
299.983
299.983
299.983
299.983
299.983
299.983
299.983
299.983
299.983
299.983
299.983
299.983
299.983
299.983
299.983
299.983
299.983
299.983
299.983
299.983
299.983
299.983
299.983
299.983
299.983
299.983
299.983
299.983
299.983
299.983
299.983
299.983
299.983
299.983
299.983
299.983
299.983
299.983
299.983
299.983
299.983
299.983
299.983
299.983
299.983
299.983
299.983
299.983
299.983
299.983
299.983
299.983
299.983
299.983
299.983
299.983
299.983
299.983
299.983
299.983
299.983
299.983
299.983
299.983
299.983
299.983
299.983
299.983
299.983
299.983
299.983
299.983
299.983
299.983
299.983
299.983
299.983
299.983
299.983
299.983
299.983
299.983
299.983
299.983
299.983
299.983
299.983
299.983
299.983
299.983
299.983
299.983
299.983
299.983
299.983
299.983
299.983
299.983
299.983
299.983
299.983
299.983
299.983
299.983
299.983
299.983
299.983
299.983
299.983
299.983
299.983
299.983
299.983
299.983
299.983
299.983
299.983
299.983
299.983
299.983
299.983
299.983
299.983
299.983
299.983
299.983
299.983
299.983
299.983
299.983
299.983
299.983
299.983
299.983
299.983
299.983
299.983
299.983
299.983
299.982
299.992
299.99
299.988
299.984
299.982
299.982
299.982
299.982
299.982
299.982
299.982
299.982
299.982
299.982
299.982
299.982
299.982
299.982
299.982
299.982
299.982
299.982
299.982
299.982
299.982
299.982
299.982
299.982
299.982
299.982
299.982
299.982
299.982
299.982
299.982
299.982
299.982
299.982
299.982
299.982
299.982
299.982
299.982
299.982
299.982
299.982
299.982
299.982
299.982
299.982
299.982
299.982
299.982
299.982
299.982
299.982
299.982
299.982
299.982
299.982
299.982
299.982
299.982
299.982
299.982
299.982
299.982
299.982
299.982
299.982
299.982
299.982
299.982
299.982
299.982
299.982
299.982
299.982
299.982
299.982
299.982
299.982
299.982
299.982
299.982
299.982
299.982
299.982
299.982
299.982
299.982
299.982
299.982
299.982
299.982
299.982
299.982
299.982
299.982
299.982
299.982
299.982
299.982
299.982
299.982
299.982
299.982
299.982
299.982
299.982
299.982
299.982
299.982
299.982
299.982
299.982
299.982
299.982
299.982
299.982
299.982
299.982
299.982
299.982
299.982
299.982
299.982
299.982
299.982
299.982
299.982
299.982
299.982
299.982
299.982
299.982
299.982
299.982
299.982
299.982
299.982
299.982
299.982
299.982
299.982
299.982
299.982
299.982
299.982
299.982
299.982
299.982
299.982
299.982
299.982
299.982
299.982
299.982
299.982
299.982
299.982
299.982
299.982
299.982
299.982
299.982
299.982
299.982
299.982
299.982
299.982
299.982
299.982
299.982
299.982
299.982
299.982
299.982
299.982
299.982
299.982
299.982
299.982
299.982
299.982
299.982
299.982
299.982
299.982
299.982
299.982
299.982
299.982
299.982
299.982
299.982
299.982
299.982
299.982
299.978
299.936
299.936
299.942
299.962
299.977
299.982
299.983
299.983
299.982
299.982
299.982
299.982
299.981
299.981
299.981
299.981
299.982
299.982
299.982
299.982
299.983
299.983
299.983
299.984
299.984
299.983
299.983
299.982
299.982
299.982
299.981
299.981
299.981
299.981
299.981
299.981
299.981
299.981
299.981
299.981
299.981
299.981
299.981
299.981
299.981
299.981
299.981
299.981
299.981
299.981
299.981
299.981
299.981
299.981
299.981
299.981
299.981
299.981
299.981
299.981
299.981
299.981
299.981
299.981
299.981
299.981
299.981
299.981
299.981
299.981
299.981
299.981
299.981
299.981
299.981
299.981
299.981
299.981
299.981
299.981
299.981
299.981
299.981
299.981
299.981
299.981
299.981
299.981
299.981
299.981
299.981
299.981
299.981
299.981
299.981
299.981
299.981
299.981
299.981
299.981
299.981
299.981
299.981
299.981
299.981
299.981
299.981
299.981
299.981
299.981
299.981
299.981
299.981
299.981
299.981
299.981
299.981
299.981
299.981
299.981
299.981
299.981
299.981
299.981
299.981
299.981
299.981
299.981
299.981
299.981
299.981
299.981
299.981
299.981
299.981
299.981
299.981
299.981
299.981
299.981
299.981
299.981
299.981
299.981
299.981
299.981
299.981
299.981
299.981
299.981
299.981
299.981
299.981
299.981
299.981
299.981
299.981
299.981
299.981
299.981
299.981
299.981
299.981
299.981
299.981
299.981
299.981
299.981
299.981
299.981
299.981
299.981
299.981
299.981
299.981
299.981
299.981
299.981
299.981
299.981
299.981
299.981
299.981
299.981
299.981
299.981
299.981
299.981
299.981
299.981
299.981
299.981
299.981
299.981
299.981
299.981
299.981
299.981
299.981
300.035
300.048
300.132
300.181
300.11
300.01
299.976
299.97
299.971
299.974
299.976
299.978
299.979
299.98
299.981
299.982
299.982
299.983
299.984
299.986
299.988
299.99
299.993
299.995
299.997
299.997
299.996
299.993
299.989
299.986
299.983
299.982
299.981
299.981
299.981
299.981
299.981
299.981
299.981
299.981
299.981
299.981
299.981
299.981
299.981
299.981
299.981
299.981
299.981
299.981
299.981
299.981
299.981
299.981
299.981
299.981
299.981
299.981
299.981
299.981
299.981
299.981
299.981
299.981
299.981
299.981
299.981
299.981
299.981
299.981
299.981
299.981
299.981
299.981
299.981
299.981
299.981
299.981
299.981
299.981
299.981
299.981
299.981
299.981
299.981
299.981
299.981
299.981
299.981
299.981
299.981
299.981
299.981
299.981
299.981
299.981
299.981
299.981
299.981
299.981
299.981
299.981
299.981
299.981
299.981
299.981
299.981
299.981
299.981
299.981
299.981
299.981
299.981
299.981
299.981
299.981
299.981
299.981
299.981
299.981
299.981
299.981
299.981
299.981
299.981
299.981
299.981
299.981
299.981
299.981
299.981
299.981
299.981
299.981
299.981
299.981
299.981
299.981
299.981
299.981
299.981
299.981
299.981
299.981
299.981
299.981
299.981
299.981
299.981
299.981
299.981
299.981
299.981
299.981
299.981
299.981
299.981
299.981
299.981
299.981
299.981
299.981
299.981
299.981
299.981
299.981
299.981
299.981
299.981
299.981
299.981
299.981
299.981
299.981
299.981
299.981
299.981
299.981
299.981
299.981
299.981
299.981
299.981
299.981
299.981
299.981
299.981
299.981
299.981
299.981
299.981
299.981
299.981
299.981
299.981
299.981
299.981
299.981
299.981
299.981
300.027
299.231
299.439
299.186
299.516
299.872
299.997
300.027
300.029
300.021
300.011
300.003
299.996
299.993
299.991
299.991
299.993
299.997
300.002
300.01
300.021
300.032
300.045
300.057
300.065
300.068
300.064
300.052
300.034
300.015
299.998
299.987
299.982
299.981
299.98
299.98
299.98
299.98
299.98
299.98
299.98
299.98
299.98
299.98
299.98
299.98
299.98
299.98
299.98
299.98
299.98
299.98
299.98
299.98
299.98
299.98
299.98
299.98
299.98
299.98
299.98
299.98
299.98
299.98
299.98
299.98
299.98
299.98
299.98
299.98
299.98
299.98
299.98
299.98
299.98
299.98
299.98
299.98
299.98
299.98
299.98
299.98
299.98
299.98
299.98
299.98
299.98
299.98
299.98
299.98
299.98
299.98
299.98
299.98
299.98
299.98
299.98
299.98
299.98
299.98
299.98
299.98
299.98
299.98
299.98
299.98
299.98
299.98
299.98
299.98
299.98
299.98
299.98
299.98
299.98
299.98
299.98
299.98
299.98
299.98
299.98
299.98
299.98
299.98
299.98
299.98
299.98
299.98
299.98
299.98
299.98
299.98
299.98
299.98
299.98
299.98
299.98
299.98
299.98
299.98
299.98
299.98
299.98
299.98
299.98
299.98
299.98
299.98
299.98
299.98
299.98
299.98
299.98
299.98
299.98
299.98
299.98
299.98
299.98
299.98
299.98
299.98
299.98
299.98
299.98
299.98
299.98
299.98
299.98
299.98
299.98
299.98
299.98
299.98
299.98
299.98
299.98
299.98
299.98
299.98
299.98
299.98
299.98
299.98
299.98
299.98
299.98
299.98
299.98
299.98
299.98
299.98
299.98
299.98
299.98
299.98
299.98
299.98
299.98
299.98
299.793
301.48
300.438
301.344
301.182
300.603
300.035
299.824
299.798
299.822
299.859
299.895
299.929
299.958
299.985
300.009
300.032
300.055
300.082
300.113
300.15
300.193
300.238
300.281
300.315
300.331
300.324
300.291
300.233
300.157
300.082
300.025
299.995
299.983
299.98
299.98
299.98
299.98
299.98
299.98
299.98
299.98
299.98
299.98
299.98
299.98
299.98
299.98
299.98
299.98
299.98
299.98
299.98
299.98
299.98
299.98
299.98
299.98
299.98
299.98
299.98
299.98
299.98
299.98
299.98
299.98
299.98
299.98
299.98
299.98
299.98
299.98
299.98
299.98
299.98
299.98
299.98
299.98
299.98
299.98
299.98
299.98
299.98
299.98
299.98
299.98
299.98
299.98
299.98
299.98
299.98
299.98
299.98
299.98
299.98
299.98
299.98
299.98
299.98
299.98
299.98
299.98
299.98
299.98
299.98
299.98
299.98
299.98
299.98
299.98
299.98
299.98
299.98
299.98
299.98
299.98
299.98
299.98
299.98
299.98
299.98
299.98
299.98
299.98
299.98
299.98
299.98
299.98
299.98
299.98
299.98
299.98
299.98
299.98
299.98
299.98
299.98
299.98
299.98
299.98
299.98
299.98
299.98
299.98
299.98
299.98
299.98
299.98
299.98
299.98
299.98
299.98
299.98
299.98
299.98
299.98
299.98
299.98
299.98
299.98
299.98
299.98
299.98
299.98
299.98
299.98
299.98
299.98
299.98
299.98
299.98
299.98
299.98
299.98
299.98
299.98
299.98
299.98
299.98
299.98
299.98
299.98
299.98
299.98
299.98
299.98
299.98
299.98
299.98
299.98
299.98
299.98
299.98
299.98
299.98
299.98
299.98
299.98
299.98
299.98
297.321
298.023
297.544
298.476
298.505
299.098
300.016
300.319
300.427
300.467
300.456
300.42
300.373
300.327
300.288
300.263
300.258
300.277
300.325
300.403
300.506
300.627
300.755
300.876
300.974
301.036
301.046
300.99
300.863
300.665
300.424
300.205
300.065
300.003
299.984
299.98
299.979
299.979
299.979
299.979
299.979
299.979
299.979
299.979
299.979
299.979
299.979
299.979
299.979
299.979
299.979
299.979
299.979
299.979
299.979
299.979
299.979
299.979
299.979
299.979
299.979
299.979
299.979
299.979
299.979
299.979
299.979
299.979
299.979
299.979
299.979
299.979
299.979
299.979
299.979
299.979
299.979
299.979
299.979
299.979
299.979
299.979
299.979
299.979
299.979
299.979
299.979
299.979
299.979
299.979
299.979
299.979
299.979
299.979
299.979
299.979
299.979
299.979
299.979
299.979
299.979
299.979
299.979
299.979
299.979
299.979
299.979
299.979
299.979
299.979
299.979
299.979
299.979
299.979
299.979
299.979
299.979
299.979
299.979
299.979
299.979
299.979
299.979
299.979
299.979
299.979
299.979
299.979
299.979
299.979
299.979
299.979
299.979
299.979
299.979
299.979
299.979
299.979
299.979
299.979
299.979
299.979
299.979
299.979
299.979
299.979
299.979
299.979
299.979
299.979
299.979
299.979
299.979
299.979
299.979
299.979
299.979
299.979
299.979
299.979
299.979
299.979
299.979
299.979
299.979
299.979
299.979
299.979
299.979
299.979
299.979
299.979
299.979
299.979
299.979
299.979
299.979
299.979
299.979
299.979
299.979
299.979
299.979
299.979
299.979
299.979
299.979
299.979
299.979
299.979
299.979
299.979
299.979
299.979
299.979
299.979
299.979
299.979
299.979
299.979
305.206
304.668
304.966
304.522
304.165
303.186
301.159
299.41
298.993
299.218
299.459
299.637
299.789
299.944
300.111
300.287
300.471
300.664
300.867
301.08
301.302
301.53
301.759
301.979
302.177
302.333
302.421
302.41
302.269
301.952
301.437
300.832
300.351
300.098
300.007
299.984
299.979
299.979
299.979
299.979
299.979
299.979
299.979
299.979
299.979
299.979
299.979
299.979
299.979
299.979
299.979
299.979
299.979
299.979
299.979
299.979
299.979
299.979
299.979
299.979
299.979
299.979
299.979
299.979
299.979
299.979
299.979
299.979
299.979
299.979
299.979
299.979
299.979
299.979
299.979
299.979
299.979
299.979
299.979
299.979
299.979
299.979
299.979
299.979
299.979
299.979
299.979
299.979
299.979
299.979
299.979
299.979
299.979
299.979
299.979
299.979
299.979
299.979
299.979
299.979
299.979
299.979
299.979
299.979
299.979
299.979
299.979
299.979
299.979
299.979
299.979
299.979
299.979
299.979
299.979
299.979
299.979
299.979
299.979
299.979
299.979
299.979
299.979
299.979
299.979
299.979
299.979
299.979
299.979
299.979
299.979
299.979
299.979
299.979
299.979
299.979
299.979
299.979
299.979
299.979
299.979
299.979
299.979
299.979
299.979
299.979
299.979
299.979
299.979
299.979
299.979
299.979
299.979
299.979
299.979
299.979
299.979
299.979
299.979
299.979
299.979
299.979
299.979
299.979
299.979
299.979
299.979
299.979
299.979
299.979
299.979
299.979
299.979
299.979
299.979
299.979
299.979
299.979
299.979
299.979
299.979
299.979
299.979
299.979
299.978
299.978
299.978
299.978
299.978
299.978
299.978
299.978
299.978
299.978
299.978
299.978
299.979
299.979
299.979
299.979
305.026
304.957
305.023
304.975
304.89
304.82
304.319
303.856
303.599
303.463
303.35
303.18
302.902
302.529
302.129
301.775
301.523
301.396
301.39
301.483
301.645
301.851
302.081
302.32
302.55
302.774
303.052
303.465
303.914
304.027
303.481
302.37
301.197
300.429
300.101
300.003
299.982
299.978
299.978
299.978
299.978
299.978
299.978
299.978
299.978
299.978
299.978
299.978
299.978
299.978
299.978
299.978
299.978
299.978
299.978
299.978
299.978
299.978
299.978
299.978
299.978
299.978
299.978
299.978
299.978
299.978
299.978
299.978
299.978
299.978
299.978
299.978
299.978
299.978
299.978
299.978
299.978
299.978
299.978
299.978
299.978
299.978
299.978
299.978
299.978
299.978
299.978
299.978
299.978
299.978
299.978
299.978
299.978
299.978
299.978
299.978
299.978
299.978
299.978
299.978
299.978
299.978
299.978
299.978
299.978
299.978
299.978
299.978
299.978
299.978
299.978
299.978
299.978
299.978
299.978
299.978
299.978
299.978
299.978
299.978
299.978
299.978
299.978
299.978
299.978
299.978
299.978
299.978
299.978
299.978
299.978
299.978
299.978
299.978
299.978
299.978
299.978
299.978
299.978
299.978
299.978
299.978
299.978
299.978
299.978
299.978
299.978
299.978
299.978
299.978
299.978
299.978
299.978
299.978
299.978
299.978
299.978
299.978
299.978
299.978
299.978
299.978
299.978
299.978
299.978
299.978
299.978
299.978
299.978
299.978
299.978
299.978
299.978
299.978
299.978
299.978
299.978
299.978
299.978
299.978
299.978
299.978
299.978
299.978
299.978
299.978
299.978
299.978
299.978
299.978
299.978
299.978
299.978
299.978
299.978
299.978
299.978
299.978
299.978
299.978
305.007
304.991
305.001
305.005
304.981
305
304.946
304.868
304.81
304.767
304.724
304.674
304.613
304.54
304.458
304.365
304.258
304.144
304.046
303.986
303.973
304.013
304.115
304.272
304.427
304.493
304.443
304.392
304.551
304.97
305.169
304.396
302.75
301.214
300.371
300.069
299.993
299.98
299.978
299.977
299.977
299.977
299.977
299.977
299.977
299.977
299.977
299.977
299.977
299.977
299.977
299.977
299.977
299.977
299.977
299.977
299.977
299.977
299.977
299.977
299.977
299.977
299.977
299.977
299.977
299.977
299.977
299.977
299.977
299.977
299.977
299.977
299.977
299.977
299.977
299.977
299.977
299.977
299.977
299.977
299.977
299.977
299.977
299.977
299.977
299.977
299.977
299.977
299.977
299.977
299.977
299.977
299.977
299.977
299.977
299.977
299.977
299.977
299.977
299.977
299.977
299.977
299.977
299.977
299.977
299.977
299.977
299.977
299.977
299.977
299.977
299.977
299.977
299.977
299.977
299.977
299.977
299.977
299.977
299.977
299.977
299.977
299.977
299.977
299.977
299.977
299.977
299.977
299.977
299.977
299.977
299.977
299.977
299.977
299.977
299.977
299.977
299.977
299.977
299.977
299.977
299.977
299.977
299.977
299.977
299.977
299.977
299.977
299.977
299.977
299.977
299.977
299.977
299.977
299.977
299.977
299.977
299.977
299.977
299.977
299.977
299.977
299.977
299.977
299.977
299.977
299.977
299.977
299.977
299.977
299.977
299.977
299.977
299.977
299.977
299.977
299.977
299.977
299.977
299.977
299.977
299.977
299.977
299.977
299.977
299.977
299.977
299.977
299.977
299.977
299.977
299.977
299.977
299.977
299.977
299.977
299.977
299.977
299.977
299.977
305.001
305
304.999
305
304.997
305.001
305.001
304.997
304.991
304.985
304.979
304.972
304.964
304.956
304.948
304.938
304.925
304.912
304.902
304.897
304.895
304.902
304.919
304.935
304.933
304.922
304.939
305.028
305.199
305.361
305.264
304.606
303.334
301.85
300.73
300.187
300.018
299.983
299.977
299.977
299.977
299.977
299.977
299.977
299.977
299.977
299.977
299.977
299.977
299.977
299.977
299.977
299.977
299.977
299.977
299.977
299.977
299.977
299.977
299.977
299.977
299.977
299.977
299.977
299.977
299.977
299.977
299.977
299.977
299.977
299.977
299.977
299.977
299.977
299.977
299.977
299.977
299.977
299.977
299.977
299.977
299.977
299.977
299.977
299.977
299.977
299.977
299.977
299.977
299.977
299.977
299.977
299.977
299.977
299.977
299.977
299.977
299.977
299.977
299.977
299.977
299.977
299.977
299.977
299.977
299.977
299.977
299.977
299.977
299.977
299.977
299.977
299.977
299.977
299.977
299.977
299.977
299.977
299.977
299.977
299.977
299.977
299.977
299.977
299.977
299.977
299.977
299.977
299.977
299.977
299.977
299.977
299.977
299.977
299.977
299.977
299.977
299.977
299.977
299.977
299.977
299.977
299.977
299.977
299.977
299.977
299.977
299.977
299.977
299.977
299.977
299.977
299.977
299.977
299.977
299.977
299.977
299.977
299.977
299.977
299.977
299.977
299.977
299.977
299.977
299.977
299.977
299.977
299.977
299.977
299.977
299.977
299.977
299.977
299.977
299.977
299.977
299.977
299.977
299.977
299.977
299.977
299.977
299.977
299.977
299.977
299.977
299.977
299.977
299.977
299.977
299.977
299.977
299.977
299.977
299.977
299.977
299.977
299.977
299.977
)
;

boundaryField
{
    inletTop
    {
        type            fixedValue;
        value           uniform 305;
    }
    inletBottom
    {
        type            fixedValue;
        value           uniform 300;
    }
    outletTop
    {
        type            inletOutlet;
        inletValue      uniform 300;
        value           nonuniform List<scalar> 4(299.979 299.978 299.977 299.977);
    }
    walls
    {
        type            zeroGradient;
    }
    front
    {
        type            empty;
    }
    back
    {
        type            empty;
    }
    outletBottom
    {
        type            inletOutlet;
        inletValue      uniform 300;
        value           nonuniform List<scalar> 4(299.999 299.998 299.997 299.997);
    }
}


// ************************************************************************* //
