/*--------------------------------*- C++ -*----------------------------------*\
  =========                 |
  \\      /  F ield         | OpenFOAM: The Open Source CFD Toolbox
   \\    /   O peration     | Website:  https://openfoam.org
    \\  /    A nd           | Version:  dev
     \\/     M anipulation  |
\*---------------------------------------------------------------------------*/
FoamFile
{
    version     2.0;
    format      ascii;
    class       volScalarField;
    location    "18";
    object      thermo:rho;
}
// * * * * * * * * * * * * * * * * * * * * * * * * * * * * * * * * * * * * * //

dimensions      [1 -3 0 0 0 0 0];

internalField   nonuniform List<scalar> 
8000
(
1.15862
1.15861
1.15861
1.1586
1.15862
1.15861
1.15861
1.1586
1.15862
1.15861
1.15861
1.1586
1.15862
1.15861
1.15861
1.1586
1.15862
1.15861
1.15861
1.1586
1.15862
1.15861
1.15861
1.1586
1.15862
1.15861
1.15861
1.1586
1.15862
1.15861
1.15861
1.1586
1.15862
1.15861
1.15861
1.1586
1.15862
1.15861
1.15861
1.1586
1.15862
1.15861
1.15861
1.1586
1.15862
1.15861
1.15861
1.1586
1.15862
1.15861
1.15861
1.1586
1.15862
1.15861
1.15861
1.1586
1.15862
1.15861
1.15861
1.15861
1.15862
1.15861
1.15861
1.15861
1.15862
1.15861
1.15861
1.15861
1.15862
1.15862
1.15861
1.15861
1.15862
1.15862
1.15861
1.15861
1.15862
1.15862
1.15861
1.15861
1.15862
1.15862
1.15861
1.15861
1.15862
1.15862
1.15861
1.15861
1.15862
1.15862
1.15861
1.15861
1.15862
1.15862
1.15861
1.15861
1.15862
1.15862
1.15861
1.15861
1.15862
1.15862
1.15861
1.15861
1.15862
1.15862
1.15861
1.15861
1.15862
1.15862
1.15861
1.15861
1.15862
1.15862
1.15861
1.15861
1.15862
1.15862
1.15861
1.15861
1.15862
1.15862
1.15861
1.15861
1.15862
1.15862
1.15861
1.15861
1.15862
1.15862
1.15861
1.15861
1.15862
1.15862
1.15861
1.15861
1.15862
1.15862
1.15861
1.15861
1.15862
1.15862
1.15861
1.15861
1.15862
1.15862
1.15861
1.15861
1.15862
1.15862
1.15861
1.15861
1.15862
1.15862
1.15861
1.15861
1.15862
1.15862
1.15861
1.15861
1.15862
1.15862
1.15861
1.15861
1.15862
1.15862
1.15861
1.15861
1.15862
1.15862
1.15861
1.15861
1.15862
1.15862
1.15861
1.15861
1.15862
1.15862
1.15861
1.15861
1.15862
1.15862
1.15861
1.15861
1.15862
1.15862
1.15861
1.15861
1.15862
1.15862
1.15861
1.15861
1.15862
1.15862
1.15861
1.15861
1.15862
1.15862
1.15861
1.15861
1.15862
1.15862
1.15861
1.15861
1.15862
1.15862
1.15861
1.15861
1.15862
1.15862
1.15861
1.15861
1.15862
1.15862
1.15861
1.15861
1.15862
1.15862
1.15861
1.15861
1.15862
1.15862
1.15861
1.15861
1.15862
1.15862
1.15861
1.15861
1.15862
1.15862
1.15861
1.15861
1.15862
1.15862
1.15861
1.15861
1.15862
1.15862
1.15861
1.15861
1.15862
1.15862
1.15861
1.15861
1.15862
1.15862
1.15861
1.15861
1.15862
1.15862
1.15861
1.15861
1.15862
1.15862
1.15861
1.15861
1.15862
1.15862
1.15861
1.15861
1.15862
1.15862
1.15861
1.15861
1.15862
1.15862
1.15861
1.15861
1.15862
1.15862
1.15861
1.15861
1.15862
1.15862
1.15861
1.15861
1.15862
1.15862
1.15861
1.15861
1.15862
1.15862
1.15861
1.15861
1.15862
1.15862
1.15861
1.15861
1.15862
1.15862
1.15861
1.15861
1.15862
1.15862
1.15861
1.15861
1.15862
1.15862
1.15861
1.15861
1.15862
1.15862
1.15861
1.15861
1.15862
1.15862
1.15861
1.15861
1.15862
1.15862
1.15861
1.15861
1.15862
1.15862
1.15861
1.15861
1.15862
1.15862
1.15861
1.15861
1.15862
1.15862
1.15861
1.15861
1.15862
1.15862
1.15861
1.15861
1.15862
1.15862
1.15861
1.15861
1.15862
1.15862
1.15861
1.15861
1.15862
1.15862
1.15861
1.15861
1.15862
1.15862
1.15861
1.15861
1.15862
1.15862
1.15861
1.15861
1.15862
1.15862
1.15861
1.15861
1.15862
1.15862
1.15861
1.15861
1.15862
1.15862
1.15861
1.15861
1.15862
1.15862
1.15861
1.15861
1.15862
1.15862
1.15861
1.15861
1.15862
1.15862
1.15861
1.15861
1.15862
1.15862
1.15861
1.15861
1.15862
1.15862
1.15861
1.15861
1.15862
1.15862
1.15861
1.15861
1.15862
1.15862
1.15861
1.15861
1.15862
1.15862
1.15861
1.15861
1.15862
1.15862
1.15861
1.15861
1.15862
1.15862
1.15861
1.15861
1.15862
1.15862
1.15861
1.15861
1.15862
1.15862
1.15861
1.15861
1.15862
1.15862
1.15861
1.15861
1.15862
1.15862
1.15861
1.15861
1.15862
1.15862
1.15861
1.15861
1.15862
1.15862
1.15861
1.15861
1.15862
1.15862
1.15861
1.15861
1.15862
1.15862
1.15861
1.15861
1.15862
1.15862
1.15861
1.15861
1.15862
1.15862
1.15861
1.15861
1.15862
1.15862
1.15861
1.15861
1.15862
1.15862
1.15861
1.15861
1.15862
1.15862
1.15861
1.15861
1.15862
1.15862
1.15861
1.15861
1.15862
1.15862
1.15861
1.15861
1.15862
1.15862
1.15861
1.15861
1.15862
1.15862
1.15861
1.15861
1.15862
1.15862
1.15861
1.15861
1.15862
1.15862
1.15861
1.15861
1.15862
1.15862
1.15861
1.15861
1.15862
1.15862
1.15861
1.15861
1.15862
1.15862
1.15861
1.15861
1.15862
1.15862
1.15861
1.15861
1.15862
1.15862
1.15861
1.15861
1.15862
1.15862
1.15861
1.15861
1.15862
1.15862
1.15861
1.15861
1.15862
1.15862
1.15861
1.15861
1.15862
1.15862
1.15861
1.15861
1.15862
1.15862
1.15861
1.15861
1.15862
1.15862
1.15861
1.15861
1.15862
1.15862
1.15861
1.15861
1.15862
1.15862
1.15861
1.15861
1.15862
1.15862
1.15861
1.15861
1.15862
1.15862
1.15861
1.15861
1.15862
1.15862
1.15861
1.15861
1.15862
1.15862
1.15861
1.15861
1.15862
1.15862
1.15861
1.15861
1.15862
1.15862
1.15861
1.15861
1.15862
1.15862
1.15861
1.15861
1.15862
1.15862
1.15861
1.15861
1.15862
1.15862
1.15861
1.15861
1.15862
1.15862
1.15861
1.15861
1.15862
1.15862
1.15861
1.15861
1.15862
1.15862
1.15861
1.15861
1.15862
1.15862
1.15861
1.15861
1.15862
1.15862
1.15861
1.15861
1.15862
1.15862
1.15861
1.15861
1.15862
1.15862
1.15861
1.15861
1.15862
1.15862
1.15861
1.15861
1.15862
1.15862
1.15861
1.15861
1.15862
1.15862
1.15861
1.15861
1.15862
1.15862
1.15861
1.15861
1.15862
1.15862
1.15861
1.15861
1.15862
1.15862
1.15861
1.15861
1.15862
1.15862
1.15861
1.15861
1.15862
1.15862
1.15861
1.15861
1.15862
1.15862
1.15861
1.15861
1.15862
1.15862
1.15861
1.15861
1.15862
1.15862
1.15861
1.15861
1.15862
1.15862
1.15861
1.15861
1.15862
1.15862
1.15861
1.15861
1.15862
1.15862
1.15861
1.15861
1.15862
1.15862
1.15861
1.15861
1.15862
1.15862
1.15861
1.15861
1.15862
1.15862
1.15861
1.15861
1.15862
1.15862
1.15861
1.15861
1.15862
1.15862
1.15861
1.15861
1.15862
1.15862
1.15861
1.15861
1.15862
1.15862
1.15861
1.15861
1.15862
1.15862
1.15861
1.15861
1.15862
1.15862
1.15861
1.15861
1.15862
1.15862
1.15861
1.15861
1.15862
1.15862
1.15861
1.15861
1.15862
1.15862
1.15861
1.15861
1.15862
1.15862
1.15861
1.15861
1.15862
1.15862
1.15861
1.15861
1.15862
1.15862
1.15861
1.15861
1.15862
1.15862
1.15861
1.15861
1.15862
1.15862
1.15861
1.15861
1.15862
1.15862
1.15861
1.15861
1.15862
1.15862
1.15861
1.15861
1.15862
1.15862
1.15861
1.15861
1.15862
1.15862
1.15861
1.15861
1.15862
1.15862
1.15861
1.15861
1.15862
1.15862
1.15861
1.15861
1.15862
1.15862
1.15861
1.15861
1.15862
1.15862
1.15861
1.15861
1.15862
1.15862
1.15861
1.15861
1.15862
1.15862
1.15861
1.15861
1.15862
1.15862
1.15861
1.15861
1.15862
1.15862
1.15861
1.15861
1.15862
1.15862
1.15861
1.15861
1.15862
1.15862
1.15861
1.15861
1.15862
1.15862
1.15861
1.15861
1.15862
1.15862
1.15861
1.15861
1.15862
1.15862
1.15861
1.15861
1.15862
1.15862
1.15861
1.15861
1.15862
1.15862
1.15862
1.15861
1.15862
1.15862
1.15862
1.15861
1.15862
1.15862
1.15862
1.15861
1.1586
1.1586
1.1586
1.1586
1.1586
1.1586
1.1586
1.1586
1.1586
1.1586
1.1586
1.1586
1.1586
1.1586
1.1586
1.1586
1.1586
1.1586
1.1586
1.1586
1.1586
1.1586
1.1586
1.1586
1.1586
1.1586
1.1586
1.1586
1.1586
1.1586
1.1586
1.1586
1.1586
1.1586
1.1586
1.1586
1.1586
1.1586
1.1586
1.1586
1.1586
1.1586
1.1586
1.1586
1.1586
1.1586
1.1586
1.1586
1.1586
1.1586
1.1586
1.1586
1.1586
1.1586
1.1586
1.1586
1.1586
1.1586
1.1586
1.1586
1.1586
1.1586
1.1586
1.1586
1.1586
1.1586
1.1586
1.1586
1.1586
1.1586
1.1586
1.1586
1.1586
1.1586
1.1586
1.1586
1.1586
1.1586
1.1586
1.1586
1.1586
1.1586
1.1586
1.1586
1.1586
1.1586
1.1586
1.1586
1.1586
1.1586
1.1586
1.1586
1.1586
1.1586
1.1586
1.1586
1.1586
1.1586
1.1586
1.1586
1.1586
1.1586
1.1586
1.1586
1.1586
1.1586
1.1586
1.1586
1.1586
1.1586
1.1586
1.1586
1.1586
1.1586
1.1586
1.1586
1.1586
1.1586
1.1586
1.1586
1.1586
1.1586
1.1586
1.1586
1.1586
1.1586
1.1586
1.1586
1.1586
1.1586
1.1586
1.1586
1.1586
1.1586
1.1586
1.1586
1.1586
1.1586
1.1586
1.1586
1.1586
1.1586
1.1586
1.1586
1.1586
1.1586
1.1586
1.1586
1.1586
1.1586
1.1586
1.1586
1.1586
1.1586
1.1586
1.1586
1.1586
1.1586
1.1586
1.1586
1.1586
1.1586
1.1586
1.1586
1.1586
1.1586
1.1586
1.1586
1.1586
1.1586
1.1586
1.1586
1.1586
1.1586
1.1586
1.1586
1.1586
1.1586
1.1586
1.1586
1.1586
1.1586
1.1586
1.1586
1.1586
1.1586
1.1586
1.1586
1.1586
1.1586
1.15861
1.1586
1.15861
1.15861
1.15861
1.15861
1.15861
1.15861
1.15861
1.15861
1.1586
1.1586
1.1586
1.1586
1.1586
1.1586
1.15859
1.15859
1.15859
1.15859
1.1586
1.15859
1.15859
1.15859
1.15859
1.15859
1.1586
1.1586
1.1586
1.1586
1.1586
1.1586
1.1586
1.1586
1.1586
1.1586
1.1586
1.1586
1.1586
1.1586
1.1586
1.1586
1.1586
1.1586
1.1586
1.1586
1.1586
1.1586
1.1586
1.1586
1.1586
1.1586
1.1586
1.1586
1.1586
1.1586
1.1586
1.1586
1.1586
1.1586
1.1586
1.1586
1.1586
1.1586
1.1586
1.1586
1.1586
1.1586
1.1586
1.1586
1.1586
1.1586
1.1586
1.1586
1.1586
1.1586
1.1586
1.1586
1.1586
1.1586
1.1586
1.1586
1.1586
1.1586
1.1586
1.1586
1.1586
1.1586
1.1586
1.1586
1.1586
1.1586
1.1586
1.1586
1.1586
1.1586
1.1586
1.1586
1.1586
1.1586
1.1586
1.1586
1.1586
1.1586
1.1586
1.1586
1.1586
1.1586
1.1586
1.1586
1.1586
1.1586
1.1586
1.1586
1.1586
1.1586
1.1586
1.1586
1.1586
1.1586
1.1586
1.1586
1.1586
1.1586
1.1586
1.1586
1.1586
1.1586
1.1586
1.1586
1.1586
1.1586
1.1586
1.1586
1.1586
1.1586
1.1586
1.1586
1.1586
1.1586
1.1586
1.1586
1.1586
1.1586
1.1586
1.1586
1.1586
1.1586
1.1586
1.1586
1.1586
1.1586
1.1586
1.1586
1.1586
1.1586
1.1586
1.1586
1.1586
1.1586
1.1586
1.1586
1.1586
1.1586
1.1586
1.1586
1.1586
1.1586
1.1586
1.1586
1.1586
1.1586
1.1586
1.1586
1.1586
1.1586
1.1586
1.1586
1.1586
1.1586
1.1586
1.1586
1.1586
1.1586
1.1586
1.1586
1.1586
1.1586
1.1586
1.1586
1.1586
1.1586
1.1586
1.1586
1.1586
1.1586
1.1586
1.1586
1.1586
1.1586
1.1586
1.1586
1.1586
1.1586
1.1586
1.1586
1.1586
1.1586
1.1586
1.1586
1.1586
1.1586
1.15859
1.15859
1.15859
1.15859
1.15859
1.15859
1.15859
1.15859
1.15859
1.15859
1.15859
1.15859
1.15859
1.15859
1.15859
1.15859
1.15859
1.15859
1.15859
1.15859
1.15859
1.15859
1.15859
1.15859
1.15859
1.15859
1.15859
1.15859
1.15859
1.15859
1.15859
1.15859
1.15859
1.15859
1.15859
1.15859
1.15859
1.15859
1.15859
1.15859
1.15859
1.15859
1.15859
1.15859
1.15859
1.15859
1.15859
1.15859
1.15859
1.15859
1.15859
1.15859
1.15859
1.15859
1.15859
1.15859
1.15859
1.15859
1.15859
1.15859
1.15859
1.15859
1.15859
1.15859
1.15859
1.15859
1.15859
1.15859
1.15859
1.15859
1.15859
1.15859
1.15859
1.15859
1.15859
1.15859
1.15859
1.15859
1.15859
1.15859
1.15859
1.15859
1.15859
1.15859
1.15859
1.15859
1.15859
1.15859
1.15859
1.15859
1.15859
1.15859
1.15859
1.15859
1.15859
1.15859
1.15859
1.15859
1.15859
1.15859
1.15859
1.15859
1.15859
1.15859
1.15859
1.15859
1.15859
1.15859
1.15859
1.15859
1.15859
1.15859
1.15859
1.15859
1.15859
1.15859
1.15859
1.15859
1.15859
1.15859
1.15859
1.15859
1.15859
1.15859
1.15859
1.15859
1.15859
1.15859
1.15859
1.15859
1.15859
1.15859
1.15859
1.15859
1.15859
1.15859
1.15859
1.15859
1.15859
1.15859
1.15859
1.15859
1.15859
1.15859
1.15859
1.15859
1.15859
1.15859
1.15859
1.15859
1.15859
1.15859
1.15859
1.15859
1.15859
1.15859
1.15859
1.1586
1.1586
1.1586
1.1586
1.1586
1.1586
1.1586
1.1586
1.1586
1.1586
1.1586
1.1586
1.1586
1.1586
1.1586
1.1586
1.1586
1.1586
1.1586
1.1586
1.1586
1.1586
1.1586
1.1586
1.1586
1.1586
1.1586
1.1586
1.1586
1.1586
1.1586
1.1586
1.1586
1.1586
1.1586
1.1586
1.1586
1.1586
1.1586
1.1586
1.1586
1.15859
1.15859
1.15859
1.15859
1.15859
1.15858
1.15858
1.15858
1.15859
1.15859
1.15859
1.15859
1.15858
1.15858
1.15858
1.15859
1.15859
1.15859
1.15859
1.15859
1.15859
1.15859
1.15859
1.15859
1.15859
1.15859
1.15859
1.15859
1.15859
1.15859
1.15859
1.15859
1.15859
1.15859
1.15859
1.15859
1.15859
1.15859
1.15859
1.15859
1.15859
1.15859
1.15859
1.15859
1.15859
1.15859
1.15859
1.15859
1.15859
1.15859
1.15859
1.15859
1.15859
1.15859
1.15859
1.15859
1.15859
1.15859
1.15859
1.15859
1.15859
1.15859
1.15859
1.15859
1.15859
1.15859
1.15859
1.15859
1.15859
1.15859
1.15859
1.15859
1.15859
1.15859
1.15859
1.15859
1.15859
1.15859
1.15859
1.15859
1.15859
1.15859
1.15859
1.15859
1.15859
1.15859
1.15859
1.15859
1.15859
1.15859
1.15859
1.15859
1.15859
1.15859
1.15859
1.15859
1.15859
1.15859
1.15859
1.15859
1.15859
1.15859
1.15859
1.15859
1.15859
1.15859
1.15859
1.15859
1.15859
1.15859
1.15859
1.15859
1.15859
1.15859
1.15859
1.15859
1.15859
1.15859
1.15859
1.15859
1.15859
1.15859
1.15859
1.15859
1.15859
1.15859
1.15859
1.15859
1.15859
1.15859
1.15859
1.15859
1.15859
1.15859
1.15859
1.15859
1.15859
1.15859
1.15859
1.15859
1.15859
1.15859
1.15859
1.15859
1.15859
1.15859
1.15859
1.15859
1.15859
1.15859
1.15859
1.15859
1.15859
1.15859
1.15859
1.15859
1.15859
1.15859
1.15859
1.15859
1.15859
1.15859
1.15859
1.15859
1.15859
1.15859
1.15859
1.15859
1.15859
1.15859
1.15859
1.15859
1.15859
1.15859
1.15859
1.15859
1.15859
1.15859
1.15859
1.15859
1.15859
1.15859
1.15859
1.15859
1.15859
1.15859
1.15859
1.15859
1.15859
1.15859
1.15859
1.15859
1.15859
1.15859
1.15859
1.15859
1.15859
1.15859
1.15859
1.1586
1.15859
1.15859
1.15859
1.15859
1.15858
1.15858
1.15858
1.15858
1.15858
1.15858
1.15858
1.15858
1.15858
1.15858
1.15858
1.15858
1.15858
1.15858
1.15858
1.15858
1.15859
1.15859
1.15859
1.15859
1.15859
1.15859
1.15859
1.15859
1.15859
1.15859
1.15859
1.15859
1.15859
1.15859
1.15859
1.15859
1.15859
1.15859
1.15859
1.15859
1.15859
1.15859
1.15859
1.15859
1.15859
1.15859
1.15859
1.15859
1.15859
1.15859
1.15859
1.15859
1.15859
1.15859
1.15859
1.15859
1.15859
1.15859
1.15859
1.15859
1.15859
1.15859
1.15859
1.15859
1.15859
1.15859
1.15859
1.15859
1.15859
1.15859
1.15859
1.15859
1.15859
1.15859
1.15859
1.15859
1.15859
1.15859
1.15859
1.15859
1.15859
1.15859
1.15859
1.15859
1.15859
1.15859
1.15859
1.15859
1.15859
1.15859
1.15859
1.15859
1.15859
1.15859
1.15859
1.15859
1.15859
1.15859
1.15859
1.15859
1.15859
1.15859
1.15859
1.15859
1.15859
1.15859
1.15859
1.15859
1.15859
1.15859
1.15859
1.15859
1.15859
1.15859
1.15859
1.15859
1.15859
1.15859
1.15859
1.15859
1.15859
1.15859
1.15859
1.15859
1.15859
1.15859
1.15859
1.15859
1.15859
1.15859
1.15859
1.15859
1.15859
1.15859
1.15859
1.15859
1.15859
1.15859
1.15859
1.15859
1.15859
1.15859
1.15859
1.15859
1.15859
1.15859
1.15859
1.15859
1.15859
1.15859
1.15859
1.15859
1.15859
1.15859
1.15859
1.15859
1.15859
1.15859
1.15859
1.15859
1.15859
1.15859
1.15859
1.15859
1.15859
1.15859
1.15859
1.15859
1.15859
1.15859
1.15859
1.15859
1.15859
1.15859
1.15859
1.15859
1.15859
1.15859
1.15859
1.15859
1.15859
1.15859
1.15859
1.15859
1.15859
1.15859
1.15859
1.15859
1.15859
1.15859
1.15859
1.15859
1.15859
1.15859
1.15859
1.15859
1.15859
1.15859
1.15859
1.15859
1.15858
1.15858
1.15858
1.15858
1.15858
1.15858
1.15857
1.15857
1.15857
1.15857
1.15857
1.15857
1.15857
1.15858
1.15858
1.15858
1.15858
1.15858
1.15858
1.15858
1.15858
1.15858
1.15858
1.15858
1.15858
1.15858
1.15858
1.15858
1.15858
1.15858
1.15858
1.15858
1.15858
1.15858
1.15858
1.15858
1.15858
1.15858
1.15858
1.15858
1.15858
1.15858
1.15858
1.15858
1.15858
1.15858
1.15858
1.15858
1.15858
1.15858
1.15858
1.15858
1.15858
1.15858
1.15858
1.15858
1.15858
1.15858
1.15858
1.15858
1.15858
1.15858
1.15858
1.15858
1.15858
1.15858
1.15858
1.15858
1.15858
1.15858
1.15858
1.15858
1.15858
1.15858
1.15858
1.15858
1.15858
1.15858
1.15858
1.15858
1.15858
1.15858
1.15858
1.15858
1.15858
1.15858
1.15858
1.15858
1.15858
1.15858
1.15858
1.15858
1.15858
1.15858
1.15858
1.15858
1.15858
1.15858
1.15858
1.15858
1.15858
1.15858
1.15858
1.15858
1.15858
1.15858
1.15858
1.15858
1.15858
1.15858
1.15858
1.15858
1.15858
1.15858
1.15858
1.15858
1.15858
1.15858
1.15858
1.15858
1.15858
1.15858
1.15858
1.15858
1.15858
1.15858
1.15858
1.15858
1.15858
1.15858
1.15858
1.15858
1.15858
1.15858
1.15858
1.15858
1.15858
1.15858
1.15858
1.15858
1.15858
1.15858
1.15858
1.15858
1.15858
1.15858
1.15858
1.15858
1.15858
1.15858
1.15858
1.15858
1.15858
1.15858
1.15858
1.15858
1.15858
1.15858
1.15858
1.15858
1.15858
1.15858
1.15858
1.15858
1.15858
1.15858
1.15858
1.15858
1.15858
1.15858
1.15858
1.15858
1.15858
1.15858
1.15858
1.15858
1.15858
1.15858
1.15858
1.15858
1.15858
1.15858
1.15858
1.15858
1.15858
1.15858
1.15858
1.15858
1.15858
1.15858
1.15858
1.15858
1.15858
1.15858
1.15859
1.15859
1.15859
1.15859
1.15859
1.15859
1.15858
1.15858
1.15858
1.15858
1.15858
1.15857
1.15857
1.15857
1.15857
1.15857
1.15857
1.15857
1.15857
1.15857
1.15857
1.15857
1.15858
1.15858
1.15858
1.15858
1.15858
1.15858
1.15858
1.15858
1.15858
1.15858
1.15858
1.15858
1.15858
1.15858
1.15858
1.15858
1.15858
1.15858
1.15858
1.15858
1.15858
1.15858
1.15858
1.15858
1.15858
1.15858
1.15858
1.15858
1.15858
1.15858
1.15858
1.15858
1.15858
1.15858
1.15858
1.15858
1.15858
1.15858
1.15858
1.15858
1.15858
1.15858
1.15858
1.15858
1.15858
1.15858
1.15858
1.15858
1.15858
1.15858
1.15858
1.15858
1.15858
1.15858
1.15858
1.15858
1.15858
1.15858
1.15858
1.15858
1.15858
1.15858
1.15858
1.15858
1.15858
1.15858
1.15858
1.15858
1.15858
1.15858
1.15858
1.15858
1.15858
1.15858
1.15858
1.15858
1.15858
1.15858
1.15858
1.15858
1.15858
1.15858
1.15858
1.15858
1.15858
1.15858
1.15858
1.15858
1.15858
1.15858
1.15858
1.15858
1.15858
1.15858
1.15858
1.15858
1.15858
1.15858
1.15858
1.15858
1.15858
1.15858
1.15858
1.15858
1.15858
1.15858
1.15858
1.15858
1.15858
1.15858
1.15858
1.15858
1.15858
1.15858
1.15858
1.15858
1.15858
1.15858
1.15858
1.15858
1.15858
1.15858
1.15858
1.15858
1.15858
1.15858
1.15858
1.15858
1.15858
1.15858
1.15858
1.15858
1.15858
1.15858
1.15858
1.15858
1.15858
1.15858
1.15858
1.15858
1.15858
1.15858
1.15858
1.15858
1.15858
1.15858
1.15858
1.15858
1.15858
1.15858
1.15858
1.15858
1.15858
1.15858
1.15858
1.15858
1.15858
1.15858
1.15858
1.15858
1.15858
1.15858
1.15858
1.15858
1.15858
1.15858
1.15858
1.15858
1.15858
1.15858
1.15858
1.15858
1.15858
1.15858
1.15858
1.15858
1.15858
1.15858
1.15858
1.15858
1.15858
1.15858
1.15858
1.15858
1.15857
1.15857
1.15857
1.15857
1.15857
1.15857
1.15857
1.15857
1.15857
1.15857
1.15857
1.15857
1.15857
1.15857
1.15857
1.15857
1.15857
1.15857
1.15857
1.15857
1.15857
1.15857
1.15857
1.15857
1.15857
1.15857
1.15857
1.15857
1.15857
1.15857
1.15857
1.15857
1.15857
1.15857
1.15857
1.15857
1.15857
1.15857
1.15857
1.15857
1.15857
1.15857
1.15857
1.15857
1.15857
1.15857
1.15857
1.15857
1.15857
1.15857
1.15857
1.15857
1.15857
1.15857
1.15857
1.15857
1.15857
1.15857
1.15857
1.15857
1.15857
1.15857
1.15857
1.15857
1.15857
1.15857
1.15857
1.15857
1.15857
1.15857
1.15857
1.15857
1.15857
1.15857
1.15857
1.15857
1.15857
1.15857
1.15857
1.15857
1.15857
1.15857
1.15857
1.15857
1.15857
1.15857
1.15857
1.15857
1.15857
1.15857
1.15857
1.15857
1.15857
1.15857
1.15857
1.15857
1.15857
1.15857
1.15857
1.15857
1.15857
1.15857
1.15857
1.15857
1.15857
1.15857
1.15857
1.15857
1.15857
1.15857
1.15857
1.15857
1.15857
1.15857
1.15857
1.15857
1.15857
1.15857
1.15857
1.15857
1.15857
1.15857
1.15857
1.15857
1.15857
1.15857
1.15857
1.15857
1.15857
1.15857
1.15857
1.15857
1.15857
1.15857
1.15857
1.15857
1.15857
1.15857
1.15857
1.15857
1.15857
1.15857
1.15857
1.15857
1.15857
1.15857
1.15857
1.15857
1.15857
1.15857
1.15857
1.15857
1.15857
1.15857
1.15857
1.15857
1.15857
1.15857
1.15857
1.15857
1.15857
1.15857
1.15857
1.15857
1.15857
1.15857
1.15857
1.15857
1.15857
1.15857
1.15857
1.15857
1.15857
1.15857
1.15857
1.15857
1.15857
1.15857
1.15857
1.15857
1.15857
1.15857
1.15857
1.15857
1.15857
1.15857
1.15857
1.15857
1.15858
1.15858
1.15858
1.15858
1.15858
1.15858
1.15858
1.15858
1.15858
1.15858
1.15858
1.15858
1.15857
1.15857
1.15857
1.15857
1.15857
1.15857
1.15857
1.15857
1.15857
1.15857
1.15857
1.15857
1.15857
1.15857
1.15857
1.15857
1.15857
1.15857
1.15857
1.15857
1.15857
1.15857
1.15857
1.15857
1.15857
1.15857
1.15857
1.15857
1.15857
1.15857
1.15857
1.15857
1.15857
1.15857
1.15857
1.15857
1.15857
1.15857
1.15857
1.15857
1.15857
1.15857
1.15857
1.15857
1.15857
1.15857
1.15857
1.15857
1.15857
1.15857
1.15857
1.15857
1.15857
1.15857
1.15857
1.15857
1.15857
1.15857
1.15857
1.15857
1.15857
1.15857
1.15857
1.15857
1.15857
1.15857
1.15857
1.15857
1.15857
1.15857
1.15857
1.15857
1.15857
1.15857
1.15857
1.15857
1.15857
1.15857
1.15857
1.15857
1.15857
1.15857
1.15857
1.15857
1.15857
1.15857
1.15857
1.15857
1.15857
1.15857
1.15857
1.15857
1.15857
1.15857
1.15857
1.15857
1.15857
1.15857
1.15857
1.15857
1.15857
1.15857
1.15857
1.15857
1.15857
1.15857
1.15857
1.15857
1.15857
1.15857
1.15857
1.15857
1.15857
1.15857
1.15857
1.15857
1.15857
1.15857
1.15857
1.15857
1.15857
1.15857
1.15857
1.15857
1.15857
1.15857
1.15857
1.15857
1.15857
1.15857
1.15857
1.15857
1.15857
1.15857
1.15857
1.15857
1.15857
1.15857
1.15857
1.15857
1.15857
1.15857
1.15857
1.15857
1.15857
1.15857
1.15857
1.15857
1.15857
1.15857
1.15857
1.15857
1.15857
1.15857
1.15857
1.15857
1.15857
1.15857
1.15857
1.15857
1.15857
1.15857
1.15857
1.15857
1.15857
1.15857
1.15857
1.15857
1.15857
1.15857
1.15857
1.15857
1.15857
1.15857
1.15857
1.15857
1.15857
1.15857
1.15857
1.15857
1.15857
1.15857
1.15857
1.15857
1.15857
1.15857
1.15857
1.15857
1.15857
1.15857
1.15857
1.15857
1.15857
1.15857
1.15857
1.15857
1.15857
1.15857
1.15857
1.15857
1.15856
1.15856
1.15856
1.15856
1.15856
1.15856
1.15856
1.15856
1.15856
1.15856
1.15856
1.15856
1.15856
1.15856
1.15856
1.15856
1.15856
1.15856
1.15856
1.15856
1.15856
1.15856
1.15856
1.15856
1.15856
1.15856
1.15856
1.15856
1.15856
1.15856
1.15856
1.15856
1.15856
1.15856
1.15856
1.15856
1.15856
1.15856
1.15856
1.15856
1.15856
1.15856
1.15856
1.15856
1.15856
1.15856
1.15856
1.15856
1.15856
1.15856
1.15856
1.15856
1.15856
1.15856
1.15856
1.15856
1.15856
1.15856
1.15856
1.15856
1.15856
1.15856
1.15856
1.15856
1.15856
1.15856
1.15856
1.15856
1.15856
1.15856
1.15856
1.15856
1.15856
1.15856
1.15856
1.15856
1.15856
1.15856
1.15856
1.15856
1.15856
1.15856
1.15856
1.15856
1.15856
1.15856
1.15856
1.15856
1.15856
1.15856
1.15856
1.15856
1.15856
1.15856
1.15856
1.15856
1.15856
1.15856
1.15856
1.15856
1.15856
1.15856
1.15856
1.15856
1.15856
1.15856
1.15856
1.15856
1.15856
1.15856
1.15856
1.15856
1.15856
1.15856
1.15856
1.15856
1.15856
1.15856
1.15856
1.15856
1.15856
1.15856
1.15856
1.15856
1.15856
1.15856
1.15856
1.15856
1.15856
1.15856
1.15856
1.15856
1.15856
1.15856
1.15856
1.15856
1.15856
1.15856
1.15856
1.15856
1.15856
1.15856
1.15856
1.15856
1.15856
1.15856
1.15856
1.15856
1.15856
1.15856
1.15856
1.15856
1.15856
1.15856
1.15856
1.15856
1.15856
1.15856
1.15856
1.15856
1.15856
1.15856
1.15856
1.15856
1.15856
1.15856
1.15857
1.15857
1.15857
1.15857
1.15857
1.15857
1.15857
1.15857
1.15857
1.15857
1.15857
1.15857
1.15857
1.15857
1.15857
1.15857
1.15857
1.15857
1.15857
1.15857
1.15857
1.15857
1.15857
1.15857
1.15857
1.15857
1.15857
1.15857
1.15857
1.15857
1.15857
1.15857
1.15857
1.15857
1.15856
1.15856
1.15856
1.15856
1.15856
1.15856
1.15856
1.15856
1.15856
1.15856
1.15856
1.15856
1.15856
1.15856
1.15856
1.15856
1.15856
1.15856
1.15856
1.15856
1.15856
1.15856
1.15856
1.15856
1.15856
1.15856
1.15856
1.15856
1.15856
1.15856
1.15856
1.15856
1.15856
1.15856
1.15856
1.15856
1.15856
1.15856
1.15856
1.15856
1.15856
1.15856
1.15856
1.15856
1.15856
1.15856
1.15856
1.15856
1.15856
1.15856
1.15856
1.15856
1.15856
1.15856
1.15856
1.15856
1.15856
1.15856
1.15856
1.15856
1.15856
1.15856
1.15856
1.15856
1.15856
1.15856
1.15856
1.15856
1.15856
1.15856
1.15856
1.15856
1.15856
1.15856
1.15856
1.15856
1.15856
1.15856
1.15856
1.15856
1.15856
1.15856
1.15856
1.15856
1.15856
1.15856
1.15856
1.15856
1.15856
1.15856
1.15856
1.15856
1.15856
1.15856
1.15856
1.15856
1.15856
1.15856
1.15856
1.15856
1.15856
1.15856
1.15856
1.15856
1.15856
1.15856
1.15856
1.15856
1.15856
1.15856
1.15856
1.15856
1.15856
1.15856
1.15856
1.15856
1.15856
1.15856
1.15856
1.15856
1.15856
1.15856
1.15856
1.15856
1.15856
1.15856
1.15856
1.15856
1.15856
1.15856
1.15856
1.15856
1.15856
1.15856
1.15856
1.15856
1.15856
1.15856
1.15856
1.15856
1.15856
1.15856
1.15856
1.15856
1.15856
1.15856
1.15856
1.15856
1.15856
1.15856
1.15856
1.15856
1.15856
1.15856
1.15856
1.15856
1.15856
1.15856
1.15856
1.15856
1.15856
1.15856
1.15856
1.15856
1.15856
1.15856
1.15856
1.15856
1.15856
1.15856
1.15856
1.15856
1.15856
1.15856
1.15856
1.15856
1.15856
1.15856
1.15856
1.15856
1.15856
1.15856
1.15856
1.15856
1.15856
1.15856
1.15856
1.15856
1.15856
1.15856
1.15856
1.15856
1.15856
1.15856
1.15856
1.15856
1.15856
1.15856
1.15856
1.15856
1.15856
1.15856
1.15856
1.15856
1.15856
1.15856
1.15855
1.15855
1.15855
1.15855
1.15855
1.15855
1.15855
1.15855
1.15855
1.15855
1.15855
1.15855
1.15856
1.15856
1.15856
1.15856
1.15856
1.15856
1.15856
1.15856
1.15856
1.15856
1.15856
1.15856
1.15856
1.15856
1.15856
1.15856
1.15856
1.15856
1.15856
1.15856
1.15856
1.15856
1.15856
1.15856
1.15856
1.15856
1.15856
1.15856
1.15856
1.15856
1.15856
1.15856
1.15856
1.15856
1.15856
1.15856
1.15856
1.15856
1.15856
1.15856
1.15856
1.15856
1.15856
1.15856
1.15856
1.15856
1.15856
1.15856
1.15856
1.15856
1.15856
1.15856
1.15856
1.15856
1.15856
1.15856
1.15856
1.15856
1.15856
1.15856
1.15856
1.15856
1.15856
1.15856
1.15856
1.15856
1.15856
1.15856
1.15856
1.15856
1.15856
1.15856
1.15856
1.15856
1.15856
1.15856
1.15856
1.15856
1.15856
1.15856
1.15856
1.15856
1.15856
1.15856
1.15856
1.15856
1.15856
1.15856
1.15856
1.15856
1.15856
1.15856
1.15856
1.15856
1.15856
1.15856
1.15856
1.15856
1.15856
1.15856
1.15856
1.15856
1.15856
1.15856
1.15856
1.15856
1.15856
1.15856
1.15856
1.15856
1.15856
1.15856
1.15856
1.15856
1.15856
1.15856
1.15856
1.15856
1.15856
1.15856
1.15856
1.15856
1.15856
1.15856
1.15856
1.15856
1.15856
1.15856
1.15856
1.15856
1.15856
1.15856
1.15856
1.15856
1.15856
1.15856
1.15856
1.15856
1.15856
1.15856
1.15856
1.15856
1.15856
1.15856
1.15856
1.15856
1.15856
1.15856
1.15856
1.15856
1.15856
1.15856
1.15856
1.15856
1.15856
1.15856
1.15856
1.15856
1.15856
1.15856
1.15856
1.15856
1.15856
1.15856
1.15856
1.15856
1.15856
1.15856
1.15856
1.15856
1.15856
1.15856
1.15856
1.15856
1.15856
1.15856
1.15856
1.15856
1.15856
1.15856
1.15856
1.15856
1.15855
1.15855
1.15855
1.15855
1.15855
1.15855
1.15855
1.15855
1.15855
1.15855
1.15855
1.15855
1.15855
1.15855
1.15855
1.15855
1.15855
1.15855
1.15855
1.15855
1.15855
1.15855
1.15855
1.15855
1.15855
1.15855
1.15855
1.15855
1.15855
1.15855
1.15855
1.15855
1.15855
1.15855
1.15855
1.15855
1.15855
1.15855
1.15855
1.15855
1.15855
1.15855
1.15855
1.15855
1.15855
1.15855
1.15855
1.15855
1.15855
1.15855
1.15855
1.15855
1.15855
1.15855
1.15855
1.15855
1.15855
1.15855
1.15855
1.15855
1.15855
1.15855
1.15855
1.15855
1.15855
1.15855
1.15855
1.15855
1.15855
1.15855
1.15855
1.15855
1.15855
1.15855
1.15855
1.15855
1.15855
1.15855
1.15855
1.15855
1.15855
1.15855
1.15855
1.15855
1.15855
1.15855
1.15855
1.15855
1.15855
1.15855
1.15855
1.15855
1.15855
1.15855
1.15855
1.15855
1.15855
1.15855
1.15855
1.15855
1.15855
1.15855
1.15855
1.15855
1.15855
1.15855
1.15855
1.15855
1.15855
1.15855
1.15855
1.15855
1.15855
1.15855
1.15855
1.15855
1.15855
1.15855
1.15855
1.15855
1.15855
1.15855
1.15855
1.15855
1.15855
1.15855
1.15855
1.15855
1.15855
1.15855
1.15855
1.15855
1.15855
1.15855
1.15855
1.15855
1.15855
1.15855
1.15855
1.15855
1.15855
1.15855
1.15855
1.15855
1.15855
1.15855
1.15855
1.15855
1.15855
1.15855
1.15855
1.15855
1.15855
1.15855
1.15855
1.15855
1.15855
1.15855
1.15855
1.15855
1.15855
1.15855
1.15855
1.15855
1.15855
1.15855
1.15855
1.15855
1.15855
1.15855
1.15855
1.15855
1.15855
1.15855
1.15855
1.15855
1.15855
1.15855
1.15855
1.15855
1.15855
1.15855
1.15855
1.15855
1.15855
1.15855
1.15855
1.15855
1.15855
1.15855
1.15855
1.15855
1.15855
1.15855
1.15855
1.15855
1.15855
1.15855
1.15855
1.15855
1.15855
1.15855
1.15855
1.15855
1.15855
1.15855
1.15855
1.15855
1.15855
1.15855
1.15855
1.15855
1.15855
1.15855
1.15855
1.15855
1.15855
1.15855
1.15855
1.15855
1.15855
1.15855
1.15855
1.15855
1.15855
1.15855
1.15855
1.15855
1.15855
1.15855
1.15855
1.15855
1.15855
1.15855
1.15855
1.15855
1.15855
1.15855
1.15855
1.15855
1.15855
1.15855
1.15855
1.15855
1.15855
1.15855
1.15855
1.15855
1.15855
1.15855
1.15855
1.15855
1.15855
1.15855
1.15855
1.15855
1.15855
1.15855
1.15855
1.15855
1.15855
1.15855
1.15855
1.15855
1.15855
1.15855
1.15855
1.15855
1.15855
1.15855
1.15855
1.15855
1.15855
1.15855
1.15855
1.15855
1.15855
1.15855
1.15855
1.15855
1.15855
1.15855
1.15855
1.15855
1.15855
1.15855
1.15855
1.15855
1.15855
1.15855
1.15855
1.15855
1.15855
1.15855
1.15855
1.15855
1.15855
1.15855
1.15855
1.15855
1.15855
1.15855
1.15855
1.15855
1.15855
1.15855
1.15855
1.15855
1.15855
1.15855
1.15855
1.15855
1.15855
1.15855
1.15855
1.15855
1.15855
1.15855
1.15855
1.15855
1.15855
1.15855
1.15855
1.15855
1.15855
1.15855
1.15855
1.15855
1.15855
1.15855
1.15855
1.15855
1.15855
1.15855
1.15855
1.15855
1.15855
1.15855
1.15855
1.15855
1.15855
1.15855
1.15855
1.15855
1.15855
1.15855
1.15855
1.15855
1.15855
1.15855
1.15855
1.15855
1.15855
1.15855
1.15855
1.15855
1.15855
1.15855
1.15855
1.15855
1.15855
1.15855
1.15855
1.15855
1.15855
1.15855
1.15855
1.15855
1.15855
1.15855
1.15855
1.15855
1.15855
1.15855
1.15855
1.15855
1.15855
1.15855
1.15855
1.15855
1.15855
1.15855
1.15855
1.15855
1.15855
1.15855
1.15855
1.15855
1.15855
1.15855
1.15855
1.15855
1.15855
1.15855
1.15855
1.15855
1.15855
1.15855
1.15855
1.15855
1.15854
1.15854
1.15854
1.15854
1.15854
1.15854
1.15854
1.15854
1.15854
1.15854
1.15854
1.15854
1.15854
1.15854
1.15854
1.15854
1.15854
1.15854
1.15854
1.15854
1.15854
1.15854
1.15854
1.15854
1.15854
1.15854
1.15854
1.15854
1.15854
1.15854
1.15854
1.15854
1.15854
1.15854
1.15854
1.15854
1.15854
1.15854
1.15854
1.15854
1.15854
1.15854
1.15854
1.15854
1.15854
1.15854
1.15854
1.15854
1.15854
1.15854
1.15854
1.15854
1.15854
1.15854
1.15854
1.15854
1.15854
1.15854
1.15854
1.15854
1.15854
1.15854
1.15854
1.15854
1.15854
1.15854
1.15854
1.15854
1.15854
1.15854
1.15854
1.15854
1.15854
1.15854
1.15854
1.15854
1.15854
1.15854
1.15854
1.15854
1.15854
1.15854
1.15854
1.15854
1.15854
1.15854
1.15854
1.15854
1.15854
1.15854
1.15854
1.15854
1.15854
1.15854
1.15854
1.15854
1.15854
1.15854
1.15854
1.15854
1.15854
1.15854
1.15854
1.15854
1.15854
1.15854
1.15854
1.15854
1.15854
1.15854
1.15854
1.15854
1.15854
1.15854
1.15854
1.15854
1.15854
1.15854
1.15854
1.15854
1.15854
1.15854
1.15854
1.15854
1.15854
1.15854
1.15854
1.15854
1.15854
1.15854
1.15854
1.15854
1.15854
1.15854
1.15854
1.15854
1.15854
1.15854
1.15854
1.15854
1.15854
1.15854
1.15854
1.15854
1.15854
1.15854
1.15854
1.15854
1.15854
1.15854
1.15854
1.15854
1.15854
1.15854
1.15854
1.15854
1.15854
1.15854
1.15854
1.15854
1.15854
1.15854
1.15854
1.15854
1.15854
1.15854
1.15854
1.15854
1.15854
1.15854
1.15854
1.15854
1.15854
1.15854
1.15854
1.15854
1.15854
1.15854
1.15854
1.15854
1.15854
1.15854
1.15854
1.15854
1.15854
1.15854
1.15854
1.15854
1.15854
1.15854
1.15854
1.15854
1.15855
1.15855
1.15855
1.15855
1.15855
1.15855
1.15855
1.15855
1.15854
1.15854
1.15854
1.15854
1.15854
1.15854
1.15854
1.15854
1.15854
1.15854
1.15854
1.15854
1.15854
1.15854
1.15854
1.15854
1.15854
1.15854
1.15854
1.15854
1.15854
1.15854
1.15854
1.15854
1.15854
1.15854
1.15854
1.15854
1.15854
1.15854
1.15854
1.15854
1.15854
1.15854
1.15854
1.15854
1.15854
1.15854
1.15854
1.15854
1.15854
1.15854
1.15854
1.15854
1.15854
1.15854
1.15854
1.15854
1.15854
1.15854
1.15854
1.15854
1.15854
1.15854
1.15854
1.15854
1.15854
1.15854
1.15854
1.15854
1.15854
1.15854
1.15854
1.15854
1.15854
1.15854
1.15854
1.15854
1.15854
1.15854
1.15854
1.15854
1.15854
1.15854
1.15854
1.15854
1.15854
1.15854
1.15854
1.15854
1.15854
1.15854
1.15854
1.15854
1.15854
1.15854
1.15854
1.15854
1.15854
1.15854
1.15854
1.15854
1.15854
1.15854
1.15854
1.15854
1.15854
1.15854
1.15854
1.15854
1.15854
1.15854
1.15854
1.15854
1.15854
1.15854
1.15854
1.15854
1.15854
1.15854
1.15854
1.15854
1.15854
1.15854
1.15854
1.15854
1.15854
1.15854
1.15854
1.15854
1.15854
1.15854
1.15854
1.15854
1.15854
1.15854
1.15854
1.15854
1.15854
1.15854
1.15854
1.15854
1.15854
1.15854
1.15854
1.15854
1.15854
1.15854
1.15854
1.15854
1.15854
1.15854
1.15854
1.15854
1.15854
1.15854
1.15854
1.15854
1.15854
1.15854
1.15854
1.15854
1.15854
1.15854
1.15854
1.15854
1.15854
1.15854
1.15854
1.15854
1.15854
1.15854
1.15854
1.15854
1.15854
1.15854
1.15854
1.15854
1.15854
1.15854
1.15854
1.15854
1.15854
1.15854
1.15854
1.15854
1.15854
1.15854
1.15854
1.15854
1.15854
1.15854
1.15854
1.15854
1.15854
1.15854
1.15854
1.15854
1.15854
1.15854
1.15854
1.15854
1.15854
1.15854
1.15854
1.15854
1.15854
1.15854
1.15854
1.15854
1.15853
1.15853
1.15853
1.15853
1.15853
1.15853
1.15853
1.15853
1.15853
1.15853
1.15853
1.15853
1.15853
1.15853
1.15853
1.15853
1.15853
1.15853
1.15853
1.15853
1.15853
1.15853
1.15853
1.15853
1.15853
1.15853
1.15853
1.15853
1.15853
1.15853
1.15853
1.15853
1.15853
1.15853
1.15853
1.15853
1.15853
1.15853
1.15853
1.15853
1.15853
1.15853
1.15853
1.15853
1.15853
1.15853
1.15853
1.15853
1.15853
1.15853
1.15853
1.15853
1.15853
1.15853
1.15853
1.15853
1.15853
1.15853
1.15853
1.15853
1.15853
1.15853
1.15853
1.15853
1.15853
1.15853
1.15853
1.15853
1.15853
1.15853
1.15853
1.15853
1.15853
1.15853
1.15853
1.15853
1.15853
1.15853
1.15853
1.15853
1.15853
1.15853
1.15853
1.15853
1.15853
1.15853
1.15853
1.15853
1.15853
1.15853
1.15853
1.15853
1.15853
1.15853
1.15853
1.15853
1.15853
1.15853
1.15853
1.15853
1.15853
1.15853
1.15853
1.15853
1.15853
1.15853
1.15853
1.15853
1.15853
1.15853
1.15853
1.15853
1.15853
1.15853
1.15853
1.15853
1.15853
1.15853
1.15853
1.15853
1.15853
1.15853
1.15853
1.15853
1.15853
1.15853
1.15853
1.15853
1.15853
1.15853
1.15853
1.15853
1.15853
1.15853
1.15853
1.15853
1.15853
1.15853
1.15853
1.15853
1.15853
1.15853
1.15853
1.15853
1.15853
1.15853
1.15853
1.15853
1.15853
1.15853
1.15853
1.15853
1.15853
1.15853
1.15853
1.15853
1.15853
1.15853
1.15853
1.15853
1.15853
1.15853
1.15853
1.15853
1.15853
1.15853
1.15853
1.15853
1.15853
1.15853
1.15853
1.15853
1.15854
1.15854
1.15854
1.15854
1.15854
1.15854
1.15854
1.15854
1.15854
1.15854
1.15854
1.15854
1.15854
1.15854
1.15854
1.15854
1.15854
1.15854
1.15854
1.15854
1.15854
1.15854
1.15854
1.15854
1.15854
1.15854
1.15854
1.15854
1.15853
1.15853
1.15853
1.15853
1.15853
1.15853
1.15853
1.15853
1.15853
1.15853
1.15853
1.15853
1.15853
1.15853
1.15853
1.15853
1.15853
1.15853
1.15853
1.15853
1.15853
1.15853
1.15853
1.15853
1.15853
1.15853
1.15853
1.15853
1.15853
1.15853
1.15853
1.15853
1.15853
1.15853
1.15853
1.15853
1.15853
1.15853
1.15853
1.15853
1.15853
1.15853
1.15853
1.15853
1.15853
1.15853
1.15853
1.15853
1.15853
1.15853
1.15853
1.15853
1.15853
1.15853
1.15853
1.15853
1.15853
1.15853
1.15853
1.15853
1.15853
1.15853
1.15853
1.15853
1.15853
1.15853
1.15853
1.15853
1.15853
1.15853
1.15853
1.15853
1.15853
1.15853
1.15853
1.15853
1.15853
1.15853
1.15853
1.15853
1.15853
1.15853
1.15853
1.15853
1.15853
1.15853
1.15853
1.15853
1.15853
1.15853
1.15853
1.15853
1.15853
1.15853
1.15853
1.15853
1.15853
1.15853
1.15853
1.15853
1.15853
1.15853
1.15853
1.15853
1.15853
1.15853
1.15853
1.15853
1.15853
1.15853
1.15853
1.15853
1.15853
1.15853
1.15853
1.15853
1.15853
1.15853
1.15853
1.15853
1.15853
1.15853
1.15853
1.15853
1.15853
1.15853
1.15853
1.15853
1.15853
1.15853
1.15853
1.15853
1.15853
1.15853
1.15853
1.15853
1.15853
1.15853
1.15853
1.15853
1.15853
1.15853
1.15853
1.15853
1.15853
1.15853
1.15853
1.15853
1.15853
1.15853
1.15853
1.15853
1.15853
1.15853
1.15853
1.15853
1.15853
1.15853
1.15853
1.15853
1.15853
1.15853
1.15853
1.15853
1.15853
1.15853
1.15853
1.15853
1.15853
1.15853
1.15853
1.15853
1.15853
1.15853
1.15853
1.15853
1.15853
1.15853
1.15853
1.15853
1.15853
1.15853
1.15853
1.15853
1.15853
1.15853
1.15853
1.15853
1.15853
1.15853
1.15853
1.15853
1.15853
1.15853
1.15853
1.15853
1.15853
1.15853
1.15853
1.15853
1.15853
1.15853
1.15853
1.15853
1.15853
1.15853
1.15853
1.15853
1.15853
1.15853
1.15853
1.15853
1.15853
1.15853
1.15853
1.15853
1.15853
1.15853
1.15853
1.15853
1.15853
1.15853
1.15853
1.15853
1.15853
1.15853
1.15853
1.15853
1.15853
1.15853
1.15853
1.15853
1.15853
1.15853
1.15853
1.15853
1.15853
1.15853
1.15853
1.15853
1.15853
1.15853
1.15853
1.15853
1.15853
1.15853
1.15853
1.15853
1.15853
1.15853
1.15853
1.15853
1.15853
1.15853
1.15853
1.15853
1.15853
1.15853
1.15853
1.15853
1.15853
1.15853
1.15853
1.15853
1.15853
1.15853
1.15853
1.15853
1.15853
1.15853
1.15853
1.15853
1.15853
1.15853
1.15853
1.15853
1.15853
1.15853
1.15853
1.15853
1.15853
1.15853
1.15853
1.15853
1.15853
1.15853
1.15853
1.15853
1.15853
1.15853
1.15853
1.15853
1.15853
1.15853
1.15853
1.15853
1.15853
1.15853
1.15853
1.15853
1.15853
1.15853
1.15853
1.15853
1.15853
1.15853
1.15853
1.15853
1.15853
1.15853
1.15853
1.15853
1.15853
1.15853
1.15853
1.15853
1.15853
1.15853
1.15853
1.15853
1.15853
1.15853
1.15853
1.15853
1.15853
1.15853
1.15853
1.15853
1.15853
1.15853
1.15853
1.15853
1.15853
1.15853
1.15853
1.15853
1.15853
1.15853
1.15853
1.15853
1.15853
1.15853
1.15853
1.15853
1.15853
1.15853
1.15853
1.15853
1.15853
1.15853
1.15853
1.15853
1.15853
1.15853
1.15853
1.15853
1.15853
1.15853
1.15853
1.15853
1.15853
1.15853
1.15853
1.15853
1.15853
1.15853
1.15853
1.15853
1.15853
1.15853
1.15853
1.15853
1.15853
1.15853
1.15853
1.15853
1.15853
1.15853
1.15853
1.15853
1.15853
1.15853
1.15853
1.15853
1.15853
1.15853
1.15853
1.15853
1.15853
1.15853
1.15853
1.15853
1.15853
1.15853
1.15853
1.15853
1.15853
1.15853
1.15853
1.15853
1.15852
1.15852
1.15852
1.15852
1.15852
1.15852
1.15852
1.15852
1.15852
1.15852
1.15852
1.15852
1.15852
1.15852
1.15852
1.15852
1.15852
1.15852
1.15852
1.15852
1.15852
1.15852
1.15852
1.15852
1.15852
1.15852
1.15852
1.15852
1.15852
1.15852
1.15852
1.15852
1.15852
1.15852
1.15852
1.15852
1.15852
1.15852
1.15852
1.15852
1.15852
1.15852
1.15852
1.15852
1.15852
1.15852
1.15852
1.15852
1.15852
1.15852
1.15852
1.15852
1.15852
1.15852
1.15852
1.15852
1.15852
1.15852
1.15852
1.15852
1.15852
1.15852
1.15852
1.15852
1.15852
1.15852
1.15852
1.15852
1.15852
1.15852
1.15852
1.15852
1.15852
1.15852
1.15852
1.15852
1.15852
1.15852
1.15852
1.15852
1.15852
1.15852
1.15852
1.15852
1.15852
1.15852
1.15852
1.15852
1.15852
1.15852
1.15852
1.15852
1.15852
1.15852
1.15852
1.15852
1.15852
1.15852
1.15852
1.15852
1.15852
1.15852
1.15852
1.15852
1.15852
1.15852
1.15852
1.15852
1.15852
1.15852
1.15852
1.15852
1.15852
1.15852
1.15852
1.15852
1.15852
1.15852
1.15852
1.15852
1.15852
1.15852
1.15852
1.15852
1.15852
1.15852
1.15852
1.15852
1.15852
1.15852
1.15852
1.15852
1.15852
1.15852
1.15852
1.15852
1.15852
1.15852
1.15852
1.15852
1.15852
1.15852
1.15852
1.15852
1.15852
1.15852
1.15852
1.15852
1.15852
1.15852
1.15852
1.15852
1.15852
1.15852
1.15852
1.15852
1.15852
1.15852
1.15852
1.15852
1.15852
1.15852
1.15852
1.15852
1.15852
1.15852
1.15852
1.15852
1.15852
1.15852
1.15852
1.15852
1.15852
1.15852
1.15852
1.15852
1.15852
1.15852
1.15852
1.15852
1.15852
1.15852
1.15852
1.15852
1.15852
1.15852
1.15852
1.15852
1.15852
1.15852
1.15852
1.15852
1.15852
1.15852
1.15852
1.15852
1.15852
1.15852
1.15852
1.15852
1.15852
1.15852
1.15852
1.15852
1.15852
1.15852
1.15852
1.15852
1.15852
1.15852
1.15852
1.15852
1.15852
1.15852
1.15852
1.15852
1.15852
1.15852
1.15852
1.15852
1.15852
1.15852
1.15852
1.15852
1.15852
1.15852
1.15852
1.15852
1.15852
1.15852
1.15852
1.15852
1.15852
1.15852
1.15852
1.15852
1.15852
1.15852
1.15852
1.15852
1.15852
1.15852
1.15852
1.15852
1.15852
1.15852
1.15852
1.15852
1.15852
1.15852
1.15852
1.15852
1.15852
1.15852
1.15852
1.15852
1.15852
1.15852
1.15852
1.15852
1.15852
1.15852
1.15852
1.15852
1.15852
1.15852
1.15852
1.15852
1.15852
1.15852
1.15852
1.15852
1.15852
1.15852
1.15852
1.15852
1.15852
1.15852
1.15852
1.15852
1.15852
1.15852
1.15852
1.15852
1.15852
1.15852
1.15852
1.15852
1.15852
1.15852
1.15852
1.15852
1.15852
1.15852
1.15852
1.15852
1.15852
1.15852
1.15852
1.15852
1.15852
1.15852
1.15852
1.15852
1.15852
1.15852
1.15852
1.15852
1.15852
1.15852
1.15852
1.15852
1.15852
1.15852
1.15852
1.15852
1.15852
1.15852
1.15852
1.15852
1.15852
1.15852
1.15852
1.15852
1.15852
1.15852
1.15852
1.15852
1.15852
1.15852
1.15852
1.15852
1.15852
1.15852
1.15852
1.15852
1.15852
1.15852
1.15852
1.15852
1.15852
1.15852
1.15852
1.15852
1.15852
1.15852
1.15852
1.15852
1.15852
1.15852
1.15852
1.15852
1.15852
1.15852
1.15852
1.15852
1.15852
1.15852
1.15852
1.15852
1.15852
1.15852
1.15852
1.15852
1.15852
1.15852
1.15852
1.15852
1.15852
1.15852
1.15852
1.15852
1.15852
1.15852
1.15852
1.15852
1.15852
1.15852
1.15852
1.15852
1.15852
1.15852
1.15852
1.15852
1.15852
1.15852
1.15852
1.15852
1.15852
1.15852
1.15852
1.15852
1.15852
1.15852
1.15852
1.15852
1.15852
1.15852
1.15852
1.15852
1.15851
1.15851
1.15851
1.15851
1.15851
1.15851
1.15851
1.15851
1.15851
1.15851
1.15851
1.15851
1.15851
1.15851
1.15851
1.15851
1.15851
1.15851
1.15851
1.15851
1.15851
1.15851
1.15851
1.15851
1.15851
1.15851
1.15851
1.15851
1.15851
1.15851
1.15851
1.15851
1.15851
1.15851
1.15851
1.15851
1.15851
1.15851
1.15851
1.15851
1.15851
1.15851
1.15851
1.15851
1.15851
1.15851
1.15851
1.15851
1.15851
1.15851
1.15851
1.15851
1.15851
1.15851
1.15851
1.15851
1.15851
1.15851
1.15851
1.15851
1.15851
1.15851
1.15851
1.15851
1.15851
1.15851
1.15851
1.15851
1.15851
1.15851
1.15851
1.15851
1.15851
1.15851
1.15851
1.15851
1.15851
1.15851
1.15851
1.15851
1.15851
1.15851
1.15851
1.15851
1.15851
1.15851
1.15851
1.15851
1.15851
1.15851
1.15851
1.15851
1.15851
1.15851
1.15851
1.15851
1.15851
1.15851
1.15851
1.15851
1.15851
1.15851
1.15851
1.15851
1.15851
1.15851
1.15851
1.15851
1.15851
1.15851
1.15851
1.15851
1.15851
1.15851
1.15851
1.15851
1.15851
1.15851
1.15851
1.15851
1.15851
1.15851
1.15851
1.15851
1.15851
1.15851
1.15851
1.15851
1.15851
1.15851
1.15851
1.15851
1.15851
1.15851
1.15851
1.15851
1.15851
1.15851
1.15851
1.15851
1.15851
1.15851
1.15851
1.15851
1.15851
1.15851
1.15851
1.15851
1.15851
1.15851
1.15851
1.15851
1.15851
1.15851
1.15851
1.15851
1.15851
1.15851
1.15851
1.15851
1.15851
1.15851
1.15851
1.15851
1.15851
1.15851
1.15851
1.15851
1.15851
1.15851
1.15851
1.15851
1.15851
1.15851
1.15851
1.15851
1.15851
1.15851
1.15851
1.15851
1.15851
1.15851
1.15851
1.15851
1.15851
1.15851
1.15851
1.15851
1.15851
1.15851
1.15851
1.15851
1.15851
1.15851
1.15851
1.15851
1.15851
1.15851
1.15851
1.15851
1.15851
1.15851
1.15851
1.15851
1.15851
1.15851
1.15851
1.15851
1.15851
1.15851
1.15851
1.15851
1.15851
1.15851
1.15851
1.15851
1.15851
1.15851
1.15851
1.15851
1.15851
1.15851
1.15851
1.15851
1.15851
1.15851
1.15851
1.15851
1.15851
1.15851
1.15851
1.15851
1.15851
1.15851
1.15851
1.15851
1.15851
1.15851
1.15851
1.15851
1.15851
1.15851
1.15851
1.15851
1.15851
1.15851
1.15851
1.15851
1.15851
1.15851
1.15851
1.15851
1.15851
1.15851
1.15851
1.15851
1.15851
1.15851
1.15851
1.15851
1.15851
1.15851
1.15851
1.15851
1.15851
1.15851
1.15851
1.15851
1.15851
1.15851
1.15851
1.15851
1.15851
1.15851
1.15851
1.15851
1.15851
1.15851
1.15851
1.15851
1.15851
1.15851
1.15851
1.15851
1.15851
1.15851
1.15851
1.15851
1.15851
1.15851
1.15851
1.15851
1.15851
1.15851
1.15851
1.15851
1.15851
1.15851
1.15851
1.15851
1.15851
1.15851
1.15851
1.15851
1.15851
1.15851
1.15851
1.15851
1.15851
1.15851
1.15851
1.15851
1.15851
1.15851
1.15851
1.15851
1.15851
1.15851
1.15851
1.15851
1.15851
1.15851
1.15851
1.15851
1.15851
1.15851
1.15851
1.15851
1.15851
1.15851
1.15851
1.15851
1.15851
1.15851
1.15851
1.15851
1.15851
1.15851
1.15851
1.15851
1.15851
1.15851
1.15851
1.15851
1.15851
1.15851
1.15851
1.15851
1.15851
1.15851
1.15851
1.15851
1.15851
1.15851
1.15851
1.15851
1.15851
1.15851
1.15851
1.15851
1.15851
1.15851
1.15851
1.15851
1.15851
1.15851
1.15851
1.15851
1.15851
1.15851
1.15851
1.15851
1.15851
1.15851
1.15851
1.15851
1.15851
1.15851
1.15851
1.15851
1.15851
1.15851
1.15851
1.15851
1.15851
1.15851
1.15851
1.15851
1.15851
1.15851
1.15851
1.15851
1.15851
1.15851
1.15851
1.15851
1.15851
1.15851
1.15851
1.15851
1.1585
1.1585
1.1585
1.1585
1.1585
1.1585
1.1585
1.1585
1.1585
1.1585
1.1585
1.1585
1.1585
1.1585
1.1585
1.1585
1.1585
1.1585
1.1585
1.1585
1.1585
1.1585
1.1585
1.1585
1.1585
1.1585
1.1585
1.1585
1.1585
1.1585
1.1585
1.1585
1.15851
1.15851
1.15851
1.15851
1.15851
1.15851
1.15851
1.15851
1.15851
1.15851
1.15851
1.15851
1.15851
1.15851
1.15851
1.15851
1.15851
1.15851
1.1585
1.1585
1.1585
1.1585
1.1585
1.1585
1.1585
1.1585
1.1585
1.1585
1.1585
1.1585
1.1585
1.1585
1.1585
1.1585
1.1585
1.1585
1.1585
1.1585
1.1585
1.1585
1.1585
1.1585
1.1585
1.1585
1.1585
1.1585
1.1585
1.1585
1.1585
1.1585
1.1585
1.1585
1.1585
1.1585
1.1585
1.1585
1.1585
1.1585
1.1585
1.1585
1.1585
1.1585
1.1585
1.1585
1.1585
1.1585
1.1585
1.1585
1.1585
1.1585
1.1585
1.1585
1.1585
1.1585
1.1585
1.1585
1.1585
1.1585
1.1585
1.1585
1.1585
1.1585
1.1585
1.1585
1.1585
1.1585
1.1585
1.1585
1.1585
1.1585
1.1585
1.1585
1.1585
1.1585
1.1585
1.1585
1.1585
1.1585
1.1585
1.1585
1.1585
1.1585
1.1585
1.1585
1.1585
1.1585
1.1585
1.1585
1.1585
1.1585
1.1585
1.1585
1.1585
1.1585
1.1585
1.1585
1.1585
1.1585
1.1585
1.1585
1.1585
1.1585
1.1585
1.1585
1.1585
1.1585
1.1585
1.1585
1.1585
1.1585
1.1585
1.1585
1.1585
1.1585
1.1585
1.1585
1.1585
1.1585
1.1585
1.1585
1.1585
1.1585
1.1585
1.1585
1.1585
1.1585
1.1585
1.1585
1.1585
1.15851
1.15851
1.15851
1.15851
1.15851
1.15851
1.15851
1.15851
1.15851
1.15851
1.15851
1.15851
1.15851
1.15851
1.15851
1.15851
1.15851
1.15851
1.15851
1.1585
1.1585
1.1585
1.1585
1.1585
1.1585
1.1585
1.1585
1.1585
1.1585
1.1585
1.1585
1.1585
1.1585
1.1585
1.1585
1.1585
1.1585
1.1585
1.1585
1.1585
1.1585
1.1585
1.1585
1.1585
1.1585
1.1585
1.1585
1.1585
1.1585
1.1585
1.1585
1.1585
1.1585
1.1585
1.1585
1.1585
1.1585
1.1585
1.1585
1.1585
1.1585
1.1585
1.1585
1.1585
1.1585
1.1585
1.1585
1.1585
1.1585
1.1585
1.1585
1.1585
1.1585
1.1585
1.1585
1.1585
1.1585
1.1585
1.1585
1.1585
1.1585
1.1585
1.1585
1.1585
1.1585
1.1585
1.1585
1.1585
1.1585
1.1585
1.1585
1.1585
1.1585
1.1585
1.1585
1.1585
1.1585
1.1585
1.1585
1.1585
1.1585
1.1585
1.1585
1.1585
1.1585
1.1585
1.1585
1.1585
1.1585
1.1585
1.1585
1.1585
1.1585
1.1585
1.1585
1.1585
1.1585
1.1585
1.1585
1.1585
1.1585
1.1585
1.1585
1.1585
1.1585
1.1585
1.1585
1.1585
1.1585
1.1585
1.1585
1.1585
1.1585
1.1585
1.1585
1.1585
1.1585
1.1585
1.1585
1.1585
1.1585
1.1585
1.1585
1.1585
1.1585
1.1585
1.1585
1.1585
1.1585
1.1585
1.1585
1.1585
1.1585
1.1585
1.1585
1.1585
1.1585
1.1585
1.1585
1.1585
1.1585
1.1585
1.1585
1.1585
1.1585
1.1585
1.1585
1.1585
1.1585
1.1585
1.1585
1.1585
1.1585
1.1585
1.1585
1.1585
1.1585
1.1585
1.1585
1.1585
1.1585
1.1585
1.1585
1.1585
1.1585
1.1585
1.1585
1.1585
1.1585
1.1585
1.1585
1.1585
1.1585
1.1585
1.1585
1.1585
1.1585
1.1585
1.1585
1.1585
1.1585
1.1585
1.1585
1.1585
1.1585
1.1585
1.1585
1.1585
1.1585
1.1585
1.1585
1.1585
1.1585
1.1585
1.1585
1.1585
1.1585
1.1585
1.1585
1.15849
1.15851
1.1585
1.1585
1.15851
1.1585
1.1585
1.15849
1.15849
1.1585
1.1585
1.1585
1.1585
1.1585
1.1585
1.1585
1.1585
1.1585
1.1585
1.1585
1.1585
1.1585
1.1585
1.1585
1.1585
1.1585
1.1585
1.1585
1.1585
1.1585
1.1585
1.1585
1.1585
1.1585
1.1585
1.1585
1.1585
1.1585
1.1585
1.1585
1.1585
1.1585
1.1585
1.1585
1.1585
1.1585
1.1585
1.1585
1.1585
1.1585
1.1585
1.1585
1.1585
1.1585
1.1585
1.1585
1.1585
1.1585
1.1585
1.1585
1.1585
1.1585
1.1585
1.1585
1.1585
1.1585
1.1585
1.1585
1.1585
1.1585
1.1585
1.1585
1.1585
1.1585
1.1585
1.1585
1.1585
1.1585
1.1585
1.1585
1.1585
1.1585
1.1585
1.1585
1.1585
1.1585
1.1585
1.1585
1.1585
1.1585
1.1585
1.1585
1.1585
1.1585
1.1585
1.1585
1.1585
1.1585
1.1585
1.1585
1.1585
1.1585
1.1585
1.1585
1.1585
1.1585
1.1585
1.1585
1.1585
1.1585
1.1585
1.1585
1.1585
1.1585
1.1585
1.1585
1.1585
1.1585
1.1585
1.1585
1.1585
1.1585
1.1585
1.1585
1.1585
1.1585
1.1585
1.1585
1.1585
1.1585
1.1585
1.1585
1.1585
1.1585
1.1585
1.1585
1.1585
1.1585
1.1585
1.1585
1.1585
1.1585
1.1585
1.1585
1.1585
1.1585
1.1585
1.1585
1.1585
1.1585
1.1585
1.1585
1.1585
1.1585
1.1585
1.1585
1.1585
1.1585
1.1585
1.1585
1.1585
1.1585
1.1585
1.1585
1.1585
1.1585
1.1585
1.1585
1.1585
1.1585
1.1585
1.1585
1.1585
1.1585
1.1585
1.1585
1.1585
1.1585
1.1585
1.1585
1.1585
1.1585
1.1585
1.1585
1.1585
1.1585
1.1585
1.1585
1.1585
1.1585
1.1585
1.1585
1.1585
1.1585
1.1585
1.1585
1.1585
1.1585
1.1585
1.1585
1.15849
1.15863
1.1585
1.15847
1.15839
1.15839
1.15848
1.1585
1.1585
1.15849
1.15849
1.15849
1.15849
1.15849
1.15849
1.15849
1.15849
1.15849
1.15849
1.15849
1.15849
1.15849
1.15849
1.15849
1.15849
1.15849
1.15849
1.15849
1.15849
1.15849
1.15849
1.15849
1.15849
1.15849
1.15849
1.15849
1.15849
1.15849
1.15849
1.15849
1.15849
1.15849
1.15849
1.15849
1.15849
1.15849
1.15849
1.15849
1.15849
1.15849
1.15849
1.15849
1.15849
1.15849
1.15849
1.15849
1.15849
1.15849
1.15849
1.15849
1.15849
1.15849
1.15849
1.15849
1.15849
1.15849
1.15849
1.15849
1.15849
1.15849
1.15849
1.15849
1.15849
1.15849
1.15849
1.15849
1.15849
1.15849
1.15849
1.15849
1.15849
1.15849
1.15849
1.15849
1.15849
1.15849
1.15849
1.15849
1.15849
1.15849
1.15849
1.15849
1.15849
1.15849
1.15849
1.15849
1.15849
1.15849
1.15849
1.15849
1.15849
1.15849
1.15849
1.15849
1.15849
1.15849
1.15849
1.15849
1.15849
1.15849
1.15849
1.15849
1.15849
1.15849
1.15849
1.15849
1.15849
1.15849
1.15849
1.15849
1.15849
1.15849
1.15849
1.15849
1.15849
1.15849
1.15849
1.15849
1.15849
1.15849
1.15849
1.15849
1.15849
1.15849
1.15849
1.15849
1.15849
1.15849
1.15849
1.15849
1.15849
1.15849
1.15849
1.15849
1.15849
1.15849
1.15849
1.15849
1.15849
1.15849
1.15849
1.15849
1.15849
1.15849
1.15849
1.15849
1.15849
1.15849
1.15849
1.15849
1.15849
1.15849
1.15849
1.15849
1.15849
1.15849
1.15849
1.15849
1.15849
1.15849
1.15849
1.15849
1.15849
1.15849
1.15849
1.15849
1.15849
1.15849
1.15849
1.15849
1.15849
1.15849
1.15849
1.15849
1.15849
1.15849
1.15849
1.15849
1.15849
1.15849
1.15849
1.15849
1.15849
1.15849
1.15849
1.15849
1.15849
1.15849
1.15849
1.15849
1.15851
1.15962
1.15882
1.15859
1.15929
1.15917
1.15854
1.15845
1.15846
1.15847
1.15847
1.15848
1.15848
1.15848
1.15848
1.15849
1.15849
1.15849
1.15849
1.15849
1.15849
1.15849
1.15849
1.15849
1.15849
1.15849
1.15849
1.15849
1.15849
1.15849
1.15849
1.15849
1.15849
1.15848
1.15848
1.15848
1.15848
1.15848
1.15847
1.15847
1.15847
1.15846
1.15846
1.15846
1.15847
1.15847
1.15848
1.15848
1.15849
1.15849
1.15849
1.15849
1.15849
1.15849
1.15849
1.15849
1.15849
1.15849
1.15849
1.15849
1.15849
1.15849
1.15849
1.15849
1.15849
1.15849
1.15849
1.15849
1.15849
1.15849
1.15849
1.15849
1.15849
1.15849
1.15849
1.15849
1.15849
1.15849
1.15849
1.15849
1.15849
1.15849
1.15849
1.15849
1.15849
1.15849
1.15849
1.15849
1.15849
1.15849
1.15849
1.15849
1.15849
1.15849
1.15849
1.15849
1.15849
1.15849
1.15849
1.15849
1.15849
1.15849
1.15849
1.15849
1.15849
1.15849
1.15849
1.15849
1.15849
1.15849
1.15849
1.15849
1.15849
1.15849
1.15849
1.15849
1.15849
1.15849
1.15849
1.15849
1.15849
1.15849
1.15849
1.15849
1.15849
1.15849
1.15849
1.15849
1.15849
1.15849
1.15849
1.15849
1.15849
1.15849
1.15849
1.15849
1.15849
1.15849
1.15849
1.15849
1.15849
1.15849
1.15849
1.15849
1.15849
1.15849
1.15849
1.15849
1.15849
1.15849
1.15849
1.15849
1.15849
1.15849
1.15849
1.15849
1.15849
1.15849
1.15849
1.15849
1.15849
1.15849
1.15849
1.15849
1.15849
1.15849
1.15849
1.15849
1.15849
1.15849
1.15849
1.15849
1.15849
1.15849
1.15849
1.15849
1.15849
1.15849
1.15849
1.15849
1.15849
1.15849
1.15849
1.15849
1.15849
1.15849
1.15849
1.15849
1.15849
1.15849
1.15849
1.15849
1.15849
1.15849
1.15849
1.15849
1.15849
1.15849
1.15849
1.15849
1.15852
1.16175
1.1595
1.15978
1.15651
1.15645
1.15812
1.15863
1.15858
1.15856
1.15854
1.15853
1.15852
1.15851
1.1585
1.15849
1.15849
1.15849
1.15848
1.15848
1.15848
1.15848
1.15848
1.15848
1.15848
1.15848
1.15848
1.15848
1.15848
1.15847
1.15847
1.15847
1.15847
1.15846
1.15845
1.15844
1.15843
1.15841
1.1584
1.15838
1.15836
1.15835
1.15834
1.15835
1.15836
1.15839
1.15842
1.15845
1.15847
1.15848
1.15848
1.15848
1.15848
1.15848
1.15848
1.15848
1.15848
1.15848
1.15848
1.15848
1.15848
1.15848
1.15848
1.15848
1.15848
1.15848
1.15848
1.15848
1.15848
1.15848
1.15848
1.15848
1.15848
1.15848
1.15848
1.15848
1.15848
1.15848
1.15848
1.15848
1.15848
1.15848
1.15848
1.15848
1.15848
1.15848
1.15848
1.15848
1.15848
1.15848
1.15848
1.15848
1.15848
1.15848
1.15848
1.15848
1.15848
1.15848
1.15848
1.15848
1.15848
1.15848
1.15848
1.15848
1.15848
1.15848
1.15848
1.15848
1.15848
1.15848
1.15848
1.15848
1.15848
1.15848
1.15848
1.15848
1.15848
1.15848
1.15848
1.15848
1.15848
1.15848
1.15848
1.15848
1.15848
1.15848
1.15848
1.15848
1.15848
1.15848
1.15848
1.15848
1.15848
1.15848
1.15848
1.15848
1.15848
1.15848
1.15848
1.15848
1.15848
1.15848
1.15848
1.15848
1.15848
1.15848
1.15848
1.15848
1.15848
1.15848
1.15848
1.15848
1.15848
1.15848
1.15848
1.15848
1.15848
1.15848
1.15848
1.15848
1.15848
1.15848
1.15848
1.15848
1.15848
1.15848
1.15848
1.15848
1.15848
1.15848
1.15848
1.15848
1.15848
1.15848
1.15848
1.15848
1.15848
1.15848
1.15848
1.15848
1.15848
1.15848
1.15848
1.15848
1.15848
1.15848
1.15848
1.15848
1.15848
1.15848
1.15848
1.15848
1.15848
1.15848
1.15848
1.15848
1.15848
1.15848
1.15848
1.15848
1.16163
1.16362
1.16105
1.16581
1.16275
1.16017
1.15893
1.15806
1.15826
1.15827
1.15825
1.15827
1.15832
1.15836
1.1584
1.15842
1.15844
1.15845
1.15846
1.15847
1.15848
1.15848
1.15849
1.15849
1.15848
1.15848
1.15847
1.15847
1.15846
1.15845
1.15843
1.15841
1.15839
1.15836
1.15833
1.15828
1.15823
1.15817
1.1581
1.15803
1.15796
1.1579
1.15787
1.15788
1.15792
1.15802
1.15814
1.15827
1.15837
1.15844
1.15847
1.15848
1.15848
1.15848
1.15848
1.15848
1.15848
1.15848
1.15848
1.15848
1.15848
1.15848
1.15848
1.15848
1.15848
1.15848
1.15848
1.15848
1.15848
1.15848
1.15848
1.15848
1.15848
1.15848
1.15848
1.15848
1.15848
1.15848
1.15848
1.15848
1.15848
1.15848
1.15848
1.15848
1.15848
1.15848
1.15848
1.15848
1.15848
1.15848
1.15848
1.15848
1.15848
1.15848
1.15848
1.15848
1.15848
1.15848
1.15848
1.15848
1.15848
1.15848
1.15848
1.15848
1.15848
1.15848
1.15848
1.15848
1.15848
1.15848
1.15848
1.15848
1.15848
1.15848
1.15848
1.15848
1.15848
1.15848
1.15848
1.15848
1.15848
1.15848
1.15848
1.15848
1.15848
1.15848
1.15848
1.15848
1.15848
1.15848
1.15848
1.15848
1.15848
1.15848
1.15848
1.15848
1.15848
1.15848
1.15848
1.15848
1.15848
1.15848
1.15848
1.15848
1.15848
1.15848
1.15848
1.15848
1.15848
1.15848
1.15848
1.15848
1.15848
1.15848
1.15848
1.15848
1.15848
1.15848
1.15848
1.15848
1.15848
1.15848
1.15848
1.15848
1.15848
1.15848
1.15848
1.15848
1.15848
1.15848
1.15848
1.15848
1.15848
1.15848
1.15848
1.15848
1.15848
1.15848
1.15848
1.15848
1.15848
1.15848
1.15848
1.15848
1.15848
1.15848
1.15848
1.15848
1.15848
1.15848
1.15848
1.15848
1.15848
1.15848
1.15848
1.15848
1.15848
1.15848
1.15848
1.15848
1.16423
1.15734
1.16108
1.15023
1.1563
1.15609
1.156
1.15933
1.15904
1.15903
1.15919
1.15915
1.159
1.15886
1.15874
1.15866
1.15859
1.15853
1.15849
1.15845
1.15841
1.15837
1.15834
1.15832
1.15829
1.15827
1.15825
1.15823
1.15821
1.15819
1.15816
1.15811
1.15806
1.15798
1.15789
1.15776
1.15761
1.15743
1.15722
1.15701
1.15679
1.1566
1.15647
1.15643
1.15652
1.15675
1.1571
1.15753
1.15793
1.15823
1.15839
1.15845
1.15847
1.15847
1.15847
1.15847
1.15847
1.15847
1.15847
1.15847
1.15847
1.15847
1.15847
1.15847
1.15847
1.15847
1.15847
1.15847
1.15847
1.15847
1.15847
1.15847
1.15847
1.15847
1.15847
1.15847
1.15847
1.15847
1.15847
1.15847
1.15847
1.15847
1.15847
1.15847
1.15847
1.15847
1.15847
1.15847
1.15847
1.15847
1.15847
1.15847
1.15847
1.15847
1.15847
1.15847
1.15847
1.15847
1.15847
1.15847
1.15847
1.15847
1.15847
1.15847
1.15847
1.15847
1.15847
1.15847
1.15847
1.15847
1.15847
1.15847
1.15847
1.15847
1.15847
1.15847
1.15847
1.15847
1.15847
1.15847
1.15847
1.15847
1.15847
1.15847
1.15847
1.15847
1.15847
1.15847
1.15847
1.15847
1.15847
1.15847
1.15847
1.15847
1.15847
1.15847
1.15847
1.15847
1.15847
1.15847
1.15847
1.15847
1.15847
1.15847
1.15847
1.15847
1.15847
1.15847
1.15847
1.15847
1.15847
1.15847
1.15847
1.15847
1.15847
1.15847
1.15847
1.15847
1.15847
1.15847
1.15847
1.15847
1.15847
1.15847
1.15847
1.15847
1.15847
1.15847
1.15847
1.15847
1.15847
1.15847
1.15847
1.15847
1.15847
1.15847
1.15847
1.15847
1.15847
1.15847
1.15847
1.15847
1.15847
1.15847
1.15847
1.15847
1.15847
1.15847
1.15847
1.15847
1.15847
1.15847
1.15847
1.15847
1.15847
1.15847
1.15847
1.15847
1.15847
1.15847
1.15604
1.15969
1.16024
1.1635
1.16356
1.16498
1.16282
1.15944
1.1585
1.15922
1.15716
1.15705
1.15717
1.15728
1.15739
1.15749
1.15759
1.15769
1.15779
1.15789
1.15797
1.15804
1.15808
1.1581
1.15811
1.1581
1.15808
1.15804
1.15798
1.15789
1.15777
1.15761
1.15741
1.15716
1.15687
1.15653
1.15614
1.15571
1.15525
1.15477
1.15428
1.15383
1.15345
1.15322
1.15323
1.15356
1.15425
1.15524
1.15638
1.1574
1.15806
1.15835
1.15844
1.15847
1.15847
1.15847
1.15847
1.15847
1.15847
1.15847
1.15847
1.15847
1.15847
1.15847
1.15847
1.15847
1.15847
1.15847
1.15847
1.15847
1.15847
1.15847
1.15847
1.15847
1.15847
1.15847
1.15847
1.15847
1.15847
1.15847
1.15847
1.15847
1.15847
1.15847
1.15847
1.15847
1.15847
1.15847
1.15847
1.15847
1.15847
1.15847
1.15847
1.15847
1.15847
1.15847
1.15847
1.15847
1.15847
1.15847
1.15847
1.15847
1.15847
1.15847
1.15847
1.15847
1.15847
1.15847
1.15847
1.15847
1.15847
1.15847
1.15847
1.15847
1.15847
1.15847
1.15847
1.15847
1.15847
1.15847
1.15847
1.15847
1.15847
1.15847
1.15847
1.15847
1.15847
1.15847
1.15847
1.15847
1.15847
1.15847
1.15847
1.15847
1.15847
1.15847
1.15847
1.15847
1.15847
1.15847
1.15847
1.15847
1.15847
1.15847
1.15847
1.15847
1.15847
1.15847
1.15847
1.15847
1.15847
1.15847
1.15847
1.15847
1.15847
1.15847
1.15847
1.15847
1.15847
1.15847
1.15847
1.15847
1.15847
1.15847
1.15847
1.15847
1.15847
1.15847
1.15847
1.15847
1.15847
1.15847
1.15847
1.15847
1.15847
1.15847
1.15847
1.15847
1.15847
1.15847
1.15847
1.15847
1.15847
1.15847
1.15847
1.15847
1.15847
1.15847
1.15847
1.15847
1.15847
1.15847
1.15847
1.15847
1.15847
1.15847
1.15847
1.15847
1.15847
1.15847
1.13865
1.14007
1.13957
1.13958
1.14029
1.1401
1.14315
1.15
1.15956
1.16316
1.15995
1.1584
1.15812
1.15804
1.15797
1.1579
1.15787
1.15788
1.15787
1.1578
1.15761
1.15732
1.157
1.15672
1.1565
1.15633
1.15619
1.15604
1.15589
1.15572
1.15553
1.1553
1.15505
1.15476
1.15443
1.15405
1.15361
1.15312
1.15257
1.15194
1.15125
1.15046
1.1496
1.14878
1.14822
1.14819
1.14885
1.15026
1.15239
1.15486
1.15686
1.15793
1.15833
1.15844
1.15846
1.15847
1.15847
1.15847
1.15847
1.15847
1.15847
1.15847
1.15847
1.15847
1.15847
1.15847
1.15847
1.15847
1.15847
1.15847
1.15847
1.15847
1.15847
1.15847
1.15847
1.15847
1.15847
1.15847
1.15847
1.15847
1.15847
1.15847
1.15847
1.15847
1.15847
1.15847
1.15847
1.15847
1.15847
1.15847
1.15847
1.15847
1.15847
1.15847
1.15847
1.15847
1.15847
1.15847
1.15847
1.15847
1.15847
1.15847
1.15847
1.15847
1.15847
1.15847
1.15847
1.15847
1.15847
1.15847
1.15847
1.15847
1.15847
1.15847
1.15847
1.15847
1.15847
1.15847
1.15847
1.15847
1.15847
1.15847
1.15847
1.15847
1.15847
1.15847
1.15847
1.15847
1.15847
1.15847
1.15847
1.15847
1.15847
1.15847
1.15847
1.15847
1.15847
1.15847
1.15847
1.15847
1.15847
1.15847
1.15847
1.15847
1.15847
1.15847
1.15847
1.15847
1.15847
1.15847
1.15847
1.15847
1.15847
1.15847
1.15847
1.15847
1.15847
1.15847
1.15847
1.15847
1.15847
1.15847
1.15847
1.15847
1.15847
1.15847
1.15847
1.15847
1.15847
1.15847
1.15847
1.15847
1.15847
1.15847
1.15847
1.15847
1.15847
1.15847
1.15847
1.15847
1.15847
1.15847
1.15847
1.15847
1.15847
1.15847
1.15847
1.15847
1.15847
1.15847
1.15847
1.15847
1.15847
1.15847
1.15847
1.15847
1.15847
1.15847
1.15847
1.15847
1.13923
1.13953
1.13926
1.13945
1.13935
1.13931
1.13966
1.14015
1.14292
1.14307
1.14341
1.14353
1.14366
1.14383
1.144
1.14414
1.14431
1.14448
1.1447
1.14525
1.14635
1.14783
1.14933
1.15063
1.15169
1.15254
1.1532
1.15369
1.15406
1.1543
1.15441
1.15438
1.15421
1.15391
1.15351
1.15301
1.15245
1.15185
1.15123
1.15059
1.14994
1.14928
1.14867
1.14822
1.14782
1.14695
1.1454
1.1444
1.1457
1.14944
1.15373
1.15665
1.15795
1.15835
1.15844
1.15846
1.15846
1.15846
1.15846
1.15846
1.15846
1.15846
1.15846
1.15846
1.15846
1.15846
1.15846
1.15846
1.15846
1.15846
1.15846
1.15846
1.15846
1.15846
1.15846
1.15846
1.15846
1.15846
1.15846
1.15846
1.15846
1.15846
1.15846
1.15846
1.15846
1.15846
1.15846
1.15846
1.15846
1.15846
1.15846
1.15846
1.15846
1.15846
1.15846
1.15846
1.15846
1.15846
1.15846
1.15846
1.15846
1.15846
1.15846
1.15846
1.15846
1.15846
1.15846
1.15846
1.15846
1.15846
1.15846
1.15846
1.15846
1.15846
1.15846
1.15846
1.15846
1.15846
1.15846
1.15846
1.15846
1.15846
1.15846
1.15846
1.15846
1.15846
1.15846
1.15846
1.15846
1.15846
1.15846
1.15846
1.15846
1.15846
1.15846
1.15846
1.15846
1.15846
1.15846
1.15846
1.15846
1.15846
1.15846
1.15846
1.15846
1.15846
1.15846
1.15846
1.15846
1.15846
1.15846
1.15846
1.15846
1.15846
1.15846
1.15846
1.15846
1.15846
1.15846
1.15846
1.15846
1.15846
1.15846
1.15846
1.15846
1.15846
1.15846
1.15846
1.15846
1.15846
1.15846
1.15846
1.15846
1.15846
1.15846
1.15846
1.15846
1.15846
1.15846
1.15846
1.15846
1.15846
1.15846
1.15846
1.15846
1.15846
1.15846
1.15846
1.15846
1.15846
1.15846
1.15846
1.15846
1.15846
1.15846
1.15846
1.15846
1.15846
1.15846
1.15846
1.13927
1.13951
1.13932
1.13944
1.13939
1.13933
1.13944
1.13931
1.13962
1.13975
1.13982
1.13987
1.13992
1.13995
1.13999
1.14004
1.14008
1.14014
1.14024
1.14039
1.14062
1.14092
1.14125
1.14152
1.1417
1.14182
1.14189
1.14195
1.14204
1.14222
1.14253
1.14293
1.14336
1.14375
1.14404
1.14419
1.14418
1.14403
1.14379
1.14346
1.14303
1.14246
1.14185
1.14149
1.14158
1.14181
1.14144
1.14037
1.14015
1.14303
1.14865
1.15396
1.15697
1.1581
1.15839
1.15845
1.15846
1.15846
1.15846
1.15846
1.15846
1.15846
1.15846
1.15846
1.15846
1.15846
1.15846
1.15846
1.15846
1.15846
1.15846
1.15846
1.15846
1.15846
1.15846
1.15846
1.15846
1.15846
1.15846
1.15846
1.15846
1.15846
1.15846
1.15846
1.15846
1.15846
1.15846
1.15846
1.15846
1.15846
1.15846
1.15846
1.15846
1.15846
1.15846
1.15846
1.15846
1.15846
1.15846
1.15846
1.15846
1.15846
1.15846
1.15846
1.15846
1.15846
1.15846
1.15846
1.15846
1.15846
1.15846
1.15846
1.15846
1.15846
1.15846
1.15846
1.15846
1.15846
1.15846
1.15846
1.15846
1.15846
1.15846
1.15846
1.15846
1.15846
1.15846
1.15846
1.15846
1.15846
1.15846
1.15846
1.15846
1.15846
1.15846
1.15846
1.15846
1.15846
1.15846
1.15846
1.15846
1.15846
1.15846
1.15846
1.15846
1.15846
1.15846
1.15846
1.15846
1.15846
1.15846
1.15846
1.15846
1.15846
1.15846
1.15846
1.15846
1.15846
1.15846
1.15846
1.15846
1.15846
1.15846
1.15846
1.15846
1.15846
1.15846
1.15846
1.15846
1.15846
1.15846
1.15846
1.15846
1.15846
1.15846
1.15846
1.15846
1.15846
1.15846
1.15846
1.15846
1.15846
1.15846
1.15846
1.15846
1.15846
1.15846
1.15846
1.15846
1.15846
1.15846
1.15846
1.15846
1.15846
1.15846
1.15846
1.15846
1.15846
1.15846
1.15846
1.13936
1.13939
1.13937
1.13938
1.13938
1.13937
1.13938
1.13936
1.13938
1.13938
1.13939
1.13939
1.1394
1.1394
1.13941
1.13941
1.13942
1.13943
1.13944
1.13945
1.13948
1.13951
1.13955
1.13958
1.1396
1.13962
1.13964
1.13966
1.13969
1.13973
1.13979
1.13985
1.13991
1.13996
1.13998
1.13998
1.13994
1.13985
1.13974
1.13965
1.13961
1.13959
1.13955
1.13944
1.13926
1.139
1.13866
1.13845
1.13909
1.14155
1.14611
1.15148
1.15562
1.15765
1.15829
1.15843
1.15845
1.15845
1.15845
1.15845
1.15845
1.15845
1.15845
1.15845
1.15845
1.15845
1.15845
1.15845
1.15845
1.15845
1.15845
1.15845
1.15845
1.15845
1.15845
1.15845
1.15845
1.15845
1.15845
1.15845
1.15845
1.15845
1.15845
1.15845
1.15845
1.15845
1.15845
1.15845
1.15845
1.15845
1.15845
1.15845
1.15845
1.15845
1.15845
1.15845
1.15845
1.15845
1.15845
1.15845
1.15845
1.15845
1.15845
1.15845
1.15845
1.15845
1.15845
1.15845
1.15845
1.15845
1.15845
1.15845
1.15845
1.15845
1.15845
1.15845
1.15845
1.15845
1.15845
1.15845
1.15845
1.15845
1.15845
1.15845
1.15845
1.15845
1.15845
1.15845
1.15845
1.15845
1.15845
1.15845
1.15845
1.15845
1.15845
1.15845
1.15845
1.15845
1.15845
1.15845
1.15845
1.15845
1.15845
1.15845
1.15845
1.15845
1.15845
1.15845
1.15845
1.15845
1.15845
1.15845
1.15845
1.15845
1.15845
1.15845
1.15845
1.15845
1.15845
1.15845
1.15845
1.15845
1.15845
1.15845
1.15845
1.15845
1.15845
1.15845
1.15845
1.15845
1.15845
1.15845
1.15845
1.15845
1.15845
1.15845
1.15845
1.15845
1.15845
1.15845
1.15845
1.15845
1.15845
1.15845
1.15845
1.15845
1.15845
1.15845
1.15845
1.15845
1.15845
1.15845
1.15845
1.15845
1.15845
1.15845
1.15845
1.15845
1.15845
1.15845
)
;

boundaryField
{
    inletTop
    {
        type            calculated;
        value           nonuniform List<scalar> 4(1.13937 1.13938 1.13939 1.13939);
    }
    inletBottom
    {
        type            calculated;
        value           nonuniform List<scalar> 4(1.1586 1.15861 1.15861 1.15862);
    }
    outletTop
    {
        type            calculated;
        value           nonuniform List<scalar> 4(1.15847 1.15846 1.15846 1.15845);
    }
    walls
    {
        type            calculated;
        value           nonuniform List<scalar> 
464
(
1.15604
1.16423
1.16163
1.15852
1.15851
1.15849
1.15849
1.1585
1.1585
1.15851
1.15851
1.15852
1.15852
1.15853
1.15853
1.15853
1.15854
1.15854
1.15855
1.15855
1.15856
1.15856
1.15856
1.15857
1.15857
1.15858
1.15858
1.15859
1.15859
1.1586
1.1586
1.1586
1.15845
1.15845
1.15845
1.15845
1.15845
1.15845
1.15845
1.15845
1.15845
1.15845
1.15845
1.15845
1.15845
1.15845
1.15845
1.15845
1.15845
1.15845
1.15845
1.15845
1.15845
1.15845
1.15845
1.15845
1.15845
1.15845
1.15845
1.15845
1.15845
1.15845
1.15845
1.15845
1.15845
1.15845
1.15845
1.15845
1.15845
1.15845
1.15845
1.15845
1.15845
1.15845
1.15845
1.15845
1.15845
1.15845
1.15845
1.15845
1.15845
1.15845
1.15845
1.15845
1.15845
1.15845
1.15845
1.15845
1.15845
1.15845
1.15845
1.15845
1.15845
1.15845
1.15845
1.15845
1.15845
1.15845
1.15845
1.15845
1.15845
1.15845
1.15845
1.15845
1.15845
1.15845
1.15845
1.15845
1.15845
1.15845
1.15845
1.15845
1.15845
1.15845
1.15845
1.15845
1.15845
1.15845
1.15845
1.15845
1.15845
1.15845
1.15845
1.15845
1.15845
1.15845
1.15845
1.15845
1.15845
1.15845
1.15845
1.15845
1.15845
1.15845
1.15845
1.15845
1.15845
1.15845
1.15845
1.15845
1.15845
1.15845
1.15845
1.15845
1.15845
1.15845
1.15845
1.15845
1.15845
1.15845
1.15845
1.15845
1.15845
1.15845
1.15845
1.15845
1.15845
1.15845
1.15845
1.15845
1.15845
1.15845
1.15845
1.15845
1.15845
1.15845
1.15845
1.15845
1.15845
1.15845
1.15845
1.15845
1.15845
1.15845
1.15845
1.15845
1.15843
1.15829
1.15765
1.15561
1.15148
1.1461
1.14155
1.13909
1.13845
1.13865
1.13899
1.13926
1.13944
1.13955
1.13959
1.1396
1.13965
1.13974
1.13985
1.13994
1.13998
1.13998
1.13995
1.13991
1.13985
1.13978
1.13973
1.13969
1.13966
1.13964
1.13962
1.1396
1.13958
1.13955
1.13951
1.13948
1.13945
1.13943
1.13942
1.13942
1.13941
1.1394
1.1394
1.1394
1.13939
1.13939
1.13938
1.13937
1.13936
1.13938
1.13936
1.13938
1.13938
1.13937
1.13939
1.13935
1.15862
1.15862
1.15862
1.15862
1.15862
1.15862
1.15862
1.15862
1.15862
1.15862
1.15862
1.15862
1.15862
1.15862
1.15863
1.15863
1.15863
1.15863
1.15862
1.15862
1.15862
1.15862
1.15862
1.15862
1.15862
1.15862
1.15862
1.15862
1.15862
1.15862
1.15862
1.15862
1.15862
1.15862
1.15862
1.15862
1.15862
1.15862
1.15862
1.15862
1.15862
1.15862
1.15862
1.15862
1.15862
1.15862
1.15862
1.15862
1.15862
1.15862
1.15862
1.15862
1.15862
1.15862
1.15862
1.15862
1.15862
1.15862
1.15862
1.15862
1.15862
1.15862
1.15862
1.15862
1.15862
1.15862
1.15862
1.15862
1.15862
1.15862
1.15862
1.15862
1.15862
1.15862
1.15862
1.15862
1.15862
1.15862
1.15862
1.15862
1.15862
1.15862
1.15862
1.15862
1.15862
1.15862
1.15862
1.15862
1.15862
1.15862
1.15862
1.15862
1.15862
1.15862
1.15862
1.15862
1.15862
1.15862
1.15862
1.15862
1.15862
1.15862
1.15862
1.15862
1.15862
1.15862
1.15862
1.15862
1.15862
1.15862
1.15862
1.15862
1.15862
1.15862
1.15862
1.15862
1.15862
1.15862
1.15862
1.15862
1.15862
1.15862
1.15862
1.15862
1.15862
1.15862
1.15862
1.15862
1.15862
1.15862
1.15862
1.15862
1.15862
1.15862
1.15862
1.15862
1.15862
1.15862
1.15862
1.15862
1.15862
1.15862
1.15862
1.15862
1.15862
1.15862
1.15862
1.15862
1.15862
1.15862
1.15862
1.15862
1.15862
1.15862
1.15862
1.15862
1.15862
1.15862
1.15862
1.15862
1.15862
1.15862
1.15862
1.15862
1.15862
1.15862
1.15862
1.15862
1.15862
1.15862
1.15862
1.15862
1.15862
1.15862
1.15862
1.15862
1.15862
1.15862
1.15862
1.15862
1.15862
1.15862
1.15862
1.15862
1.15862
1.15863
1.15862
1.15863
1.15862
1.15863
1.15862
1.15863
1.15862
1.15863
1.15862
1.15863
1.15862
1.15863
1.15862
1.15863
1.15861
1.1586
1.1586
1.1586
1.15859
1.15859
1.15858
1.15858
1.15857
1.15857
1.15856
1.15856
1.15855
1.15855
1.15855
1.15854
1.15854
1.15853
1.15853
1.15852
1.15852
1.15851
1.15851
1.15851
1.1585
1.1585
1.15849
1.15849
1.15848
1.15848
1.15847
1.15847
)
;
    }
    front
    {
        type            empty;
    }
    back
    {
        type            empty;
    }
    outletBottom
    {
        type            calculated;
        value           nonuniform List<scalar> 4(1.15862 1.15862 1.15862 1.15861);
    }
}


// ************************************************************************* //
