/*--------------------------------*- C++ -*----------------------------------*\
  =========                 |
  \\      /  F ield         | OpenFOAM: The Open Source CFD Toolbox
   \\    /   O peration     | Website:  https://openfoam.org
    \\  /    A nd           | Version:  dev
     \\/     M anipulation  |
\*---------------------------------------------------------------------------*/
FoamFile
{
    version     2.0;
    format      ascii;
    class       volScalarField;
    location    "18";
    object      thermo:pSatH2O;
}
// * * * * * * * * * * * * * * * * * * * * * * * * * * * * * * * * * * * * * //

dimensions      [1 -1 -2 0 0 0 0];

internalField   nonuniform List<scalar> 
8000
(
3525.68
3525.68
3525.68
3525.68
3525.69
3525.68
3525.68
3525.68
3525.69
3525.69
3525.7
3525.68
3525.68
3525.69
3525.69
3525.65
3525.69
3525.69
3525.69
3525.63
3525.68
3525.69
3525.7
3525.61
3525.68
3525.68
3525.7
3525.59
3525.69
3525.69
3525.7
3525.59
3525.67
3525.67
3525.68
3525.62
3525.68
3525.65
3525.68
3525.65
3525.68
3525.65
3525.66
3525.71
3525.64
3525.61
3525.54
3525.77
3525.66
3525.6
3525.43
3525.68
3525.65
3525.65
3525.42
3525.51
3525.56
3525.68
3525.45
3525.4
3525.49
3525.64
3525.47
3525.37
3525.52
3525.59
3525.46
3525.35
3525.56
3525.56
3525.45
3525.34
3525.6
3525.54
3525.43
3525.32
3525.61
3525.53
3525.42
3525.31
3525.62
3525.52
3525.41
3525.3
3525.62
3525.52
3525.41
3525.29
3525.62
3525.52
3525.41
3525.29
3525.62
3525.52
3525.4
3525.29
3525.62
3525.51
3525.4
3525.28
3525.62
3525.51
3525.4
3525.28
3525.62
3525.51
3525.4
3525.28
3525.62
3525.51
3525.4
3525.28
3525.62
3525.51
3525.39
3525.27
3525.61
3525.51
3525.39
3525.27
3525.61
3525.51
3525.39
3525.27
3525.61
3525.51
3525.39
3525.27
3525.61
3525.51
3525.39
3525.27
3525.61
3525.51
3525.39
3525.27
3525.61
3525.51
3525.39
3525.27
3525.61
3525.51
3525.39
3525.27
3525.61
3525.51
3525.39
3525.27
3525.61
3525.51
3525.39
3525.27
3525.61
3525.51
3525.39
3525.27
3525.61
3525.51
3525.39
3525.27
3525.61
3525.51
3525.39
3525.26
3525.61
3525.51
3525.39
3525.26
3525.61
3525.51
3525.39
3525.26
3525.61
3525.51
3525.39
3525.26
3525.61
3525.51
3525.39
3525.26
3525.61
3525.51
3525.39
3525.26
3525.61
3525.51
3525.39
3525.26
3525.61
3525.51
3525.39
3525.26
3525.61
3525.51
3525.39
3525.26
3525.61
3525.51
3525.39
3525.26
3525.61
3525.51
3525.39
3525.26
3525.61
3525.51
3525.38
3525.26
3525.61
3525.51
3525.38
3525.26
3525.61
3525.51
3525.38
3525.26
3525.61
3525.51
3525.38
3525.26
3525.61
3525.51
3525.38
3525.26
3525.61
3525.51
3525.38
3525.26
3525.61
3525.51
3525.38
3525.26
3525.61
3525.51
3525.38
3525.26
3525.61
3525.51
3525.38
3525.26
3525.61
3525.51
3525.38
3525.26
3525.61
3525.51
3525.38
3525.26
3525.61
3525.51
3525.38
3525.26
3525.61
3525.51
3525.38
3525.26
3525.61
3525.51
3525.38
3525.26
3525.61
3525.51
3525.38
3525.26
3525.61
3525.51
3525.38
3525.26
3525.61
3525.51
3525.38
3525.26
3525.61
3525.51
3525.38
3525.26
3525.61
3525.51
3525.38
3525.26
3525.61
3525.51
3525.38
3525.26
3525.61
3525.51
3525.38
3525.26
3525.61
3525.51
3525.38
3525.26
3525.61
3525.51
3525.38
3525.26
3525.61
3525.51
3525.38
3525.26
3525.61
3525.5
3525.38
3525.26
3525.61
3525.5
3525.38
3525.26
3525.61
3525.5
3525.38
3525.26
3525.61
3525.5
3525.38
3525.26
3525.61
3525.5
3525.38
3525.26
3525.61
3525.5
3525.38
3525.26
3525.61
3525.5
3525.38
3525.26
3525.61
3525.5
3525.38
3525.26
3525.61
3525.5
3525.38
3525.26
3525.61
3525.5
3525.38
3525.26
3525.61
3525.5
3525.38
3525.26
3525.61
3525.5
3525.38
3525.26
3525.61
3525.5
3525.38
3525.26
3525.61
3525.5
3525.38
3525.26
3525.61
3525.5
3525.38
3525.26
3525.61
3525.5
3525.38
3525.26
3525.61
3525.5
3525.38
3525.26
3525.61
3525.5
3525.38
3525.26
3525.61
3525.5
3525.38
3525.26
3525.61
3525.5
3525.38
3525.26
3525.61
3525.5
3525.38
3525.26
3525.61
3525.5
3525.38
3525.26
3525.61
3525.5
3525.38
3525.26
3525.61
3525.5
3525.38
3525.26
3525.61
3525.5
3525.38
3525.26
3525.61
3525.5
3525.38
3525.26
3525.61
3525.5
3525.38
3525.26
3525.61
3525.5
3525.38
3525.26
3525.61
3525.5
3525.38
3525.26
3525.61
3525.5
3525.38
3525.26
3525.61
3525.5
3525.38
3525.26
3525.61
3525.5
3525.38
3525.26
3525.61
3525.5
3525.38
3525.26
3525.61
3525.51
3525.38
3525.26
3525.61
3525.51
3525.38
3525.26
3525.61
3525.51
3525.38
3525.26
3525.61
3525.51
3525.38
3525.26
3525.61
3525.51
3525.38
3525.26
3525.61
3525.51
3525.38
3525.26
3525.61
3525.51
3525.38
3525.26
3525.61
3525.51
3525.38
3525.26
3525.61
3525.51
3525.38
3525.26
3525.61
3525.51
3525.38
3525.26
3525.61
3525.51
3525.38
3525.26
3525.61
3525.51
3525.38
3525.26
3525.61
3525.51
3525.38
3525.26
3525.61
3525.51
3525.38
3525.26
3525.61
3525.51
3525.38
3525.26
3525.61
3525.51
3525.38
3525.26
3525.61
3525.51
3525.38
3525.26
3525.61
3525.51
3525.38
3525.26
3525.61
3525.51
3525.39
3525.26
3525.61
3525.51
3525.39
3525.26
3525.61
3525.51
3525.39
3525.26
3525.61
3525.51
3525.39
3525.26
3525.61
3525.51
3525.39
3525.26
3525.61
3525.51
3525.39
3525.26
3525.61
3525.51
3525.39
3525.26
3525.61
3525.51
3525.39
3525.26
3525.61
3525.51
3525.39
3525.26
3525.61
3525.51
3525.39
3525.26
3525.61
3525.51
3525.39
3525.26
3525.61
3525.51
3525.39
3525.26
3525.61
3525.51
3525.39
3525.26
3525.61
3525.51
3525.39
3525.26
3525.61
3525.51
3525.39
3525.26
3525.61
3525.51
3525.39
3525.26
3525.61
3525.51
3525.39
3525.26
3525.61
3525.51
3525.39
3525.26
3525.61
3525.51
3525.39
3525.26
3525.61
3525.51
3525.39
3525.26
3525.61
3525.51
3525.39
3525.26
3525.61
3525.51
3525.39
3525.26
3525.61
3525.51
3525.39
3525.26
3525.61
3525.51
3525.39
3525.26
3525.61
3525.51
3525.39
3525.26
3525.61
3525.51
3525.39
3525.26
3525.61
3525.51
3525.39
3525.26
3525.61
3525.51
3525.39
3525.26
3525.61
3525.51
3525.39
3525.26
3525.61
3525.51
3525.39
3525.26
3525.61
3525.51
3525.39
3525.26
3525.61
3525.51
3525.38
3525.26
3525.61
3525.51
3525.38
3525.26
3525.61
3525.51
3525.38
3525.26
3525.61
3525.51
3525.38
3525.26
3525.61
3525.51
3525.38
3525.26
3525.61
3525.51
3525.38
3525.26
3525.61
3525.51
3525.38
3525.26
3525.61
3525.51
3525.38
3525.26
3525.61
3525.51
3525.38
3525.26
3525.61
3525.51
3525.38
3525.26
3525.61
3525.51
3525.38
3525.26
3525.61
3525.51
3525.38
3525.26
3525.61
3525.51
3525.38
3525.26
3525.61
3525.5
3525.38
3525.26
3525.61
3525.5
3525.38
3525.26
3525.61
3525.5
3525.38
3525.26
3525.61
3525.5
3525.38
3525.26
3525.61
3525.5
3525.38
3525.26
3525.61
3525.5
3525.38
3525.25
3525.61
3525.5
3525.38
3525.25
3525.61
3525.5
3525.38
3525.25
3525.61
3525.5
3525.38
3525.25
3525.61
3525.5
3525.38
3525.25
3525.61
3525.5
3525.37
3525.25
3525.6
3525.5
3525.37
3525.24
3525.62
3525.5
3525.37
3525.25
3525.59
3525.5
3525.38
3525.23
3525.64
3525.5
3525.36
3525.25
3525.57
3525.49
3525.38
3525.22
3525.65
3525.5
3525.35
3525.24
3525.56
3525.49
3525.37
3525.21
3525.66
3525.5
3525.34
3525.24
3525.55
3525.48
3525.37
3525.2
3525.66
3525.5
3525.32
3525.23
3525.55
3525.46
3525.36
3525.18
3525.66
3525.5
3525.3
3525.2
3525.55
3525.43
3525.34
3525.16
3525.65
3525.5
3525.28
3525.16
3525.55
3525.4
3525.31
3525.13
3525.63
3525.49
3525.25
3525.1
3525.56
3525.36
3525.23
3525.09
3525.6
3525.44
3525.22
3525
3525.55
3525.32
3525.1
3524.96
3525.12
3525.11
3525.1
3525.09
3525.07
3525.06
3525.11
3525.2
3525.23
3525.21
3525.32
3525.49
3525.51
3525.42
3525.37
3525.33
3525.28
3525.24
3525.21
3525.2
3525.19
3525.18
3525.17
3525.17
3525.16
3525.16
3525.16
3525.16
3525.15
3525.15
3525.15
3525.15
3525.15
3525.15
3525.15
3525.15
3525.14
3525.14
3525.14
3525.14
3525.14
3525.14
3525.14
3525.14
3525.14
3525.14
3525.14
3525.14
3525.14
3525.14
3525.14
3525.14
3525.14
3525.14
3525.14
3525.14
3525.14
3525.14
3525.14
3525.14
3525.14
3525.14
3525.14
3525.14
3525.14
3525.14
3525.14
3525.14
3525.14
3525.14
3525.14
3525.14
3525.14
3525.14
3525.14
3525.14
3525.14
3525.14
3525.14
3525.14
3525.14
3525.14
3525.14
3525.14
3525.14
3525.14
3525.14
3525.14
3525.14
3525.14
3525.14
3525.14
3525.14
3525.14
3525.14
3525.14
3525.14
3525.14
3525.14
3525.14
3525.14
3525.14
3525.14
3525.14
3525.14
3525.14
3525.14
3525.14
3525.14
3525.14
3525.14
3525.14
3525.14
3525.14
3525.14
3525.14
3525.14
3525.14
3525.14
3525.14
3525.14
3525.14
3525.14
3525.14
3525.14
3525.14
3525.14
3525.14
3525.14
3525.14
3525.14
3525.14
3525.14
3525.14
3525.14
3525.14
3525.14
3525.14
3525.14
3525.14
3525.14
3525.14
3525.14
3525.14
3525.14
3525.14
3525.14
3525.14
3525.14
3525.14
3525.14
3525.14
3525.14
3525.14
3525.14
3525.14
3525.14
3525.14
3525.14
3525.14
3525.14
3525.14
3525.14
3525.14
3525.14
3525.14
3525.14
3525.14
3525.14
3525.14
3525.13
3525.13
3525.13
3525.13
3525.13
3525.13
3525.13
3525.13
3525.12
3525.12
3525.12
3525.12
3525.11
3525.12
3525.1
3525.11
3525.09
3525.11
3525.08
3525.09
3525.06
3525.07
3525.04
3525.03
3525.02
3524.98
3524.97
3524.91
3524.88
3524.86
3525
3525.02
3525.05
3525.08
3525.14
3525.23
3525.35
3525.46
3525.41
3525.25
3525.22
3525.33
3525.41
3525.4
3525.35
3525.27
3525.19
3525.13
3525.1
3525.08
3525.07
3525.06
3525.06
3525.05
3525.05
3525.04
3525.04
3525.04
3525.03
3525.03
3525.03
3525.03
3525.03
3525.03
3525.02
3525.02
3525.02
3525.02
3525.02
3525.02
3525.02
3525.02
3525.02
3525.02
3525.02
3525.02
3525.02
3525.02
3525.02
3525.02
3525.02
3525.02
3525.02
3525.02
3525.02
3525.02
3525.02
3525.02
3525.02
3525.02
3525.02
3525.02
3525.02
3525.02
3525.02
3525.02
3525.02
3525.02
3525.02
3525.02
3525.02
3525.02
3525.02
3525.02
3525.02
3525.02
3525.02
3525.02
3525.02
3525.02
3525.02
3525.02
3525.02
3525.02
3525.02
3525.02
3525.02
3525.02
3525.02
3525.02
3525.02
3525.02
3525.02
3525.02
3525.02
3525.02
3525.02
3525.02
3525.02
3525.02
3525.02
3525.02
3525.02
3525.02
3525.02
3525.02
3525.02
3525.02
3525.02
3525.02
3525.02
3525.02
3525.02
3525.02
3525.02
3525.02
3525.02
3525.02
3525.02
3525.02
3525.02
3525.02
3525.02
3525.02
3525.02
3525.02
3525.02
3525.02
3525.02
3525.02
3525.02
3525.02
3525.02
3525.02
3525.02
3525.02
3525.02
3525.02
3525.02
3525.02
3525.02
3525.02
3525.02
3525.02
3525.02
3525.02
3525.02
3525.02
3525.02
3525.02
3525.02
3525.02
3525.02
3525.02
3525.02
3525.02
3525.02
3525.02
3525.02
3525.02
3525.02
3525.02
3525.02
3525.02
3525.01
3525.01
3525.01
3525.01
3525.01
3525.01
3525.01
3525.01
3525.01
3525.01
3525.01
3525
3525
3525
3525
3525
3524.99
3524.99
3524.99
3524.98
3524.98
3524.97
3524.98
3524.96
3524.96
3524.94
3524.94
3524.92
3524.91
3524.9
3524.87
3524.86
3524.81
3524.8
3524.76
3524.75
3524.86
3524.87
3524.9
3524.94
3525.05
3525.22
3525.34
3525.35
3525.27
3525.15
3525.14
3525.24
3525.31
3525.32
3525.26
3525.17
3525.08
3525.02
3524.99
3524.97
3524.95
3524.95
3524.94
3524.93
3524.93
3524.92
3524.92
3524.92
3524.91
3524.91
3524.91
3524.91
3524.91
3524.9
3524.9
3524.9
3524.9
3524.9
3524.9
3524.9
3524.9
3524.9
3524.9
3524.9
3524.9
3524.9
3524.89
3524.89
3524.89
3524.89
3524.89
3524.89
3524.89
3524.89
3524.89
3524.89
3524.89
3524.89
3524.89
3524.89
3524.89
3524.89
3524.89
3524.89
3524.89
3524.89
3524.89
3524.89
3524.89
3524.89
3524.89
3524.89
3524.9
3524.9
3524.9
3524.9
3524.9
3524.9
3524.9
3524.9
3524.9
3524.9
3524.9
3524.9
3524.9
3524.9
3524.9
3524.9
3524.9
3524.9
3524.9
3524.9
3524.9
3524.9
3524.9
3524.9
3524.9
3524.9
3524.9
3524.9
3524.9
3524.9
3524.9
3524.9
3524.9
3524.9
3524.9
3524.9
3524.9
3524.9
3524.9
3524.9
3524.9
3524.9
3524.9
3524.9
3524.9
3524.9
3524.9
3524.9
3524.9
3524.9
3524.9
3524.9
3524.9
3524.9
3524.9
3524.9
3524.9
3524.9
3524.9
3524.9
3524.9
3524.9
3524.9
3524.9
3524.9
3524.9
3524.9
3524.9
3524.9
3524.9
3524.9
3524.9
3524.9
3524.9
3524.9
3524.9
3524.9
3524.9
3524.9
3524.9
3524.9
3524.9
3524.9
3524.9
3524.89
3524.89
3524.89
3524.89
3524.89
3524.89
3524.89
3524.89
3524.89
3524.89
3524.89
3524.89
3524.89
3524.89
3524.89
3524.89
3524.88
3524.88
3524.88
3524.88
3524.88
3524.88
3524.87
3524.87
3524.87
3524.87
3524.86
3524.86
3524.85
3524.85
3524.84
3524.84
3524.82
3524.82
3524.81
3524.79
3524.78
3524.76
3524.75
3524.71
3524.71
3524.67
3524.65
3524.65
3524.77
3524.79
3524.83
3524.9
3525.02
3525.19
3525.26
3525.17
3525
3524.9
3524.94
3525.07
3525.18
3525.21
3525.15
3525.04
3524.95
3524.9
3524.87
3524.85
3524.84
3524.83
3524.82
3524.81
3524.81
3524.8
3524.8
3524.8
3524.79
3524.79
3524.79
3524.79
3524.78
3524.78
3524.78
3524.78
3524.78
3524.78
3524.78
3524.78
3524.77
3524.77
3524.77
3524.77
3524.77
3524.77
3524.77
3524.77
3524.77
3524.77
3524.77
3524.77
3524.77
3524.77
3524.77
3524.77
3524.77
3524.77
3524.77
3524.77
3524.77
3524.77
3524.77
3524.77
3524.77
3524.77
3524.77
3524.77
3524.77
3524.77
3524.77
3524.77
3524.77
3524.77
3524.77
3524.77
3524.77
3524.77
3524.77
3524.77
3524.77
3524.77
3524.77
3524.77
3524.77
3524.77
3524.77
3524.77
3524.77
3524.77
3524.77
3524.77
3524.77
3524.77
3524.77
3524.77
3524.77
3524.77
3524.77
3524.77
3524.77
3524.77
3524.77
3524.77
3524.77
3524.77
3524.77
3524.77
3524.77
3524.77
3524.77
3524.77
3524.77
3524.77
3524.77
3524.77
3524.77
3524.77
3524.77
3524.77
3524.77
3524.77
3524.77
3524.77
3524.77
3524.77
3524.77
3524.77
3524.77
3524.77
3524.77
3524.77
3524.77
3524.77
3524.77
3524.77
3524.77
3524.77
3524.77
3524.77
3524.77
3524.77
3524.77
3524.77
3524.77
3524.77
3524.77
3524.77
3524.77
3524.77
3524.77
3524.77
3524.77
3524.77
3524.77
3524.77
3524.77
3524.77
3524.77
3524.77
3524.77
3524.77
3524.77
3524.77
3524.77
3524.77
3524.77
3524.77
3524.77
3524.76
3524.76
3524.76
3524.76
3524.76
3524.76
3524.76
3524.75
3524.75
3524.75
3524.75
3524.74
3524.74
3524.74
3524.73
3524.73
3524.72
3524.71
3524.71
3524.7
3524.69
3524.67
3524.67
3524.64
3524.64
3524.61
3524.61
3524.57
3524.56
3524.54
3524.53
3524.6
3524.62
3524.65
3524.71
3524.82
3525
3525.12
3525.08
3524.94
3524.88
3524.94
3525.05
3525.13
3525.1
3524.99
3524.88
3524.81
3524.77
3524.74
3524.73
3524.72
3524.71
3524.7
3524.69
3524.69
3524.68
3524.68
3524.67
3524.67
3524.67
3524.67
3524.66
3524.66
3524.66
3524.66
3524.66
3524.66
3524.65
3524.65
3524.65
3524.65
3524.65
3524.65
3524.65
3524.65
3524.65
3524.65
3524.65
3524.65
3524.65
3524.65
3524.65
3524.65
3524.65
3524.65
3524.65
3524.65
3524.65
3524.65
3524.65
3524.65
3524.65
3524.65
3524.65
3524.65
3524.65
3524.65
3524.65
3524.65
3524.65
3524.65
3524.65
3524.65
3524.65
3524.65
3524.65
3524.65
3524.65
3524.65
3524.65
3524.65
3524.65
3524.65
3524.65
3524.65
3524.65
3524.65
3524.65
3524.65
3524.65
3524.65
3524.65
3524.65
3524.65
3524.65
3524.65
3524.65
3524.65
3524.65
3524.65
3524.65
3524.65
3524.65
3524.65
3524.65
3524.65
3524.65
3524.65
3524.65
3524.65
3524.65
3524.65
3524.65
3524.65
3524.65
3524.65
3524.65
3524.65
3524.65
3524.65
3524.65
3524.65
3524.65
3524.65
3524.65
3524.65
3524.65
3524.65
3524.65
3524.65
3524.65
3524.65
3524.65
3524.65
3524.65
3524.65
3524.65
3524.65
3524.65
3524.65
3524.65
3524.65
3524.65
3524.65
3524.65
3524.65
3524.65
3524.65
3524.65
3524.65
3524.65
3524.65
3524.65
3524.65
3524.65
3524.65
3524.65
3524.65
3524.65
3524.65
3524.65
3524.65
3524.65
3524.65
3524.65
3524.65
3524.64
3524.64
3524.64
3524.64
3524.64
3524.64
3524.64
3524.64
3524.63
3524.63
3524.63
3524.63
3524.62
3524.62
3524.62
3524.61
3524.61
3524.61
3524.6
3524.59
3524.59
3524.58
3524.57
3524.56
3524.55
3524.53
3524.53
3524.5
3524.5
3524.47
3524.46
3524.44
3524.42
3524.43
3524.57
3524.56
3524.59
3524.63
3524.69
3524.81
3524.96
3525.01
3524.98
3524.96
3524.99
3525.02
3524.99
3524.9
3524.79
3524.71
3524.66
3524.64
3524.62
3524.6
3524.59
3524.58
3524.58
3524.57
3524.56
3524.56
3524.56
3524.55
3524.55
3524.55
3524.54
3524.54
3524.54
3524.54
3524.54
3524.53
3524.53
3524.53
3524.53
3524.53
3524.53
3524.53
3524.53
3524.53
3524.53
3524.53
3524.53
3524.53
3524.53
3524.53
3524.53
3524.53
3524.53
3524.53
3524.53
3524.53
3524.53
3524.53
3524.53
3524.53
3524.53
3524.53
3524.53
3524.53
3524.53
3524.53
3524.53
3524.53
3524.53
3524.53
3524.53
3524.53
3524.53
3524.53
3524.53
3524.53
3524.53
3524.53
3524.53
3524.53
3524.53
3524.53
3524.53
3524.53
3524.53
3524.53
3524.53
3524.53
3524.53
3524.53
3524.53
3524.53
3524.53
3524.53
3524.53
3524.53
3524.53
3524.53
3524.53
3524.53
3524.53
3524.53
3524.53
3524.53
3524.53
3524.53
3524.53
3524.53
3524.53
3524.53
3524.53
3524.53
3524.53
3524.53
3524.53
3524.53
3524.53
3524.53
3524.53
3524.53
3524.53
3524.53
3524.53
3524.53
3524.53
3524.53
3524.53
3524.53
3524.53
3524.53
3524.53
3524.53
3524.53
3524.53
3524.53
3524.53
3524.53
3524.53
3524.53
3524.53
3524.53
3524.53
3524.53
3524.53
3524.53
3524.53
3524.53
3524.53
3524.53
3524.53
3524.53
3524.53
3524.53
3524.53
3524.53
3524.53
3524.53
3524.53
3524.53
3524.53
3524.53
3524.53
3524.52
3524.52
3524.52
3524.52
3524.52
3524.52
3524.52
3524.52
3524.52
3524.52
3524.51
3524.51
3524.51
3524.51
3524.51
3524.5
3524.5
3524.5
3524.49
3524.49
3524.49
3524.48
3524.47
3524.47
3524.46
3524.46
3524.44
3524.44
3524.42
3524.42
3524.39
3524.39
3524.37
3524.36
3524.34
3524.33
3524.32
3524.31
3524.38
3524.41
3524.43
3524.47
3524.52
3524.59
3524.71
3524.8
3524.84
3524.85
3524.85
3524.82
3524.75
3524.67
3524.6
3524.55
3524.53
3524.51
3524.49
3524.48
3524.47
3524.46
3524.45
3524.45
3524.44
3524.44
3524.43
3524.43
3524.43
3524.42
3524.42
3524.42
3524.42
3524.41
3524.41
3524.41
3524.41
3524.41
3524.41
3524.41
3524.41
3524.41
3524.4
3524.4
3524.4
3524.4
3524.4
3524.4
3524.4
3524.4
3524.4
3524.4
3524.4
3524.4
3524.4
3524.4
3524.4
3524.4
3524.4
3524.4
3524.4
3524.4
3524.4
3524.4
3524.4
3524.4
3524.41
3524.41
3524.41
3524.41
3524.41
3524.41
3524.41
3524.41
3524.41
3524.41
3524.41
3524.41
3524.41
3524.41
3524.41
3524.41
3524.41
3524.41
3524.41
3524.41
3524.41
3524.41
3524.41
3524.41
3524.41
3524.41
3524.41
3524.41
3524.41
3524.41
3524.41
3524.41
3524.41
3524.41
3524.41
3524.41
3524.41
3524.41
3524.41
3524.41
3524.41
3524.41
3524.41
3524.41
3524.41
3524.41
3524.41
3524.41
3524.41
3524.41
3524.41
3524.41
3524.41
3524.41
3524.41
3524.41
3524.41
3524.41
3524.41
3524.41
3524.41
3524.41
3524.41
3524.41
3524.41
3524.41
3524.41
3524.41
3524.41
3524.41
3524.41
3524.41
3524.41
3524.41
3524.41
3524.41
3524.41
3524.41
3524.41
3524.41
3524.41
3524.41
3524.41
3524.41
3524.41
3524.41
3524.41
3524.41
3524.41
3524.41
3524.41
3524.4
3524.4
3524.4
3524.4
3524.4
3524.4
3524.4
3524.4
3524.4
3524.4
3524.4
3524.4
3524.4
3524.39
3524.39
3524.39
3524.39
3524.39
3524.38
3524.38
3524.38
3524.38
3524.37
3524.37
3524.37
3524.36
3524.36
3524.35
3524.34
3524.34
3524.33
3524.32
3524.31
3524.31
3524.29
3524.28
3524.26
3524.26
3524.24
3524.23
3524.22
3524.2
3524.21
3524.31
3524.31
3524.32
3524.34
3524.37
3524.42
3524.48
3524.54
3524.59
3524.6
3524.6
3524.56
3524.51
3524.47
3524.43
3524.41
3524.39
3524.38
3524.37
3524.36
3524.35
3524.34
3524.33
3524.33
3524.32
3524.32
3524.31
3524.31
3524.3
3524.3
3524.3
3524.3
3524.29
3524.29
3524.29
3524.29
3524.29
3524.29
3524.28
3524.28
3524.28
3524.28
3524.28
3524.28
3524.28
3524.28
3524.28
3524.28
3524.28
3524.28
3524.28
3524.28
3524.28
3524.28
3524.28
3524.28
3524.28
3524.28
3524.28
3524.28
3524.28
3524.28
3524.28
3524.28
3524.28
3524.28
3524.28
3524.28
3524.28
3524.28
3524.28
3524.28
3524.28
3524.28
3524.28
3524.28
3524.28
3524.28
3524.28
3524.28
3524.28
3524.28
3524.28
3524.28
3524.28
3524.28
3524.29
3524.29
3524.29
3524.29
3524.29
3524.29
3524.29
3524.29
3524.29
3524.29
3524.29
3524.29
3524.29
3524.29
3524.29
3524.29
3524.29
3524.29
3524.29
3524.29
3524.29
3524.29
3524.29
3524.29
3524.29
3524.29
3524.29
3524.29
3524.29
3524.29
3524.29
3524.29
3524.29
3524.29
3524.29
3524.29
3524.29
3524.29
3524.29
3524.29
3524.29
3524.29
3524.29
3524.29
3524.29
3524.29
3524.29
3524.29
3524.29
3524.29
3524.29
3524.29
3524.29
3524.29
3524.29
3524.29
3524.29
3524.29
3524.29
3524.29
3524.29
3524.29
3524.29
3524.29
3524.28
3524.28
3524.28
3524.28
3524.28
3524.28
3524.28
3524.28
3524.28
3524.28
3524.28
3524.28
3524.28
3524.28
3524.28
3524.28
3524.28
3524.27
3524.27
3524.27
3524.27
3524.27
3524.27
3524.27
3524.26
3524.26
3524.26
3524.26
3524.25
3524.25
3524.25
3524.24
3524.24
3524.23
3524.23
3524.22
3524.21
3524.21
3524.2
3524.19
3524.18
3524.17
3524.15
3524.15
3524.13
3524.13
3524.11
3524.1
3524.1
3524.1
3524.18
3524.19
3524.2
3524.21
3524.23
3524.26
3524.3
3524.33
3524.36
3524.37
3524.37
3524.35
3524.33
3524.31
3524.29
3524.27
3524.26
3524.25
3524.24
3524.23
3524.22
3524.21
3524.21
3524.2
3524.2
3524.19
3524.19
3524.18
3524.18
3524.18
3524.18
3524.17
3524.17
3524.17
3524.17
3524.17
3524.16
3524.16
3524.16
3524.16
3524.16
3524.16
3524.16
3524.16
3524.16
3524.16
3524.16
3524.16
3524.16
3524.16
3524.16
3524.16
3524.16
3524.16
3524.16
3524.16
3524.16
3524.16
3524.16
3524.16
3524.16
3524.16
3524.16
3524.16
3524.16
3524.16
3524.16
3524.16
3524.16
3524.16
3524.16
3524.16
3524.16
3524.16
3524.16
3524.16
3524.16
3524.16
3524.16
3524.16
3524.16
3524.16
3524.16
3524.16
3524.16
3524.16
3524.16
3524.16
3524.16
3524.16
3524.16
3524.16
3524.16
3524.16
3524.16
3524.16
3524.16
3524.16
3524.16
3524.16
3524.16
3524.16
3524.16
3524.16
3524.16
3524.16
3524.16
3524.16
3524.16
3524.16
3524.16
3524.16
3524.16
3524.16
3524.16
3524.16
3524.16
3524.16
3524.16
3524.16
3524.16
3524.16
3524.16
3524.16
3524.16
3524.16
3524.16
3524.16
3524.16
3524.16
3524.16
3524.16
3524.16
3524.16
3524.16
3524.16
3524.16
3524.16
3524.16
3524.16
3524.16
3524.16
3524.16
3524.16
3524.16
3524.16
3524.16
3524.16
3524.16
3524.16
3524.16
3524.16
3524.16
3524.16
3524.16
3524.16
3524.16
3524.16
3524.16
3524.16
3524.16
3524.16
3524.16
3524.16
3524.16
3524.15
3524.15
3524.15
3524.15
3524.15
3524.15
3524.15
3524.14
3524.14
3524.14
3524.14
3524.14
3524.13
3524.13
3524.13
3524.12
3524.12
3524.11
3524.11
3524.1
3524.1
3524.09
3524.08
3524.08
3524.07
3524.06
3524.05
3524.04
3524.03
3524.02
3524.01
3524
3523.99
3523.98
3523.99
3524.06
3524.07
3524.08
3524.09
3524.1
3524.12
3524.14
3524.16
3524.18
3524.19
3524.19
3524.18
3524.17
3524.16
3524.15
3524.14
3524.13
3524.12
3524.11
3524.1
3524.1
3524.09
3524.08
3524.08
3524.07
3524.07
3524.06
3524.06
3524.06
3524.06
3524.05
3524.05
3524.05
3524.05
3524.04
3524.04
3524.04
3524.04
3524.04
3524.04
3524.04
3524.04
3524.03
3524.03
3524.03
3524.03
3524.03
3524.03
3524.03
3524.03
3524.03
3524.03
3524.03
3524.03
3524.03
3524.03
3524.03
3524.04
3524.04
3524.04
3524.04
3524.04
3524.04
3524.04
3524.04
3524.04
3524.04
3524.04
3524.04
3524.04
3524.04
3524.04
3524.04
3524.04
3524.04
3524.04
3524.04
3524.04
3524.04
3524.04
3524.04
3524.04
3524.04
3524.04
3524.04
3524.04
3524.04
3524.04
3524.04
3524.04
3524.04
3524.04
3524.04
3524.04
3524.04
3524.04
3524.04
3524.04
3524.04
3524.04
3524.04
3524.04
3524.04
3524.04
3524.04
3524.04
3524.04
3524.04
3524.04
3524.04
3524.04
3524.04
3524.04
3524.04
3524.04
3524.04
3524.04
3524.04
3524.04
3524.04
3524.04
3524.04
3524.04
3524.04
3524.04
3524.04
3524.04
3524.04
3524.04
3524.04
3524.04
3524.04
3524.04
3524.04
3524.04
3524.04
3524.04
3524.04
3524.04
3524.04
3524.04
3524.04
3524.04
3524.04
3524.04
3524.04
3524.04
3524.04
3524.04
3524.04
3524.04
3524.04
3524.04
3524.04
3524.04
3524.04
3524.04
3524.04
3524.04
3524.04
3524.04
3524.04
3524.03
3524.03
3524.03
3524.03
3524.03
3524.03
3524.03
3524.03
3524.03
3524.02
3524.02
3524.02
3524.02
3524.01
3524.01
3524.01
3524.01
3524
3524
3523.99
3523.99
3523.99
3523.98
3523.97
3523.97
3523.96
3523.95
3523.95
3523.94
3523.93
3523.92
3523.91
3523.9
3523.89
3523.89
3523.88
3523.88
3523.88
3523.94
3523.95
3523.96
3523.96
3523.98
3523.99
3524
3524.02
3524.03
3524.03
3524.03
3524.03
3524.03
3524.02
3524.01
3524.01
3524
3523.99
3523.98
3523.98
3523.97
3523.96
3523.96
3523.95
3523.95
3523.95
3523.94
3523.94
3523.93
3523.93
3523.93
3523.93
3523.92
3523.92
3523.92
3523.92
3523.92
3523.92
3523.91
3523.91
3523.91
3523.91
3523.91
3523.91
3523.91
3523.91
3523.91
3523.91
3523.91
3523.91
3523.91
3523.91
3523.91
3523.91
3523.91
3523.91
3523.91
3523.91
3523.91
3523.91
3523.91
3523.91
3523.91
3523.91
3523.91
3523.92
3523.92
3523.92
3523.92
3523.92
3523.92
3523.92
3523.92
3523.92
3523.92
3523.92
3523.92
3523.92
3523.92
3523.92
3523.92
3523.92
3523.92
3523.92
3523.92
3523.92
3523.92
3523.92
3523.92
3523.92
3523.92
3523.92
3523.92
3523.92
3523.92
3523.92
3523.92
3523.92
3523.92
3523.92
3523.92
3523.92
3523.92
3523.92
3523.92
3523.92
3523.92
3523.92
3523.92
3523.92
3523.92
3523.92
3523.92
3523.92
3523.92
3523.92
3523.92
3523.92
3523.92
3523.92
3523.92
3523.92
3523.92
3523.92
3523.92
3523.92
3523.92
3523.92
3523.92
3523.92
3523.92
3523.92
3523.92
3523.92
3523.92
3523.92
3523.92
3523.92
3523.92
3523.92
3523.92
3523.92
3523.92
3523.92
3523.92
3523.92
3523.92
3523.92
3523.92
3523.92
3523.92
3523.92
3523.92
3523.92
3523.92
3523.92
3523.92
3523.92
3523.91
3523.91
3523.91
3523.91
3523.91
3523.91
3523.91
3523.91
3523.91
3523.91
3523.91
3523.9
3523.9
3523.9
3523.9
3523.9
3523.89
3523.89
3523.89
3523.89
3523.88
3523.88
3523.88
3523.87
3523.87
3523.86
3523.86
3523.85
3523.85
3523.84
3523.83
3523.82
3523.82
3523.81
3523.8
3523.79
3523.79
3523.78
3523.77
3523.77
3523.76
3523.77
3523.82
3523.83
3523.83
3523.84
3523.85
3523.86
3523.87
3523.88
3523.89
3523.89
3523.89
3523.89
3523.89
3523.88
3523.88
3523.87
3523.87
3523.86
3523.86
3523.85
3523.84
3523.84
3523.83
3523.83
3523.82
3523.82
3523.82
3523.81
3523.81
3523.81
3523.81
3523.8
3523.8
3523.8
3523.8
3523.79
3523.79
3523.79
3523.79
3523.79
3523.79
3523.79
3523.79
3523.79
3523.79
3523.79
3523.79
3523.79
3523.79
3523.79
3523.79
3523.79
3523.79
3523.79
3523.79
3523.79
3523.79
3523.79
3523.79
3523.79
3523.79
3523.79
3523.79
3523.79
3523.79
3523.79
3523.79
3523.79
3523.79
3523.79
3523.79
3523.79
3523.79
3523.8
3523.8
3523.8
3523.8
3523.8
3523.8
3523.8
3523.8
3523.8
3523.8
3523.8
3523.8
3523.8
3523.8
3523.8
3523.8
3523.8
3523.8
3523.8
3523.8
3523.8
3523.8
3523.8
3523.8
3523.8
3523.8
3523.8
3523.8
3523.8
3523.8
3523.8
3523.8
3523.8
3523.8
3523.8
3523.8
3523.8
3523.8
3523.8
3523.8
3523.8
3523.8
3523.8
3523.8
3523.8
3523.8
3523.8
3523.8
3523.8
3523.8
3523.8
3523.8
3523.8
3523.8
3523.8
3523.8
3523.8
3523.8
3523.8
3523.8
3523.8
3523.8
3523.8
3523.8
3523.8
3523.8
3523.8
3523.8
3523.8
3523.8
3523.8
3523.8
3523.8
3523.8
3523.8
3523.8
3523.8
3523.8
3523.8
3523.8
3523.8
3523.79
3523.79
3523.79
3523.79
3523.79
3523.79
3523.79
3523.79
3523.79
3523.79
3523.79
3523.79
3523.79
3523.78
3523.78
3523.78
3523.78
3523.78
3523.78
3523.77
3523.77
3523.77
3523.77
3523.76
3523.76
3523.76
3523.75
3523.75
3523.75
3523.74
3523.74
3523.73
3523.72
3523.72
3523.71
3523.71
3523.7
3523.69
3523.68
3523.68
3523.67
3523.66
3523.66
3523.65
3523.65
3523.65
3523.7
3523.71
3523.71
3523.72
3523.72
3523.73
3523.74
3523.74
3523.75
3523.75
3523.76
3523.76
3523.75
3523.75
3523.75
3523.74
3523.74
3523.73
3523.73
3523.72
3523.72
3523.71
3523.71
3523.7
3523.7
3523.7
3523.69
3523.69
3523.69
3523.68
3523.68
3523.68
3523.68
3523.67
3523.67
3523.67
3523.67
3523.67
3523.67
3523.67
3523.67
3523.66
3523.66
3523.66
3523.66
3523.66
3523.66
3523.66
3523.66
3523.66
3523.66
3523.66
3523.66
3523.67
3523.67
3523.67
3523.67
3523.67
3523.67
3523.67
3523.67
3523.67
3523.67
3523.67
3523.67
3523.67
3523.67
3523.67
3523.67
3523.67
3523.67
3523.67
3523.67
3523.67
3523.67
3523.67
3523.67
3523.67
3523.67
3523.67
3523.67
3523.67
3523.67
3523.67
3523.67
3523.67
3523.67
3523.67
3523.67
3523.67
3523.67
3523.68
3523.68
3523.68
3523.68
3523.68
3523.68
3523.68
3523.68
3523.68
3523.68
3523.68
3523.68
3523.68
3523.68
3523.68
3523.68
3523.68
3523.68
3523.68
3523.68
3523.68
3523.68
3523.68
3523.68
3523.68
3523.68
3523.68
3523.68
3523.68
3523.68
3523.68
3523.68
3523.68
3523.68
3523.68
3523.68
3523.68
3523.68
3523.68
3523.68
3523.68
3523.68
3523.68
3523.68
3523.68
3523.68
3523.68
3523.68
3523.68
3523.68
3523.68
3523.68
3523.68
3523.68
3523.68
3523.67
3523.67
3523.67
3523.67
3523.67
3523.67
3523.67
3523.67
3523.67
3523.67
3523.67
3523.67
3523.67
3523.67
3523.67
3523.67
3523.67
3523.67
3523.67
3523.66
3523.66
3523.66
3523.66
3523.66
3523.66
3523.66
3523.65
3523.65
3523.65
3523.65
3523.64
3523.64
3523.64
3523.64
3523.63
3523.63
3523.62
3523.62
3523.61
3523.61
3523.6
3523.6
3523.59
3523.59
3523.58
3523.57
3523.57
3523.56
3523.55
3523.55
3523.54
3523.54
3523.54
3523.54
3523.58
3523.59
3523.59
3523.59
3523.6
3523.6
3523.61
3523.61
3523.62
3523.62
3523.62
3523.62
3523.62
3523.62
3523.62
3523.61
3523.61
3523.6
3523.6
3523.6
3523.59
3523.59
3523.58
3523.58
3523.58
3523.57
3523.57
3523.57
3523.56
3523.56
3523.56
3523.55
3523.55
3523.55
3523.55
3523.55
3523.55
3523.54
3523.54
3523.54
3523.54
3523.54
3523.54
3523.54
3523.54
3523.54
3523.54
3523.54
3523.54
3523.54
3523.54
3523.54
3523.54
3523.54
3523.54
3523.54
3523.54
3523.54
3523.54
3523.55
3523.55
3523.55
3523.55
3523.55
3523.55
3523.55
3523.55
3523.55
3523.55
3523.55
3523.55
3523.55
3523.55
3523.55
3523.55
3523.55
3523.55
3523.55
3523.55
3523.55
3523.55
3523.55
3523.55
3523.55
3523.55
3523.55
3523.55
3523.55
3523.55
3523.55
3523.55
3523.55
3523.55
3523.55
3523.55
3523.55
3523.55
3523.55
3523.55
3523.55
3523.55
3523.55
3523.55
3523.55
3523.55
3523.55
3523.55
3523.55
3523.55
3523.55
3523.55
3523.55
3523.55
3523.55
3523.55
3523.55
3523.55
3523.55
3523.55
3523.55
3523.55
3523.55
3523.55
3523.55
3523.55
3523.55
3523.55
3523.55
3523.55
3523.55
3523.55
3523.55
3523.55
3523.55
3523.55
3523.55
3523.55
3523.55
3523.55
3523.55
3523.55
3523.55
3523.55
3523.55
3523.55
3523.55
3523.55
3523.55
3523.55
3523.55
3523.55
3523.55
3523.55
3523.55
3523.55
3523.55
3523.55
3523.55
3523.55
3523.55
3523.55
3523.55
3523.55
3523.54
3523.54
3523.54
3523.54
3523.54
3523.54
3523.54
3523.54
3523.53
3523.53
3523.53
3523.53
3523.53
3523.52
3523.52
3523.52
3523.51
3523.51
3523.51
3523.5
3523.5
3523.49
3523.49
3523.48
3523.48
3523.47
3523.47
3523.46
3523.46
3523.45
3523.44
3523.44
3523.43
3523.43
3523.43
3523.42
3523.43
3523.46
3523.47
3523.47
3523.47
3523.47
3523.48
3523.48
3523.48
3523.49
3523.49
3523.49
3523.49
3523.49
3523.49
3523.49
3523.48
3523.48
3523.48
3523.47
3523.47
3523.46
3523.46
3523.46
3523.45
3523.45
3523.45
3523.44
3523.44
3523.44
3523.43
3523.43
3523.43
3523.43
3523.43
3523.42
3523.42
3523.42
3523.42
3523.42
3523.42
3523.42
3523.42
3523.42
3523.42
3523.42
3523.42
3523.42
3523.42
3523.42
3523.42
3523.42
3523.42
3523.42
3523.42
3523.42
3523.42
3523.42
3523.42
3523.42
3523.42
3523.42
3523.42
3523.42
3523.43
3523.43
3523.43
3523.43
3523.43
3523.43
3523.43
3523.43
3523.43
3523.43
3523.43
3523.43
3523.43
3523.43
3523.43
3523.43
3523.43
3523.43
3523.43
3523.43
3523.43
3523.43
3523.43
3523.43
3523.43
3523.43
3523.43
3523.43
3523.43
3523.43
3523.43
3523.43
3523.43
3523.43
3523.43
3523.43
3523.43
3523.43
3523.43
3523.43
3523.43
3523.43
3523.43
3523.43
3523.43
3523.43
3523.43
3523.43
3523.43
3523.43
3523.43
3523.43
3523.43
3523.43
3523.43
3523.43
3523.43
3523.43
3523.43
3523.43
3523.43
3523.43
3523.43
3523.43
3523.43
3523.43
3523.43
3523.43
3523.43
3523.43
3523.43
3523.43
3523.43
3523.43
3523.43
3523.43
3523.43
3523.43
3523.43
3523.43
3523.43
3523.43
3523.43
3523.43
3523.43
3523.43
3523.43
3523.43
3523.43
3523.43
3523.43
3523.43
3523.43
3523.43
3523.43
3523.43
3523.43
3523.42
3523.42
3523.42
3523.42
3523.42
3523.42
3523.42
3523.42
3523.42
3523.42
3523.41
3523.41
3523.41
3523.41
3523.41
3523.4
3523.4
3523.4
3523.4
3523.39
3523.39
3523.39
3523.38
3523.38
3523.37
3523.37
3523.36
3523.36
3523.35
3523.35
3523.34
3523.34
3523.33
3523.33
3523.32
3523.32
3523.32
3523.31
3523.31
3523.32
3523.34
3523.34
3523.34
3523.35
3523.35
3523.35
3523.35
3523.36
3523.36
3523.36
3523.36
3523.36
3523.36
3523.36
3523.36
3523.35
3523.35
3523.35
3523.35
3523.34
3523.34
3523.34
3523.33
3523.33
3523.32
3523.32
3523.32
3523.32
3523.31
3523.31
3523.31
3523.31
3523.3
3523.3
3523.3
3523.3
3523.3
3523.3
3523.29
3523.29
3523.29
3523.29
3523.29
3523.29
3523.29
3523.29
3523.29
3523.29
3523.29
3523.29
3523.29
3523.29
3523.3
3523.3
3523.3
3523.3
3523.3
3523.3
3523.3
3523.3
3523.3
3523.3
3523.3
3523.3
3523.3
3523.3
3523.3
3523.3
3523.3
3523.31
3523.31
3523.31
3523.31
3523.31
3523.31
3523.31
3523.31
3523.31
3523.31
3523.31
3523.31
3523.31
3523.31
3523.31
3523.31
3523.31
3523.31
3523.31
3523.31
3523.31
3523.31
3523.31
3523.31
3523.31
3523.31
3523.31
3523.31
3523.31
3523.31
3523.31
3523.31
3523.31
3523.31
3523.31
3523.31
3523.31
3523.31
3523.31
3523.31
3523.31
3523.31
3523.31
3523.31
3523.31
3523.31
3523.31
3523.31
3523.31
3523.31
3523.31
3523.31
3523.31
3523.31
3523.31
3523.31
3523.31
3523.31
3523.31
3523.31
3523.31
3523.31
3523.31
3523.31
3523.31
3523.31
3523.31
3523.31
3523.31
3523.31
3523.31
3523.31
3523.31
3523.31
3523.31
3523.31
3523.31
3523.31
3523.31
3523.31
3523.31
3523.31
3523.31
3523.31
3523.31
3523.31
3523.31
3523.31
3523.3
3523.3
3523.3
3523.3
3523.3
3523.3
3523.3
3523.3
3523.3
3523.3
3523.3
3523.29
3523.29
3523.29
3523.29
3523.29
3523.29
3523.28
3523.28
3523.28
3523.28
3523.27
3523.27
3523.27
3523.26
3523.26
3523.26
3523.25
3523.25
3523.24
3523.24
3523.24
3523.23
3523.23
3523.22
3523.22
3523.21
3523.21
3523.2
3523.2
3523.2
3523.2
3523.2
3523.22
3523.22
3523.22
3523.22
3523.22
3523.23
3523.23
3523.23
3523.23
3523.23
3523.23
3523.23
3523.23
3523.23
3523.23
3523.23
3523.22
3523.22
3523.22
3523.22
3523.21
3523.21
3523.21
3523.2
3523.2
3523.2
3523.19
3523.19
3523.19
3523.19
3523.18
3523.18
3523.18
3523.18
3523.17
3523.17
3523.17
3523.17
3523.17
3523.17
3523.17
3523.17
3523.17
3523.17
3523.17
3523.17
3523.17
3523.17
3523.17
3523.17
3523.17
3523.17
3523.17
3523.17
3523.17
3523.17
3523.18
3523.18
3523.18
3523.18
3523.18
3523.18
3523.18
3523.18
3523.18
3523.18
3523.18
3523.18
3523.18
3523.18
3523.18
3523.18
3523.18
3523.18
3523.18
3523.18
3523.19
3523.19
3523.19
3523.19
3523.19
3523.19
3523.19
3523.19
3523.19
3523.19
3523.19
3523.19
3523.19
3523.19
3523.19
3523.19
3523.19
3523.19
3523.19
3523.19
3523.19
3523.19
3523.19
3523.19
3523.19
3523.19
3523.19
3523.19
3523.19
3523.19
3523.19
3523.19
3523.19
3523.19
3523.19
3523.19
3523.19
3523.19
3523.19
3523.19
3523.19
3523.19
3523.19
3523.19
3523.19
3523.19
3523.19
3523.19
3523.19
3523.19
3523.19
3523.19
3523.19
3523.19
3523.19
3523.19
3523.19
3523.19
3523.19
3523.19
3523.19
3523.19
3523.19
3523.19
3523.19
3523.19
3523.19
3523.19
3523.19
3523.19
3523.19
3523.19
3523.19
3523.19
3523.19
3523.19
3523.19
3523.18
3523.18
3523.18
3523.18
3523.18
3523.18
3523.18
3523.18
3523.18
3523.18
3523.18
3523.18
3523.18
3523.18
3523.17
3523.17
3523.17
3523.17
3523.17
3523.17
3523.16
3523.16
3523.16
3523.16
3523.16
3523.15
3523.15
3523.15
3523.14
3523.14
3523.14
3523.13
3523.13
3523.13
3523.12
3523.12
3523.11
3523.11
3523.1
3523.1
3523.1
3523.09
3523.09
3523.09
3523.08
3523.08
3523.09
3523.09
3523.1
3523.1
3523.1
3523.1
3523.1
3523.1
3523.1
3523.1
3523.11
3523.11
3523.11
3523.1
3523.1
3523.1
3523.1
3523.1
3523.09
3523.09
3523.09
3523.09
3523.08
3523.08
3523.08
3523.07
3523.07
3523.07
3523.07
3523.06
3523.06
3523.06
3523.06
3523.05
3523.05
3523.05
3523.05
3523.05
3523.05
3523.04
3523.04
3523.04
3523.04
3523.04
3523.04
3523.04
3523.04
3523.04
3523.04
3523.05
3523.05
3523.05
3523.05
3523.05
3523.05
3523.05
3523.05
3523.05
3523.05
3523.05
3523.06
3523.06
3523.06
3523.06
3523.06
3523.06
3523.06
3523.06
3523.06
3523.06
3523.06
3523.06
3523.06
3523.06
3523.06
3523.06
3523.06
3523.06
3523.06
3523.06
3523.06
3523.06
3523.06
3523.06
3523.06
3523.06
3523.06
3523.06
3523.06
3523.06
3523.06
3523.06
3523.06
3523.07
3523.07
3523.07
3523.07
3523.07
3523.07
3523.07
3523.07
3523.07
3523.07
3523.07
3523.07
3523.07
3523.07
3523.07
3523.07
3523.07
3523.07
3523.07
3523.07
3523.07
3523.07
3523.07
3523.07
3523.07
3523.07
3523.07
3523.07
3523.07
3523.07
3523.07
3523.07
3523.07
3523.07
3523.07
3523.07
3523.07
3523.07
3523.07
3523.07
3523.07
3523.07
3523.07
3523.07
3523.07
3523.07
3523.07
3523.07
3523.07
3523.07
3523.07
3523.07
3523.07
3523.07
3523.06
3523.06
3523.06
3523.06
3523.06
3523.06
3523.06
3523.06
3523.06
3523.06
3523.06
3523.06
3523.06
3523.06
3523.06
3523.06
3523.06
3523.06
3523.06
3523.05
3523.05
3523.05
3523.05
3523.05
3523.05
3523.05
3523.05
3523.04
3523.04
3523.04
3523.04
3523.03
3523.03
3523.03
3523.03
3523.02
3523.02
3523.02
3523.01
3523.01
3523.01
3523
3523
3522.99
3522.99
3522.99
3522.98
3522.98
3522.98
3522.97
3522.97
3522.97
3522.97
3522.97
3522.97
3522.97
3522.97
3522.97
3522.98
3522.98
3522.98
3522.98
3522.98
3522.98
3522.98
3522.98
3522.98
3522.98
3522.97
3522.97
3522.97
3522.97
3522.97
3522.96
3522.96
3522.96
3522.95
3522.95
3522.95
3522.95
3522.94
3522.94
3522.94
3522.94
3522.93
3522.93
3522.93
3522.93
3522.92
3522.92
3522.92
3522.92
3522.92
3522.92
3522.92
3522.92
3522.92
3522.92
3522.92
3522.92
3522.92
3522.92
3522.92
3522.92
3522.92
3522.92
3522.93
3522.93
3522.93
3522.93
3522.93
3522.93
3522.93
3522.93
3522.93
3522.93
3522.94
3522.94
3522.94
3522.94
3522.94
3522.94
3522.94
3522.94
3522.94
3522.94
3522.94
3522.94
3522.94
3522.94
3522.94
3522.94
3522.94
3522.94
3522.94
3522.94
3522.94
3522.94
3522.94
3522.94
3522.94
3522.94
3522.94
3522.94
3522.94
3522.94
3522.94
3522.94
3522.94
3522.94
3522.94
3522.94
3522.94
3522.94
3522.94
3522.94
3522.94
3522.94
3522.94
3522.94
3522.94
3522.94
3522.94
3522.94
3522.94
3522.94
3522.94
3522.94
3522.94
3522.94
3522.94
3522.94
3522.94
3522.94
3522.94
3522.94
3522.94
3522.94
3522.94
3522.94
3522.94
3522.94
3522.94
3522.94
3522.94
3522.94
3522.94
3522.94
3522.94
3522.94
3522.94
3522.94
3522.94
3522.94
3522.94
3522.94
3522.94
3522.94
3522.94
3522.94
3522.94
3522.94
3522.94
3522.94
3522.94
3522.94
3522.94
3522.94
3522.94
3522.94
3522.94
3522.94
3522.94
3522.94
3522.94
3522.94
3522.94
3522.94
3522.93
3522.93
3522.93
3522.93
3522.93
3522.93
3522.93
3522.93
3522.92
3522.92
3522.92
3522.92
3522.92
3522.91
3522.91
3522.91
3522.91
3522.9
3522.9
3522.9
3522.89
3522.89
3522.89
3522.88
3522.88
3522.88
3522.87
3522.87
3522.87
3522.86
3522.86
3522.86
3522.86
3522.85
3522.85
3522.86
3522.85
3522.85
3522.85
3522.85
3522.85
3522.85
3522.85
3522.85
3522.85
3522.85
3522.85
3522.85
3522.85
3522.85
3522.85
3522.85
3522.84
3522.84
3522.84
3522.84
3522.83
3522.83
3522.83
3522.83
3522.82
3522.82
3522.82
3522.82
3522.81
3522.81
3522.81
3522.81
3522.8
3522.8
3522.8
3522.8
3522.8
3522.8
3522.79
3522.79
3522.79
3522.79
3522.79
3522.79
3522.79
3522.79
3522.8
3522.8
3522.8
3522.8
3522.8
3522.8
3522.8
3522.8
3522.81
3522.81
3522.81
3522.81
3522.81
3522.81
3522.81
3522.81
3522.81
3522.81
3522.81
3522.82
3522.82
3522.82
3522.82
3522.82
3522.82
3522.82
3522.82
3522.82
3522.82
3522.82
3522.82
3522.82
3522.82
3522.82
3522.82
3522.82
3522.82
3522.82
3522.82
3522.82
3522.82
3522.82
3522.82
3522.82
3522.82
3522.82
3522.82
3522.82
3522.82
3522.82
3522.82
3522.82
3522.82
3522.82
3522.82
3522.82
3522.82
3522.82
3522.82
3522.82
3522.82
3522.82
3522.82
3522.82
3522.82
3522.82
3522.82
3522.82
3522.82
3522.82
3522.82
3522.82
3522.82
3522.82
3522.82
3522.82
3522.82
3522.82
3522.82
3522.82
3522.82
3522.82
3522.82
3522.82
3522.82
3522.82
3522.82
3522.82
3522.82
3522.82
3522.82
3522.82
3522.82
3522.82
3522.82
3522.82
3522.82
3522.82
3522.82
3522.82
3522.82
3522.82
3522.82
3522.82
3522.82
3522.82
3522.82
3522.82
3522.82
3522.82
3522.82
3522.82
3522.82
3522.82
3522.82
3522.81
3522.81
3522.81
3522.81
3522.81
3522.81
3522.81
3522.81
3522.81
3522.81
3522.8
3522.8
3522.8
3522.8
3522.8
3522.8
3522.79
3522.79
3522.79
3522.79
3522.78
3522.78
3522.78
3522.77
3522.77
3522.77
3522.77
3522.76
3522.76
3522.76
3522.75
3522.75
3522.75
3522.74
3522.74
3522.74
3522.74
3522.74
3522.74
3522.72
3522.73
3522.73
3522.73
3522.73
3522.73
3522.73
3522.73
3522.73
3522.73
3522.73
3522.72
3522.72
3522.72
3522.72
3522.72
3522.72
3522.71
3522.71
3522.71
3522.71
3522.7
3522.7
3522.7
3522.7
3522.69
3522.69
3522.69
3522.69
3522.68
3522.68
3522.68
3522.68
3522.68
3522.67
3522.67
3522.67
3522.67
3522.67
3522.67
3522.67
3522.67
3522.67
3522.67
3522.67
3522.67
3522.67
3522.67
3522.67
3522.67
3522.68
3522.68
3522.68
3522.68
3522.68
3522.68
3522.69
3522.69
3522.69
3522.69
3522.69
3522.69
3522.69
3522.69
3522.69
3522.69
3522.69
3522.69
3522.69
3522.7
3522.7
3522.7
3522.7
3522.7
3522.7
3522.7
3522.7
3522.7
3522.7
3522.7
3522.7
3522.7
3522.7
3522.7
3522.7
3522.7
3522.7
3522.7
3522.7
3522.7
3522.7
3522.7
3522.7
3522.7
3522.7
3522.7
3522.7
3522.7
3522.7
3522.7
3522.7
3522.7
3522.7
3522.7
3522.7
3522.7
3522.7
3522.7
3522.7
3522.7
3522.7
3522.7
3522.7
3522.7
3522.7
3522.7
3522.7
3522.7
3522.7
3522.7
3522.7
3522.7
3522.7
3522.7
3522.7
3522.7
3522.7
3522.7
3522.7
3522.7
3522.7
3522.7
3522.7
3522.7
3522.7
3522.7
3522.7
3522.7
3522.7
3522.7
3522.7
3522.7
3522.7
3522.7
3522.7
3522.7
3522.7
3522.7
3522.7
3522.7
3522.7
3522.7
3522.7
3522.7
3522.7
3522.7
3522.7
3522.7
3522.7
3522.69
3522.69
3522.69
3522.69
3522.69
3522.69
3522.69
3522.69
3522.69
3522.69
3522.69
3522.68
3522.68
3522.68
3522.68
3522.68
3522.68
3522.67
3522.67
3522.67
3522.67
3522.67
3522.66
3522.66
3522.66
3522.66
3522.65
3522.65
3522.65
3522.64
3522.64
3522.64
3522.64
3522.63
3522.63
3522.63
3522.63
3522.63
3522.62
3522.62
3522.63
3522.6
3522.6
3522.6
3522.6
3522.6
3522.6
3522.6
3522.6
3522.6
3522.6
3522.6
3522.6
3522.6
3522.6
3522.59
3522.59
3522.59
3522.59
3522.59
3522.58
3522.58
3522.58
3522.58
3522.57
3522.57
3522.57
3522.57
3522.56
3522.56
3522.56
3522.56
3522.55
3522.55
3522.55
3522.55
3522.55
3522.55
3522.54
3522.54
3522.54
3522.54
3522.54
3522.54
3522.54
3522.54
3522.54
3522.55
3522.55
3522.55
3522.55
3522.55
3522.55
3522.56
3522.56
3522.56
3522.56
3522.56
3522.56
3522.57
3522.57
3522.57
3522.57
3522.57
3522.57
3522.57
3522.57
3522.57
3522.57
3522.57
3522.57
3522.57
3522.57
3522.57
3522.57
3522.57
3522.58
3522.58
3522.58
3522.58
3522.58
3522.58
3522.58
3522.58
3522.58
3522.58
3522.58
3522.58
3522.58
3522.58
3522.58
3522.58
3522.58
3522.58
3522.58
3522.58
3522.58
3522.58
3522.58
3522.58
3522.58
3522.58
3522.58
3522.58
3522.58
3522.58
3522.58
3522.58
3522.58
3522.58
3522.58
3522.58
3522.58
3522.58
3522.58
3522.58
3522.58
3522.58
3522.58
3522.58
3522.58
3522.58
3522.58
3522.58
3522.58
3522.58
3522.58
3522.58
3522.58
3522.58
3522.58
3522.58
3522.58
3522.58
3522.58
3522.58
3522.58
3522.58
3522.58
3522.58
3522.58
3522.58
3522.58
3522.58
3522.58
3522.58
3522.58
3522.58
3522.58
3522.58
3522.58
3522.58
3522.58
3522.58
3522.58
3522.58
3522.57
3522.57
3522.57
3522.57
3522.57
3522.57
3522.57
3522.57
3522.57
3522.57
3522.57
3522.57
3522.57
3522.57
3522.56
3522.56
3522.56
3522.56
3522.56
3522.56
3522.56
3522.55
3522.55
3522.55
3522.55
3522.55
3522.54
3522.54
3522.54
3522.54
3522.53
3522.53
3522.53
3522.53
3522.52
3522.52
3522.52
3522.52
3522.51
3522.51
3522.51
3522.51
3522.51
3522.51
3522.51
3522.48
3522.48
3522.48
3522.48
3522.48
3522.48
3522.48
3522.48
3522.48
3522.48
3522.47
3522.47
3522.47
3522.47
3522.47
3522.47
3522.46
3522.46
3522.46
3522.46
3522.46
3522.45
3522.45
3522.45
3522.45
3522.44
3522.44
3522.44
3522.44
3522.43
3522.43
3522.43
3522.43
3522.43
3522.42
3522.42
3522.42
3522.42
3522.42
3522.42
3522.42
3522.42
3522.42
3522.42
3522.42
3522.42
3522.42
3522.42
3522.42
3522.43
3522.43
3522.43
3522.43
3522.44
3522.44
3522.44
3522.44
3522.44
3522.44
3522.44
3522.45
3522.45
3522.45
3522.45
3522.45
3522.45
3522.45
3522.45
3522.45
3522.45
3522.45
3522.45
3522.45
3522.45
3522.45
3522.45
3522.45
3522.45
3522.45
3522.45
3522.45
3522.45
3522.45
3522.45
3522.45
3522.45
3522.45
3522.45
3522.45
3522.45
3522.46
3522.46
3522.46
3522.46
3522.46
3522.46
3522.46
3522.46
3522.46
3522.46
3522.46
3522.46
3522.46
3522.46
3522.46
3522.46
3522.46
3522.46
3522.46
3522.46
3522.46
3522.46
3522.46
3522.46
3522.46
3522.46
3522.46
3522.46
3522.46
3522.46
3522.46
3522.46
3522.46
3522.46
3522.46
3522.46
3522.46
3522.46
3522.46
3522.46
3522.46
3522.46
3522.46
3522.46
3522.46
3522.46
3522.46
3522.46
3522.46
3522.46
3522.46
3522.46
3522.46
3522.46
3522.46
3522.46
3522.46
3522.46
3522.45
3522.45
3522.45
3522.45
3522.45
3522.45
3522.45
3522.45
3522.45
3522.45
3522.45
3522.45
3522.45
3522.45
3522.45
3522.45
3522.45
3522.45
3522.45
3522.45
3522.44
3522.44
3522.44
3522.44
3522.44
3522.44
3522.44
3522.44
3522.43
3522.43
3522.43
3522.43
3522.43
3522.42
3522.42
3522.42
3522.42
3522.41
3522.41
3522.41
3522.41
3522.41
3522.4
3522.4
3522.4
3522.4
3522.4
3522.4
3522.39
3522.39
3522.39
3522.4
3522.35
3522.34
3522.35
3522.35
3522.35
3522.35
3522.35
3522.35
3522.35
3522.35
3522.35
3522.35
3522.35
3522.34
3522.34
3522.34
3522.34
3522.34
3522.33
3522.33
3522.33
3522.33
3522.33
3522.32
3522.32
3522.32
3522.32
3522.31
3522.31
3522.31
3522.31
3522.3
3522.3
3522.3
3522.3
3522.3
3522.29
3522.29
3522.29
3522.29
3522.29
3522.29
3522.29
3522.29
3522.29
3522.29
3522.3
3522.3
3522.3
3522.3
3522.31
3522.31
3522.31
3522.31
3522.31
3522.32
3522.32
3522.32
3522.32
3522.32
3522.32
3522.32
3522.33
3522.33
3522.33
3522.33
3522.33
3522.33
3522.33
3522.33
3522.33
3522.33
3522.33
3522.33
3522.33
3522.33
3522.33
3522.33
3522.33
3522.33
3522.33
3522.33
3522.33
3522.33
3522.33
3522.33
3522.33
3522.33
3522.33
3522.33
3522.33
3522.33
3522.33
3522.33
3522.33
3522.33
3522.33
3522.33
3522.33
3522.33
3522.33
3522.33
3522.33
3522.33
3522.33
3522.33
3522.33
3522.33
3522.33
3522.33
3522.33
3522.33
3522.33
3522.33
3522.33
3522.33
3522.33
3522.33
3522.33
3522.33
3522.33
3522.33
3522.33
3522.33
3522.33
3522.33
3522.33
3522.33
3522.33
3522.33
3522.33
3522.33
3522.33
3522.33
3522.33
3522.33
3522.33
3522.33
3522.33
3522.33
3522.33
3522.33
3522.33
3522.33
3522.33
3522.33
3522.33
3522.33
3522.33
3522.33
3522.33
3522.33
3522.33
3522.33
3522.33
3522.33
3522.33
3522.33
3522.33
3522.33
3522.33
3522.33
3522.33
3522.33
3522.33
3522.33
3522.32
3522.32
3522.32
3522.32
3522.32
3522.32
3522.32
3522.32
3522.32
3522.31
3522.31
3522.31
3522.31
3522.31
3522.31
3522.3
3522.3
3522.3
3522.3
3522.3
3522.29
3522.29
3522.29
3522.29
3522.29
3522.28
3522.28
3522.28
3522.28
3522.28
3522.28
3522.28
3522.28
3522.28
3522.22
3522.26
3522.27
3522.27
3522.28
3522.26
3522.23
3522.22
3522.22
3522.22
3522.22
3522.22
3522.22
3522.22
3522.22
3522.21
3522.21
3522.21
3522.21
3522.21
3522.2
3522.2
3522.2
3522.2
3522.2
3522.19
3522.19
3522.19
3522.19
3522.18
3522.18
3522.18
3522.18
3522.17
3522.17
3522.17
3522.17
3522.17
3522.17
3522.17
3522.17
3522.17
3522.17
3522.17
3522.17
3522.17
3522.17
3522.17
3522.18
3522.18
3522.18
3522.18
3522.19
3522.19
3522.19
3522.19
3522.2
3522.2
3522.2
3522.2
3522.2
3522.2
3522.2
3522.2
3522.21
3522.21
3522.21
3522.21
3522.21
3522.21
3522.21
3522.21
3522.21
3522.21
3522.21
3522.21
3522.21
3522.21
3522.21
3522.21
3522.21
3522.21
3522.21
3522.21
3522.21
3522.21
3522.21
3522.21
3522.21
3522.21
3522.21
3522.21
3522.21
3522.21
3522.21
3522.21
3522.21
3522.21
3522.21
3522.21
3522.21
3522.21
3522.21
3522.21
3522.21
3522.21
3522.21
3522.21
3522.21
3522.21
3522.21
3522.21
3522.21
3522.21
3522.21
3522.21
3522.21
3522.21
3522.21
3522.21
3522.21
3522.21
3522.21
3522.21
3522.21
3522.21
3522.21
3522.21
3522.21
3522.21
3522.21
3522.21
3522.21
3522.21
3522.21
3522.21
3522.21
3522.21
3522.21
3522.21
3522.21
3522.21
3522.21
3522.21
3522.21
3522.21
3522.21
3522.21
3522.21
3522.21
3522.21
3522.21
3522.21
3522.21
3522.21
3522.21
3522.21
3522.21
3522.21
3522.21
3522.21
3522.21
3522.21
3522.21
3522.21
3522.2
3522.2
3522.2
3522.2
3522.2
3522.2
3522.2
3522.2
3522.2
3522.2
3522.19
3522.19
3522.19
3522.19
3522.19
3522.19
3522.18
3522.18
3522.18
3522.18
3522.18
3522.18
3522.17
3522.17
3522.17
3522.17
3522.17
3522.17
3522.16
3522.16
3522.16
3522.16
3522.16
3522.16
3522.17
3522.14
3521.45
3521.82
3521.81
3521.57
3521.66
3522.07
3522.16
3522.15
3522.13
3522.12
3522.11
3522.1
3522.1
3522.09
3522.09
3522.09
3522.08
3522.08
3522.08
3522.08
3522.08
3522.07
3522.07
3522.07
3522.07
3522.07
3522.06
3522.06
3522.06
3522.06
3522.05
3522.05
3522.05
3522.05
3522.05
3522.05
3522.05
3522.05
3522.06
3522.06
3522.06
3522.06
3522.06
3522.06
3522.05
3522.05
3522.05
3522.05
3522.06
3522.06
3522.06
3522.06
3522.07
3522.07
3522.07
3522.07
3522.08
3522.08
3522.08
3522.08
3522.08
3522.08
3522.08
3522.08
3522.08
3522.08
3522.09
3522.09
3522.09
3522.09
3522.09
3522.09
3522.09
3522.09
3522.09
3522.09
3522.09
3522.09
3522.09
3522.09
3522.09
3522.09
3522.09
3522.09
3522.09
3522.09
3522.09
3522.09
3522.09
3522.09
3522.09
3522.09
3522.09
3522.09
3522.09
3522.09
3522.09
3522.09
3522.09
3522.09
3522.09
3522.09
3522.09
3522.09
3522.09
3522.09
3522.09
3522.09
3522.09
3522.09
3522.09
3522.09
3522.09
3522.09
3522.09
3522.09
3522.09
3522.09
3522.09
3522.09
3522.09
3522.09
3522.09
3522.09
3522.09
3522.09
3522.09
3522.09
3522.09
3522.09
3522.09
3522.09
3522.09
3522.09
3522.09
3522.09
3522.09
3522.09
3522.09
3522.09
3522.09
3522.09
3522.09
3522.09
3522.09
3522.09
3522.09
3522.09
3522.09
3522.09
3522.09
3522.09
3522.09
3522.09
3522.09
3522.09
3522.09
3522.09
3522.09
3522.09
3522.09
3522.09
3522.08
3522.08
3522.08
3522.08
3522.08
3522.08
3522.08
3522.08
3522.08
3522.08
3522.08
3522.08
3522.07
3522.07
3522.07
3522.07
3522.07
3522.07
3522.07
3522.06
3522.06
3522.06
3522.06
3522.06
3522.06
3522.05
3522.05
3522.05
3522.05
3522.05
3522.05
3522.05
3522.05
3522.05
3522.05
3522.05
3522.05
3521.83
3514.55
3521.33
3523.3
3527.64
3527.26
3522.47
3521.61
3521.7
3521.79
3521.84
3521.88
3521.91
3521.93
3521.94
3521.95
3521.95
3521.95
3521.96
3521.96
3521.96
3521.96
3521.95
3521.95
3521.95
3521.95
3521.94
3521.94
3521.94
3521.94
3521.94
3521.94
3521.94
3521.95
3521.96
3521.97
3521.99
3522.01
3522.04
3522.07
3522.09
3522.11
3522.11
3522.09
3522.06
3522.02
3521.98
3521.95
3521.94
3521.94
3521.94
3521.94
3521.94
3521.95
3521.95
3521.95
3521.95
3521.95
3521.96
3521.96
3521.96
3521.96
3521.96
3521.96
3521.96
3521.96
3521.96
3521.96
3521.96
3521.96
3521.96
3521.97
3521.97
3521.97
3521.97
3521.97
3521.97
3521.97
3521.97
3521.97
3521.97
3521.97
3521.97
3521.97
3521.97
3521.97
3521.97
3521.97
3521.97
3521.97
3521.97
3521.97
3521.97
3521.97
3521.97
3521.97
3521.97
3521.97
3521.97
3521.97
3521.97
3521.97
3521.97
3521.97
3521.97
3521.97
3521.97
3521.97
3521.97
3521.97
3521.97
3521.97
3521.97
3521.97
3521.97
3521.97
3521.97
3521.97
3521.97
3521.97
3521.97
3521.97
3521.97
3521.97
3521.97
3521.97
3521.97
3521.97
3521.97
3521.97
3521.97
3521.97
3521.97
3521.97
3521.97
3521.97
3521.97
3521.97
3521.97
3521.97
3521.97
3521.97
3521.97
3521.97
3521.97
3521.97
3521.97
3521.97
3521.97
3521.97
3521.97
3521.97
3521.97
3521.97
3521.97
3521.97
3521.97
3521.97
3521.97
3521.97
3521.96
3521.96
3521.96
3521.96
3521.96
3521.96
3521.96
3521.96
3521.96
3521.96
3521.96
3521.96
3521.96
3521.96
3521.95
3521.95
3521.95
3521.95
3521.95
3521.95
3521.95
3521.95
3521.94
3521.94
3521.94
3521.94
3521.94
3521.94
3521.94
3521.93
3521.93
3521.93
3521.93
3521.93
3521.93
3521.93
3521.93
3521.93
3521.93
3521.93
3520.49
3461.66
3503.81
3516.17
3479.01
3485.67
3518.99
3523.75
3523.23
3522.82
3522.57
3522.38
3522.22
3522.1
3522.01
3521.94
3521.9
3521.86
3521.84
3521.82
3521.81
3521.8
3521.79
3521.79
3521.8
3521.8
3521.81
3521.82
3521.83
3521.85
3521.88
3521.91
3521.95
3522.01
3522.09
3522.19
3522.32
3522.48
3522.66
3522.85
3523.02
3523.13
3523.16
3523.08
3522.87
3522.59
3522.3
3522.06
3521.91
3521.84
3521.82
3521.82
3521.82
3521.82
3521.83
3521.83
3521.83
3521.83
3521.83
3521.84
3521.84
3521.84
3521.84
3521.84
3521.84
3521.84
3521.84
3521.84
3521.84
3521.84
3521.84
3521.84
3521.84
3521.84
3521.84
3521.84
3521.84
3521.84
3521.84
3521.84
3521.84
3521.84
3521.85
3521.85
3521.85
3521.85
3521.85
3521.85
3521.85
3521.85
3521.85
3521.85
3521.85
3521.85
3521.85
3521.85
3521.85
3521.85
3521.85
3521.85
3521.85
3521.85
3521.85
3521.85
3521.85
3521.85
3521.85
3521.85
3521.85
3521.85
3521.85
3521.85
3521.85
3521.85
3521.85
3521.85
3521.85
3521.85
3521.85
3521.85
3521.85
3521.85
3521.85
3521.85
3521.85
3521.85
3521.85
3521.85
3521.85
3521.85
3521.85
3521.85
3521.85
3521.85
3521.85
3521.85
3521.85
3521.85
3521.85
3521.85
3521.85
3521.85
3521.85
3521.85
3521.85
3521.85
3521.85
3521.85
3521.85
3521.85
3521.85
3521.85
3521.85
3521.85
3521.85
3521.84
3521.84
3521.84
3521.84
3521.84
3521.84
3521.84
3521.84
3521.84
3521.84
3521.84
3521.84
3521.84
3521.84
3521.84
3521.84
3521.84
3521.84
3521.84
3521.83
3521.83
3521.83
3521.83
3521.83
3521.83
3521.83
3521.83
3521.83
3521.82
3521.82
3521.82
3521.82
3521.82
3521.82
3521.82
3521.82
3521.81
3521.81
3521.81
3521.81
3521.81
3521.81
3521.81
3521.82
3521.82
3519.65
3350.88
3467.67
3452.63
3629.08
3632.39
3541.16
3513.86
3516.65
3517.84
3518.43
3519.05
3519.72
3520.32
3520.76
3521.09
3521.33
3521.5
3521.64
3521.76
3521.84
3521.91
3521.96
3522
3522.02
3522.05
3522.07
3522.1
3522.14
3522.21
3522.31
3522.46
3522.68
3522.98
3523.4
3523.94
3524.62
3525.44
3526.37
3527.36
3528.27
3528.97
3529.27
3529
3528.12
3526.73
3525.11
3523.63
3522.57
3522
3521.78
3521.72
3521.7
3521.7
3521.71
3521.71
3521.71
3521.71
3521.71
3521.72
3521.72
3521.72
3521.72
3521.72
3521.72
3521.72
3521.72
3521.72
3521.72
3521.72
3521.72
3521.72
3521.72
3521.72
3521.72
3521.72
3521.72
3521.72
3521.72
3521.72
3521.72
3521.72
3521.72
3521.72
3521.72
3521.72
3521.72
3521.72
3521.72
3521.72
3521.72
3521.72
3521.72
3521.72
3521.72
3521.72
3521.72
3521.72
3521.72
3521.72
3521.72
3521.72
3521.72
3521.72
3521.72
3521.72
3521.72
3521.72
3521.72
3521.72
3521.72
3521.72
3521.72
3521.72
3521.72
3521.72
3521.72
3521.72
3521.72
3521.72
3521.72
3521.72
3521.72
3521.72
3521.72
3521.72
3521.72
3521.72
3521.72
3521.72
3521.73
3521.73
3521.73
3521.73
3521.73
3521.73
3521.73
3521.73
3521.72
3521.72
3521.72
3521.72
3521.72
3521.72
3521.72
3521.72
3521.72
3521.72
3521.72
3521.72
3521.72
3521.72
3521.72
3521.72
3521.72
3521.72
3521.72
3521.72
3521.72
3521.72
3521.72
3521.72
3521.72
3521.72
3521.72
3521.72
3521.72
3521.72
3521.72
3521.72
3521.72
3521.72
3521.72
3521.71
3521.71
3521.71
3521.71
3521.71
3521.71
3521.71
3521.71
3521.71
3521.71
3521.71
3521.7
3521.7
3521.7
3521.7
3521.7
3521.7
3521.7
3521.7
3521.7
3521.7
3521.7
3521.7
3521.7
3521.7
3521.7
3521.7
3356.47
3256.19
3386.36
3149.61
3299.69
3432.26
3497.38
3544.07
3533.53
3532.87
3533.79
3532.71
3530.27
3527.83
3525.96
3524.61
3523.65
3522.95
3522.39
3521.94
3521.6
3521.37
3521.26
3521.26
3521.35
3521.53
3521.81
3522.19
3522.67
3523.31
3524.1
3525.08
3526.31
3527.82
3529.7
3532.01
3534.8
3538.07
3541.77
3545.68
3549.45
3552.54
3554.31
3554.07
3551.41
3546.39
3539.78
3532.92
3527.32
3523.85
3522.27
3521.74
3521.61
3521.59
3521.59
3521.59
3521.59
3521.59
3521.59
3521.59
3521.6
3521.6
3521.6
3521.6
3521.6
3521.6
3521.6
3521.6
3521.6
3521.6
3521.6
3521.6
3521.6
3521.6
3521.6
3521.6
3521.6
3521.6
3521.6
3521.6
3521.6
3521.6
3521.6
3521.6
3521.6
3521.6
3521.6
3521.6
3521.6
3521.6
3521.6
3521.6
3521.6
3521.6
3521.6
3521.6
3521.6
3521.6
3521.6
3521.6
3521.6
3521.6
3521.6
3521.6
3521.6
3521.6
3521.6
3521.6
3521.6
3521.6
3521.6
3521.6
3521.6
3521.6
3521.6
3521.6
3521.6
3521.6
3521.6
3521.6
3521.6
3521.6
3521.6
3521.6
3521.6
3521.6
3521.6
3521.6
3521.6
3521.6
3521.6
3521.6
3521.6
3521.6
3521.6
3521.6
3521.6
3521.6
3521.6
3521.6
3521.6
3521.6
3521.6
3521.6
3521.6
3521.6
3521.6
3521.6
3521.6
3521.6
3521.6
3521.6
3521.6
3521.6
3521.6
3521.6
3521.6
3521.6
3521.6
3521.6
3521.6
3521.6
3521.6
3521.6
3521.6
3521.6
3521.6
3521.6
3521.6
3521.6
3521.6
3521.6
3521.6
3521.59
3521.59
3521.59
3521.59
3521.59
3521.59
3521.59
3521.59
3521.59
3521.59
3521.59
3521.59
3521.58
3521.58
3521.58
3521.58
3521.58
3521.58
3521.58
3521.58
3521.58
3521.58
3521.58
3521.58
3521.58
3521.58
3521.59
3226.07
3582.54
3384.37
3991.96
3640.19
3651.79
3656.41
3475.7
3491.27
3491.94
3483.55
3485.24
3493.38
3501.13
3507.12
3511.75
3515.35
3518.24
3520.71
3522.93
3524.97
3526.82
3528.47
3529.91
3531.18
3532.32
3533.38
3534.45
3535.6
3536.93
3538.62
3540.85
3543.84
3547.85
3553.1
3559.82
3568.14
3577.99
3589.15
3601.1
3612.94
3623.37
3630.67
3632.79
3627.96
3615.36
3595.89
3572.67
3550.57
3534.44
3525.87
3522.61
3521.7
3521.5
3521.47
3521.47
3521.47
3521.47
3521.47
3521.47
3521.47
3521.48
3521.48
3521.48
3521.48
3521.48
3521.48
3521.48
3521.48
3521.48
3521.48
3521.48
3521.48
3521.48
3521.48
3521.48
3521.48
3521.48
3521.48
3521.48
3521.48
3521.48
3521.48
3521.48
3521.48
3521.48
3521.48
3521.48
3521.48
3521.48
3521.48
3521.48
3521.48
3521.48
3521.48
3521.48
3521.48
3521.48
3521.48
3521.48
3521.48
3521.48
3521.48
3521.48
3521.48
3521.48
3521.48
3521.48
3521.48
3521.48
3521.48
3521.48
3521.48
3521.48
3521.48
3521.48
3521.48
3521.48
3521.48
3521.48
3521.48
3521.48
3521.48
3521.48
3521.48
3521.48
3521.48
3521.48
3521.48
3521.48
3521.48
3521.48
3521.48
3521.48
3521.48
3521.48
3521.48
3521.48
3521.48
3521.48
3521.48
3521.48
3521.48
3521.48
3521.48
3521.48
3521.48
3521.48
3521.48
3521.48
3521.48
3521.48
3521.48
3521.48
3521.48
3521.48
3521.48
3521.48
3521.48
3521.48
3521.48
3521.48
3521.48
3521.48
3521.48
3521.48
3521.48
3521.48
3521.48
3521.48
3521.48
3521.48
3521.47
3521.47
3521.47
3521.47
3521.47
3521.47
3521.47
3521.47
3521.47
3521.47
3521.47
3521.47
3521.47
3521.47
3521.47
3521.46
3521.46
3521.46
3521.46
3521.46
3521.46
3521.46
3521.46
3521.46
3521.46
3521.47
3521.47
3521.47
3653.9
3456.51
3427.51
3261.7
3258.6
3189.04
3295.69
3469.61
3519.57
3481.26
3592.42
3598.29
3591.72
3585.46
3579.73
3574.18
3568.68
3563.23
3557.89
3552.8
3548.25
3544.64
3542.26
3541.11
3540.85
3541.28
3542.43
3544.48
3547.72
3552.49
3559.09
3567.77
3578.76
3592.25
3608.33
3627.09
3648.48
3672.32
3698.21
3725.48
3753.08
3779.22
3801.09
3814.37
3813.69
3794.39
3754.99
3698.79
3635.06
3579.08
3543.56
3527.8
3522.8
3521.61
3521.39
3521.35
3521.35
3521.35
3521.35
3521.35
3521.35
3521.35
3521.36
3521.36
3521.36
3521.36
3521.36
3521.36
3521.36
3521.36
3521.36
3521.36
3521.36
3521.36
3521.36
3521.36
3521.36
3521.36
3521.36
3521.36
3521.36
3521.36
3521.36
3521.36
3521.36
3521.36
3521.36
3521.36
3521.36
3521.36
3521.36
3521.36
3521.36
3521.36
3521.36
3521.36
3521.36
3521.36
3521.36
3521.36
3521.36
3521.36
3521.36
3521.36
3521.36
3521.36
3521.36
3521.36
3521.36
3521.36
3521.36
3521.36
3521.36
3521.36
3521.36
3521.36
3521.36
3521.36
3521.36
3521.36
3521.36
3521.36
3521.36
3521.36
3521.36
3521.36
3521.36
3521.36
3521.36
3521.36
3521.36
3521.36
3521.36
3521.36
3521.36
3521.36
3521.36
3521.36
3521.36
3521.36
3521.36
3521.36
3521.36
3521.36
3521.36
3521.36
3521.36
3521.36
3521.36
3521.36
3521.36
3521.36
3521.36
3521.36
3521.36
3521.36
3521.36
3521.36
3521.36
3521.36
3521.36
3521.36
3521.36
3521.36
3521.36
3521.36
3521.36
3521.36
3521.36
3521.36
3521.36
3521.35
3521.35
3521.35
3521.35
3521.35
3521.35
3521.35
3521.35
3521.35
3521.35
3521.35
3521.35
3521.35
3521.35
3521.35
3521.35
3521.35
3521.35
3521.35
3521.34
3521.34
3521.34
3521.34
3521.34
3521.35
3521.35
3521.35
3521.35
3521.36
4758.12
4657.09
4691.94
4691.65
4641.43
4654.5
4444.38
4004.81
3462.83
3278.41
3442.47
3524.68
3539.75
3543.87
3547.95
3551.51
3553.04
3552.76
3553.07
3557.22
3567.44
3583.08
3600.58
3616.12
3628.2
3637.54
3645.57
3653.43
3661.9
3671.45
3682.39
3694.88
3709.15
3725.54
3744.4
3766.14
3791.15
3819.63
3851.92
3888.45
3930.01
3977.38
4029.4
4079.8
4114.66
4116.78
4075.62
3989.49
3862.39
3719.83
3608.54
3549.86
3528.37
3522.63
3521.45
3521.26
3521.23
3521.23
3521.23
3521.23
3521.23
3521.23
3521.23
3521.23
3521.24
3521.24
3521.24
3521.24
3521.24
3521.24
3521.24
3521.24
3521.24
3521.24
3521.24
3521.24
3521.24
3521.24
3521.24
3521.24
3521.24
3521.24
3521.24
3521.24
3521.24
3521.24
3521.24
3521.24
3521.24
3521.24
3521.24
3521.24
3521.24
3521.24
3521.24
3521.24
3521.24
3521.24
3521.24
3521.24
3521.24
3521.24
3521.24
3521.24
3521.24
3521.24
3521.24
3521.24
3521.24
3521.24
3521.24
3521.24
3521.24
3521.24
3521.24
3521.24
3521.24
3521.24
3521.24
3521.24
3521.24
3521.24
3521.24
3521.24
3521.24
3521.24
3521.24
3521.24
3521.24
3521.24
3521.24
3521.24
3521.24
3521.24
3521.24
3521.24
3521.24
3521.24
3521.24
3521.24
3521.24
3521.24
3521.24
3521.24
3521.24
3521.24
3521.24
3521.24
3521.24
3521.24
3521.24
3521.24
3521.24
3521.24
3521.24
3521.24
3521.24
3521.24
3521.24
3521.24
3521.24
3521.24
3521.24
3521.24
3521.24
3521.24
3521.24
3521.24
3521.24
3521.24
3521.23
3521.23
3521.23
3521.23
3521.23
3521.23
3521.23
3521.23
3521.23
3521.23
3521.23
3521.23
3521.23
3521.23
3521.23
3521.23
3521.23
3521.23
3521.23
3521.23
3521.23
3521.23
3521.23
3521.23
3521.23
3521.23
3521.23
3521.23
3521.23
3521.24
4716.12
4694.48
4713.9
4700.15
4707.76
4710.3
4685.16
4650.81
4459.02
4448.88
4426.23
4417.99
4409.56
4397.92
4386.99
4377.27
4366.29
4355.03
4340.18
4304.05
4232.95
4138.85
4045.57
3966.57
3903.06
3852.93
3814.76
3786.2
3765.18
3751.28
3744.92
3746.71
3756.5
3773.53
3796.85
3825.44
3858.2
3893.7
3930.75
3968.87
4008.32
4048.86
4086.31
4114.22
4139.42
4194.85
4294.49
4360.17
4275.14
4038.97
3783.85
3619.37
3548.6
3527.02
3522.12
3521.25
3521.13
3521.11
3521.11
3521.11
3521.11
3521.11
3521.11
3521.11
3521.11
3521.11
3521.11
3521.11
3521.11
3521.11
3521.11
3521.11
3521.11
3521.11
3521.11
3521.11
3521.11
3521.11
3521.11
3521.11
3521.11
3521.11
3521.11
3521.11
3521.11
3521.11
3521.11
3521.11
3521.11
3521.11
3521.11
3521.11
3521.11
3521.11
3521.11
3521.11
3521.11
3521.11
3521.11
3521.11
3521.11
3521.11
3521.11
3521.12
3521.12
3521.12
3521.12
3521.12
3521.12
3521.12
3521.12
3521.12
3521.12
3521.12
3521.12
3521.12
3521.12
3521.12
3521.12
3521.12
3521.12
3521.12
3521.12
3521.12
3521.12
3521.12
3521.12
3521.12
3521.12
3521.12
3521.12
3521.12
3521.12
3521.12
3521.12
3521.12
3521.12
3521.12
3521.12
3521.12
3521.12
3521.12
3521.12
3521.12
3521.12
3521.12
3521.12
3521.12
3521.12
3521.12
3521.12
3521.12
3521.12
3521.12
3521.12
3521.12
3521.12
3521.12
3521.12
3521.12
3521.12
3521.12
3521.12
3521.12
3521.12
3521.12
3521.12
3521.12
3521.11
3521.11
3521.11
3521.11
3521.11
3521.11
3521.11
3521.11
3521.11
3521.11
3521.11
3521.11
3521.11
3521.11
3521.11
3521.11
3521.11
3521.11
3521.11
3521.11
3521.11
3521.11
3521.11
3521.11
3521.11
3521.11
3521.11
3521.11
3521.11
3521.11
3521.11
3521.12
4712.47
4695.72
4709.33
4700.74
4704.02
4708.56
4700.96
4709.72
4687.59
4678.72
4673.69
4669.95
4666.84
4664.22
4661.41
4658.29
4655.2
4650.94
4643.86
4633.05
4617.24
4596.02
4573.17
4554.62
4542.27
4534.13
4528.87
4525
4518.89
4506.5
4485.69
4458.32
4429.1
4402.93
4383.66
4373.94
4374.67
4384.46
4400.7
4422.24
4451.25
4490.12
4531.91
4556.81
4550.54
4534.71
4560.05
4634.98
4649.96
4451.47
4087.27
3770.58
3601.44
3540.21
3524.5
3521.5
3521.06
3521
3521
3521
3521
3521
3521
3521
3521
3521
3521
3521
3520.99
3520.99
3520.99
3520.99
3520.99
3520.99
3520.99
3520.99
3520.99
3520.99
3520.99
3520.99
3520.99
3520.99
3520.99
3520.99
3520.99
3520.99
3520.99
3520.99
3520.99
3520.99
3520.99
3520.99
3520.99
3520.99
3520.99
3520.99
3520.99
3520.99
3520.99
3520.99
3520.99
3520.99
3520.99
3520.99
3520.99
3520.99
3520.99
3520.99
3520.99
3520.99
3520.99
3520.99
3520.99
3520.99
3520.99
3520.99
3520.99
3521
3521
3521
3521
3521
3521
3521
3521
3521
3521
3521
3521
3521
3521
3521
3521
3521
3521
3521
3521
3521
3521
3521
3521
3521
3521
3521
3521
3521
3521
3521
3521
3521
3521
3521
3521
3521
3521
3521
3521
3521
3521
3521
3521
3521
3521
3521
3521
3521
3521
3521
3521
3521
3521
3521
3521
3521
3521
3521
3521
3520.99
3520.99
3520.99
3520.99
3520.99
3520.99
3520.99
3520.99
3520.99
3520.99
3520.99
3520.99
3520.99
3520.99
3520.99
3520.99
3520.99
3520.99
3520.99
3520.99
3520.99
3521
3521
4706.07
4703.79
4705.23
4704.56
4704.4
4705.47
4704.43
4705.55
4704.81
4704.14
4703.74
4703.45
4703.15
4702.87
4702.55
4702.16
4701.73
4701.18
4700.34
4699.15
4697.46
4695.08
4692.43
4690.14
4688.46
4687.17
4685.91
4684.45
4682.46
4679.58
4675.56
4670.88
4666.58
4663.43
4661.65
4661.69
4664.59
4670.78
4678.71
4685.24
4688.42
4689.6
4692.37
4699.92
4713.09
4731.92
4756.28
4771.1
4725.13
4552.1
4247.83
3914.64
3676.25
3564.07
3529.36
3522.11
3521.03
3520.91
3520.89
3520.89
3520.89
3520.89
3520.89
3520.89
3520.89
3520.89
3520.89
3520.89
3520.89
3520.89
3520.89
3520.89
3520.89
3520.89
3520.89
3520.89
3520.89
3520.89
3520.89
3520.89
3520.89
3520.89
3520.89
3520.89
3520.89
3520.89
3520.89
3520.89
3520.89
3520.89
3520.89
3520.89
3520.89
3520.89
3520.89
3520.89
3520.89
3520.89
3520.89
3520.89
3520.89
3520.89
3520.89
3520.89
3520.89
3520.89
3520.89
3520.89
3520.89
3520.89
3520.89
3520.89
3520.89
3520.89
3520.89
3520.89
3520.89
3520.89
3520.89
3520.89
3520.89
3520.89
3520.89
3520.89
3520.89
3520.89
3520.89
3520.89
3520.89
3520.89
3520.89
3520.89
3520.89
3520.89
3520.89
3520.89
3520.89
3520.89
3520.89
3520.89
3520.89
3520.89
3520.89
3520.89
3520.89
3520.89
3520.89
3520.89
3520.89
3520.89
3520.89
3520.89
3520.89
3520.89
3520.89
3520.89
3520.89
3520.89
3520.89
3520.89
3520.89
3520.89
3520.89
3520.89
3520.89
3520.89
3520.89
3520.89
3520.89
3520.89
3520.89
3520.89
3520.89
3520.89
3520.89
3520.89
3520.89
3520.89
3520.89
3520.89
3520.89
3520.89
3520.89
3520.89
3520.89
3520.89
3520.89
3520.89
3520.89
3520.89
3520.89
3520.89
3520.89
3520.89
3520.89
3520.89
3520.89
3520.89
3520.89
3520.89
)
;

boundaryField
{
    inletTop
    {
        type            calculated;
        value           uniform 4704.92;
    }
    inletBottom
    {
        type            calculated;
        value           uniform 3525.69;
    }
    outletTop
    {
        type            calculated;
        value           nonuniform List<scalar> 4(3521.24 3521.12 3521 3520.89);
    }
    walls
    {
        type            calculated;
        value           nonuniform List<scalar> 
464
(
3653.9
3226.07
3356.47
3519.65
3520.49
3521.83
3522.14
3522.22
3522.35
3522.48
3522.6
3522.72
3522.85
3522.97
3523.09
3523.22
3523.34
3523.46
3523.58
3523.7
3523.82
3523.94
3524.06
3524.18
3524.31
3524.38
3524.57
3524.6
3524.77
3524.86
3525
3525.12
3520.89
3520.89
3520.89
3520.89
3520.89
3520.89
3520.89
3520.89
3520.89
3520.89
3520.89
3520.89
3520.89
3520.89
3520.89
3520.89
3520.89
3520.89
3520.89
3520.89
3520.89
3520.89
3520.89
3520.89
3520.89
3520.89
3520.89
3520.89
3520.89
3520.89
3520.89
3520.89
3520.89
3520.89
3520.89
3520.89
3520.89
3520.89
3520.89
3520.89
3520.89
3520.89
3520.89
3520.89
3520.89
3520.89
3520.89
3520.89
3520.89
3520.89
3520.89
3520.89
3520.89
3520.89
3520.89
3520.89
3520.89
3520.89
3520.89
3520.89
3520.89
3520.89
3520.89
3520.89
3520.89
3520.89
3520.89
3520.89
3520.89
3520.89
3520.89
3520.89
3520.89
3520.89
3520.89
3520.89
3520.89
3520.89
3520.89
3520.89
3520.89
3520.89
3520.89
3520.89
3520.89
3520.89
3520.89
3520.89
3520.89
3520.89
3520.89
3520.89
3520.89
3520.89
3520.89
3520.89
3520.89
3520.89
3520.89
3520.89
3520.89
3520.89
3520.89
3520.89
3520.89
3520.89
3520.89
3520.89
3520.89
3520.89
3520.89
3520.89
3520.89
3520.89
3520.89
3520.89
3520.89
3520.89
3520.89
3520.89
3520.89
3520.89
3520.89
3520.89
3520.89
3520.89
3520.89
3520.89
3520.89
3520.89
3520.89
3520.89
3520.89
3520.89
3520.89
3520.89
3520.89
3520.89
3520.89
3520.89
3520.89
3520.89
3520.91
3521.03
3522.11
3529.36
3564.07
3676.25
3914.64
4247.83
4552.1
4725.13
4771.1
4756.28
4731.92
4713.09
4699.92
4692.37
4689.6
4688.42
4685.24
4678.71
4670.78
4664.59
4661.69
4661.65
4663.43
4666.58
4670.88
4675.56
4679.58
4682.46
4684.45
4685.91
4687.17
4688.46
4690.14
4692.43
4695.08
4697.46
4699.15
4700.34
4701.18
4701.73
4702.16
4702.55
4702.87
4703.15
4703.45
4703.74
4704.14
4704.81
4705.55
4704.43
4705.47
4704.4
4704.56
4705.23
4703.79
4706.07
3525.68
3525.69
3525.69
3525.68
3525.69
3525.68
3525.68
3525.69
3525.67
3525.68
3525.68
3525.64
3525.66
3525.65
3525.56
3525.49
3525.52
3525.56
3525.6
3525.61
3525.62
3525.62
3525.62
3525.62
3525.62
3525.62
3525.62
3525.62
3525.62
3525.61
3525.61
3525.61
3525.61
3525.61
3525.61
3525.61
3525.61
3525.61
3525.61
3525.61
3525.61
3525.61
3525.61
3525.61
3525.61
3525.61
3525.61
3525.61
3525.61
3525.61
3525.61
3525.61
3525.61
3525.61
3525.61
3525.61
3525.61
3525.61
3525.61
3525.61
3525.61
3525.61
3525.61
3525.61
3525.61
3525.61
3525.61
3525.61
3525.61
3525.61
3525.61
3525.61
3525.61
3525.61
3525.61
3525.61
3525.61
3525.61
3525.61
3525.61
3525.61
3525.61
3525.61
3525.61
3525.61
3525.61
3525.61
3525.61
3525.61
3525.61
3525.61
3525.61
3525.61
3525.61
3525.61
3525.61
3525.61
3525.61
3525.61
3525.61
3525.61
3525.61
3525.61
3525.61
3525.61
3525.61
3525.61
3525.61
3525.61
3525.61
3525.61
3525.61
3525.61
3525.61
3525.61
3525.61
3525.61
3525.61
3525.61
3525.61
3525.61
3525.61
3525.61
3525.61
3525.61
3525.61
3525.61
3525.61
3525.61
3525.61
3525.61
3525.61
3525.61
3525.61
3525.61
3525.61
3525.61
3525.61
3525.61
3525.61
3525.61
3525.61
3525.61
3525.61
3525.61
3525.61
3525.61
3525.61
3525.61
3525.61
3525.61
3525.61
3525.61
3525.61
3525.61
3525.61
3525.61
3525.61
3525.61
3525.61
3525.61
3525.61
3525.61
3525.61
3525.61
3525.61
3525.61
3525.61
3525.61
3525.61
3525.61
3525.61
3525.61
3525.61
3525.61
3525.61
3525.61
3525.61
3525.61
3525.61
3525.61
3525.6
3525.62
3525.59
3525.64
3525.57
3525.65
3525.56
3525.66
3525.55
3525.66
3525.55
3525.66
3525.55
3525.65
3525.55
3525.63
3525.56
3525.6
3525.55
3524.86
3524.75
3524.65
3524.53
3524.43
3524.31
3524.21
3524.1
3523.99
3523.88
3523.77
3523.65
3523.54
3523.43
3523.32
3523.2
3523.09
3522.97
3522.86
3522.74
3522.63
3522.51
3522.4
3522.28
3522.17
3522.05
3521.93
3521.82
3521.7
3521.59
3521.47
3521.36
)
;
    }
    front
    {
        type            empty;
    }
    back
    {
        type            empty;
    }
    outletBottom
    {
        type            calculated;
        value           nonuniform List<scalar> 4(3525.55 3525.32 3525.1 3524.96);
    }
}


// ************************************************************************* //
