/*--------------------------------*- C++ -*----------------------------------*\
  =========                 |
  \\      /  F ield         | OpenFOAM: The Open Source CFD Toolbox
   \\    /   O peration     | Website:  https://openfoam.org
    \\  /    A nd           | Version:  dev
     \\/     M anipulation  |
\*---------------------------------------------------------------------------*/
FoamFile
{
    version     2.0;
    format      ascii;
    class       volScalarField;
    location    "8";
    object      T;
}
// * * * * * * * * * * * * * * * * * * * * * * * * * * * * * * * * * * * * * //

dimensions      [0 0 0 1 0 0 0];

internalField   nonuniform List<scalar> 
8000
(
300
300
300
300
300
300
300
300
300
300
300
300
300
300
300
300
300
300
300
300
300
300
300
300
300
300
299.999
300
300
300
299.999
299.999
299.999
300
299.999
299.999
299.999
299.999
299.999
299.998
299.999
299.999
299.999
299.998
300
299.999
299.999
299.998
300
299.999
299.999
299.998
300
299.999
299.999
299.998
300
299.999
299.999
299.998
300
299.999
299.999
299.998
300
299.999
299.999
299.998
300
299.999
299.999
299.998
300
299.999
299.999
299.998
300
299.999
299.999
299.998
300
299.999
299.999
299.998
300
299.999
299.999
299.998
300
299.999
299.999
299.998
300
299.999
299.999
299.998
300
299.999
299.999
299.998
300
299.999
299.999
299.998
300
299.999
299.999
299.998
300
299.999
299.999
299.998
300
299.999
299.999
299.998
300
299.999
299.999
299.998
300
299.999
299.999
299.998
300
299.999
299.999
299.998
300
299.999
299.999
299.998
300
299.999
299.999
299.998
300
299.999
299.999
299.998
300
299.999
299.999
299.998
300
299.999
299.999
299.998
300
299.999
299.999
299.998
300
299.999
299.999
299.998
300
299.999
299.999
299.998
300
299.999
299.999
299.998
300
299.999
299.999
299.998
300
299.999
299.999
299.998
300
299.999
299.999
299.998
300
299.999
299.999
299.998
300
299.999
299.999
299.998
300
299.999
299.999
299.998
300
299.999
299.999
299.998
300
299.999
299.999
299.998
300
299.999
299.999
299.998
300
299.999
299.999
299.998
300
299.999
299.999
299.998
300
299.999
299.999
299.998
300
299.999
299.999
299.998
300
299.999
299.999
299.998
300
299.999
299.999
299.998
300
299.999
299.999
299.998
300
299.999
299.999
299.998
300
299.999
299.999
299.998
300
299.999
299.999
299.998
300
299.999
299.999
299.998
300
299.999
299.999
299.998
300
299.999
299.999
299.998
300
299.999
299.999
299.998
300
299.999
299.999
299.998
300
299.999
299.999
299.998
300
299.999
299.999
299.998
300
299.999
299.999
299.998
300
299.999
299.999
299.998
300
299.999
299.999
299.998
300
299.999
299.999
299.998
300
299.999
299.999
299.998
300
299.999
299.999
299.998
300
299.999
299.999
299.998
300
299.999
299.999
299.998
300
299.999
299.999
299.998
300
299.999
299.999
299.998
300
299.999
299.999
299.998
300
299.999
299.999
299.998
300
299.999
299.999
299.998
300
299.999
299.999
299.998
300
299.999
299.999
299.998
300
299.999
299.999
299.998
300
299.999
299.999
299.998
300
299.999
299.999
299.998
300
299.999
299.999
299.998
300
299.999
299.999
299.998
300
299.999
299.999
299.998
300
299.999
299.999
299.998
300
299.999
299.999
299.998
300
299.999
299.999
299.998
300
299.999
299.999
299.998
300
299.999
299.999
299.998
300
299.999
299.999
299.998
300
299.999
299.999
299.998
300
299.999
299.999
299.998
300
299.999
299.999
299.998
300
299.999
299.999
299.998
300
299.999
299.999
299.998
300
299.999
299.999
299.998
300
299.999
299.999
299.998
300
299.999
299.999
299.998
300
299.999
299.999
299.998
300
299.999
299.999
299.998
300
299.999
299.999
299.998
300
299.999
299.999
299.998
300
299.999
299.999
299.998
300
299.999
299.999
299.998
300
299.999
299.999
299.998
300
299.999
299.999
299.998
300
299.999
299.999
299.998
300
299.999
299.999
299.998
300
299.999
299.999
299.998
300
299.999
299.999
299.998
300
299.999
299.999
299.998
300
299.999
299.999
299.998
300
299.999
299.999
299.998
300
299.999
299.999
299.998
300
299.999
299.999
299.998
300
299.999
299.999
299.998
300
299.999
299.999
299.998
300
299.999
299.999
299.998
300
299.999
299.999
299.998
300
299.999
299.999
299.998
300
299.999
299.999
299.998
300
299.999
299.999
299.998
300
299.999
299.999
299.998
300
299.999
299.999
299.998
300
299.999
299.999
299.998
300
299.999
299.999
299.998
300
299.999
299.999
299.998
300
299.999
299.999
299.998
300
299.999
299.999
299.998
300
299.999
299.999
299.998
300
299.999
299.999
299.998
300
299.999
299.999
299.998
300
299.999
299.999
299.998
300
299.999
299.999
299.998
300
299.999
299.999
299.998
300
299.999
299.999
299.998
300
299.999
299.999
299.998
300
299.999
299.999
299.998
300
299.999
299.999
299.998
300
299.999
299.999
299.998
300
299.999
299.999
299.998
300
299.999
299.999
299.998
300
299.999
299.999
299.998
300
299.999
299.999
299.998
300
299.999
299.999
299.998
300
299.999
299.999
299.998
300
299.999
299.999
299.998
300
299.999
299.999
299.998
300
299.999
299.999
299.998
300
299.999
299.999
299.998
300
299.999
299.999
299.998
300
299.999
299.999
299.998
300
299.999
299.999
299.998
300
299.999
299.999
299.998
300
299.999
299.999
299.998
300
299.999
299.999
299.998
300
299.999
299.999
299.998
300
299.999
299.999
299.998
300
299.999
299.999
299.998
300
299.999
299.999
299.998
300
299.999
299.999
299.998
300
299.999
299.999
299.998
300
299.999
299.999
299.998
300
299.999
299.999
299.998
300
299.999
299.999
299.998
300
299.999
299.999
299.998
300
299.999
299.999
299.998
300
299.999
299.999
299.998
300
299.999
299.999
299.998
300
299.999
299.999
299.998
300
299.999
299.999
299.998
300
299.999
299.999
299.998
300
299.999
299.999
299.998
300
299.999
299.999
299.998
300
299.999
299.999
299.998
300
299.999
299.999
299.998
300
299.999
299.999
299.998
300
299.999
299.999
299.998
300
299.999
299.999
299.998
300
299.999
299.999
299.998
300
299.999
299.999
299.998
300
299.999
299.998
299.998
300
299.999
299.998
299.998
300
299.999
299.998
299.998
300
299.999
299.998
299.998
300
299.999
299.998
299.998
300
299.999
299.998
299.998
300
299.999
299.998
299.998
300
299.999
299.998
299.998
300
299.999
299.998
299.998
300
299.999
299.998
299.998
300
299.999
299.998
299.998
300
299.999
299.998
299.997
300
299.999
299.998
299.997
300
299.999
299.998
299.997
299.999
299.999
299.998
299.997
299.997
299.997
299.998
299.998
299.998
299.999
300
299.999
299.999
299.998
299.998
299.998
299.998
299.998
299.997
299.997
299.997
299.997
299.997
299.997
299.997
299.997
299.997
299.997
299.997
299.997
299.997
299.997
299.997
299.997
299.997
299.997
299.997
299.997
299.997
299.997
299.997
299.997
299.997
299.997
299.997
299.997
299.997
299.997
299.997
299.997
299.997
299.997
299.997
299.997
299.997
299.997
299.997
299.997
299.997
299.997
299.997
299.997
299.997
299.997
299.997
299.997
299.997
299.997
299.997
299.997
299.997
299.997
299.997
299.997
299.997
299.997
299.997
299.997
299.997
299.997
299.997
299.997
299.997
299.997
299.997
299.997
299.997
299.997
299.997
299.997
299.997
299.997
299.997
299.997
299.997
299.997
299.997
299.997
299.997
299.997
299.997
299.997
299.997
299.997
299.997
299.997
299.997
299.997
299.997
299.997
299.997
299.997
299.997
299.997
299.997
299.997
299.997
299.997
299.997
299.997
299.997
299.997
299.997
299.997
299.997
299.997
299.997
299.997
299.997
299.997
299.997
299.997
299.997
299.997
299.997
299.997
299.997
299.997
299.997
299.997
299.997
299.997
299.997
299.997
299.997
299.997
299.997
299.997
299.997
299.997
299.997
299.997
299.997
299.997
299.997
299.997
299.997
299.997
299.997
299.997
299.997
299.997
299.997
299.997
299.997
299.997
299.997
299.997
299.997
299.997
299.997
299.997
299.997
299.997
299.997
299.997
299.997
299.997
299.997
299.997
299.997
299.997
299.997
299.997
299.997
299.997
299.997
299.997
299.997
299.997
299.997
299.997
299.997
299.997
299.997
299.997
299.997
299.997
299.997
299.997
299.997
299.997
299.997
299.997
299.997
299.997
299.997
299.998
299.999
299.999
300
299.999
299.998
299.997
299.997
299.997
299.997
299.997
299.997
299.997
299.997
299.997
299.997
299.997
299.997
299.997
299.997
299.997
299.997
299.997
299.997
299.997
299.997
299.997
299.997
299.997
299.997
299.997
299.997
299.997
299.997
299.997
299.997
299.997
299.997
299.997
299.997
299.997
299.997
299.997
299.997
299.997
299.997
299.997
299.997
299.997
299.997
299.997
299.997
299.997
299.997
299.997
299.997
299.997
299.997
299.997
299.997
299.997
299.997
299.997
299.997
299.997
299.997
299.997
299.997
299.997
299.997
299.997
299.997
299.997
299.997
299.997
299.997
299.997
299.997
299.997
299.997
299.997
299.997
299.997
299.997
299.997
299.997
299.997
299.997
299.997
299.997
299.997
299.997
299.997
299.997
299.997
299.997
299.997
299.997
299.997
299.997
299.997
299.997
299.997
299.997
299.997
299.997
299.997
299.997
299.997
299.997
299.997
299.997
299.997
299.997
299.997
299.997
299.997
299.997
299.997
299.997
299.997
299.997
299.997
299.997
299.997
299.997
299.997
299.997
299.997
299.997
299.997
299.997
299.997
299.997
299.997
299.997
299.997
299.997
299.997
299.997
299.997
299.997
299.997
299.997
299.997
299.997
299.997
299.997
299.997
299.997
299.997
299.997
299.997
299.997
299.997
299.997
299.997
299.997
299.997
299.997
299.997
299.997
299.997
299.997
299.997
299.997
299.997
299.997
299.997
299.997
299.997
299.997
299.997
299.997
299.997
299.997
299.997
299.997
299.997
299.997
299.997
299.997
299.997
299.997
299.997
299.997
299.997
299.997
299.997
299.996
299.996
299.996
299.996
299.996
299.996
299.996
299.996
299.996
299.996
299.997
299.998
299.998
299.998
299.998
299.997
299.997
299.997
299.996
299.996
299.996
299.996
299.996
299.996
299.996
299.996
299.996
299.996
299.996
299.996
299.996
299.996
299.996
299.996
299.996
299.996
299.996
299.996
299.996
299.996
299.996
299.996
299.996
299.996
299.996
299.996
299.996
299.996
299.996
299.996
299.996
299.996
299.996
299.996
299.996
299.996
299.996
299.996
299.996
299.996
299.996
299.996
299.996
299.996
299.996
299.996
299.996
299.996
299.996
299.996
299.996
299.996
299.996
299.996
299.996
299.996
299.996
299.996
299.996
299.996
299.996
299.996
299.996
299.996
299.996
299.996
299.996
299.996
299.996
299.996
299.996
299.996
299.996
299.996
299.996
299.996
299.996
299.996
299.996
299.996
299.996
299.996
299.996
299.996
299.996
299.996
299.996
299.996
299.996
299.996
299.996
299.996
299.996
299.996
299.996
299.996
299.996
299.996
299.996
299.996
299.996
299.996
299.996
299.996
299.996
299.996
299.996
299.996
299.996
299.996
299.996
299.996
299.996
299.996
299.996
299.996
299.996
299.996
299.996
299.996
299.996
299.996
299.996
299.996
299.996
299.996
299.996
299.996
299.996
299.996
299.996
299.996
299.996
299.996
299.996
299.996
299.996
299.996
299.996
299.996
299.996
299.996
299.996
299.996
299.996
299.996
299.996
299.996
299.996
299.996
299.996
299.996
299.996
299.996
299.996
299.996
299.996
299.996
299.996
299.996
299.996
299.996
299.996
299.996
299.996
299.996
299.996
299.996
299.996
299.996
299.996
299.996
299.996
299.996
299.996
299.996
299.996
299.996
299.996
299.996
299.996
299.996
299.996
299.996
299.996
299.996
299.995
299.995
299.996
299.996
299.996
299.996
299.997
299.997
299.997
299.996
299.996
299.996
299.996
299.996
299.996
299.996
299.996
299.996
299.996
299.996
299.996
299.996
299.996
299.996
299.996
299.996
299.996
299.996
299.996
299.996
299.996
299.996
299.996
299.996
299.996
299.996
299.996
299.996
299.996
299.996
299.996
299.996
299.996
299.996
299.996
299.996
299.996
299.996
299.996
299.996
299.996
299.996
299.996
299.996
299.996
299.996
299.996
299.996
299.996
299.996
299.996
299.996
299.996
299.996
299.996
299.996
299.996
299.996
299.996
299.996
299.996
299.996
299.996
299.996
299.996
299.996
299.996
299.996
299.996
299.996
299.996
299.996
299.996
299.996
299.996
299.996
299.996
299.996
299.996
299.996
299.996
299.996
299.996
299.996
299.996
299.996
299.996
299.996
299.996
299.996
299.996
299.996
299.996
299.996
299.996
299.996
299.996
299.996
299.996
299.996
299.996
299.996
299.996
299.996
299.996
299.996
299.996
299.996
299.996
299.996
299.996
299.996
299.996
299.996
299.996
299.996
299.996
299.996
299.996
299.996
299.996
299.996
299.996
299.996
299.996
299.996
299.996
299.996
299.996
299.996
299.996
299.996
299.996
299.996
299.996
299.996
299.996
299.996
299.996
299.996
299.996
299.996
299.996
299.996
299.996
299.996
299.996
299.996
299.996
299.996
299.996
299.996
299.996
299.996
299.996
299.996
299.996
299.996
299.996
299.996
299.996
299.996
299.996
299.996
299.996
299.996
299.996
299.996
299.996
299.996
299.996
299.996
299.996
299.996
299.996
299.995
299.995
299.995
299.995
299.995
299.995
299.995
299.995
299.995
299.995
299.995
299.995
299.995
299.995
299.995
299.995
299.995
299.995
299.995
299.995
299.996
299.996
299.996
299.996
299.995
299.995
299.995
299.995
299.995
299.995
299.995
299.995
299.995
299.995
299.995
299.995
299.995
299.995
299.995
299.995
299.995
299.995
299.995
299.995
299.995
299.995
299.995
299.995
299.995
299.995
299.995
299.995
299.995
299.995
299.995
299.995
299.995
299.995
299.995
299.995
299.995
299.995
299.995
299.995
299.995
299.995
299.995
299.995
299.995
299.995
299.995
299.995
299.995
299.995
299.995
299.995
299.995
299.995
299.995
299.995
299.995
299.995
299.995
299.995
299.995
299.995
299.995
299.995
299.995
299.995
299.995
299.995
299.995
299.995
299.995
299.995
299.995
299.995
299.995
299.995
299.995
299.995
299.995
299.995
299.995
299.995
299.995
299.995
299.995
299.995
299.995
299.995
299.995
299.995
299.995
299.995
299.995
299.995
299.995
299.995
299.995
299.995
299.995
299.995
299.995
299.995
299.995
299.995
299.995
299.995
299.995
299.995
299.995
299.995
299.995
299.995
299.995
299.995
299.995
299.995
299.995
299.995
299.995
299.995
299.995
299.995
299.995
299.995
299.995
299.995
299.995
299.995
299.995
299.995
299.995
299.995
299.995
299.995
299.995
299.995
299.995
299.995
299.995
299.995
299.995
299.995
299.995
299.995
299.995
299.995
299.995
299.995
299.995
299.995
299.995
299.995
299.995
299.995
299.995
299.995
299.995
299.995
299.995
299.995
299.995
299.995
299.995
299.995
299.995
299.995
299.995
299.995
299.995
299.995
299.995
299.995
299.995
299.995
299.995
299.995
299.995
299.995
299.995
299.995
299.995
299.995
299.995
299.995
299.995
299.995
299.995
299.995
299.995
299.994
299.994
299.994
299.994
299.995
299.995
299.995
299.995
299.995
299.995
299.995
299.995
299.995
299.995
299.995
299.995
299.995
299.995
299.995
299.995
299.995
299.995
299.995
299.994
299.994
299.994
299.994
299.994
299.994
299.994
299.994
299.994
299.994
299.994
299.994
299.994
299.994
299.994
299.994
299.994
299.994
299.994
299.994
299.994
299.994
299.994
299.994
299.994
299.994
299.994
299.994
299.994
299.994
299.994
299.994
299.994
299.994
299.994
299.994
299.994
299.994
299.994
299.994
299.994
299.994
299.994
299.994
299.994
299.994
299.994
299.994
299.994
299.994
299.994
299.994
299.994
299.994
299.994
299.994
299.994
299.994
299.994
299.994
299.994
299.994
299.994
299.994
299.994
299.994
299.994
299.994
299.994
299.994
299.994
299.994
299.994
299.994
299.994
299.994
299.994
299.994
299.994
299.994
299.994
299.994
299.994
299.994
299.994
299.994
299.994
299.994
299.994
299.994
299.994
299.994
299.994
299.994
299.994
299.994
299.994
299.994
299.994
299.994
299.994
299.994
299.994
299.994
299.994
299.994
299.994
299.994
299.994
299.994
299.994
299.994
299.994
299.994
299.994
299.994
299.994
299.994
299.994
299.994
299.994
299.994
299.994
299.994
299.994
299.994
299.994
299.994
299.994
299.994
299.994
299.994
299.994
299.994
299.994
299.994
299.994
299.994
299.994
299.994
299.994
299.994
299.994
299.994
299.994
299.994
299.994
299.994
299.994
299.994
299.994
299.994
299.994
299.994
299.994
299.994
299.994
299.994
299.994
299.994
299.994
299.994
299.994
299.994
299.994
299.994
299.994
299.994
299.994
299.994
299.994
299.994
299.994
299.994
299.994
299.994
299.994
299.994
299.994
299.994
299.994
299.994
299.994
299.994
299.994
299.994
299.994
299.994
299.994
299.994
299.994
299.994
299.994
299.994
299.994
299.994
299.994
299.994
299.994
299.994
299.994
299.994
299.994
299.994
299.994
299.994
299.994
299.994
299.994
299.994
299.994
299.994
299.994
299.994
299.994
299.994
299.994
299.994
299.994
299.994
299.994
299.994
299.994
299.994
299.994
299.994
299.994
299.994
299.994
299.994
299.994
299.994
299.994
299.994
299.994
299.994
299.994
299.994
299.994
299.994
299.994
299.994
299.994
299.994
299.994
299.994
299.994
299.994
299.994
299.994
299.994
299.994
299.994
299.994
299.994
299.994
299.994
299.994
299.994
299.994
299.994
299.994
299.994
299.994
299.994
299.994
299.994
299.994
299.994
299.994
299.994
299.994
299.994
299.994
299.994
299.994
299.994
299.994
299.994
299.994
299.994
299.994
299.994
299.994
299.994
299.994
299.994
299.994
299.994
299.994
299.994
299.994
299.994
299.994
299.994
299.994
299.994
299.994
299.994
299.994
299.994
299.994
299.994
299.994
299.994
299.994
299.994
299.994
299.994
299.994
299.994
299.994
299.994
299.994
299.994
299.994
299.994
299.994
299.994
299.994
299.994
299.994
299.994
299.994
299.994
299.994
299.994
299.994
299.994
299.994
299.994
299.994
299.994
299.994
299.994
299.994
299.994
299.994
299.994
299.994
299.994
299.994
299.994
299.994
299.994
299.994
299.994
299.994
299.994
299.994
299.994
299.994
299.994
299.994
299.994
299.994
299.994
299.994
299.994
299.994
299.994
299.994
299.994
299.994
299.994
299.994
299.994
299.994
299.994
299.994
299.994
299.994
299.994
299.994
299.993
299.993
299.993
299.993
299.993
299.993
299.993
299.993
299.993
299.993
299.994
299.994
299.994
299.994
299.994
299.993
299.993
299.993
299.993
299.993
299.993
299.993
299.993
299.993
299.993
299.993
299.993
299.993
299.993
299.993
299.993
299.993
299.993
299.993
299.993
299.993
299.993
299.993
299.993
299.993
299.993
299.993
299.993
299.993
299.993
299.993
299.993
299.993
299.993
299.993
299.993
299.993
299.993
299.993
299.993
299.993
299.993
299.993
299.993
299.993
299.993
299.993
299.993
299.993
299.993
299.993
299.993
299.993
299.993
299.993
299.993
299.993
299.993
299.993
299.993
299.993
299.993
299.993
299.993
299.993
299.993
299.993
299.993
299.993
299.993
299.993
299.993
299.993
299.993
299.993
299.993
299.993
299.993
299.993
299.993
299.993
299.993
299.993
299.993
299.993
299.993
299.993
299.993
299.993
299.993
299.993
299.993
299.993
299.993
299.993
299.993
299.993
299.993
299.993
299.993
299.993
299.993
299.993
299.993
299.993
299.993
299.993
299.993
299.993
299.993
299.993
299.993
299.993
299.993
299.993
299.993
299.993
299.993
299.993
299.993
299.993
299.993
299.993
299.993
299.993
299.993
299.993
299.993
299.993
299.993
299.993
299.993
299.993
299.993
299.993
299.993
299.993
299.993
299.993
299.993
299.993
299.993
299.993
299.993
299.993
299.993
299.993
299.993
299.993
299.993
299.993
299.993
299.993
299.993
299.993
299.993
299.993
299.993
299.993
299.993
299.993
299.993
299.993
299.993
299.993
299.993
299.993
299.993
299.993
299.993
299.993
299.993
299.993
299.993
299.993
299.993
299.993
299.993
299.993
299.993
299.993
299.993
299.993
299.993
299.993
299.993
299.993
299.993
299.993
299.993
299.993
299.993
299.993
299.993
299.993
299.993
299.993
299.993
299.993
299.993
299.993
299.993
299.993
299.993
299.993
299.993
299.993
299.993
299.993
299.993
299.993
299.993
299.993
299.993
299.993
299.993
299.993
299.993
299.993
299.993
299.993
299.993
299.993
299.993
299.993
299.993
299.993
299.993
299.993
299.993
299.993
299.993
299.993
299.993
299.993
299.993
299.993
299.993
299.993
299.993
299.993
299.993
299.993
299.993
299.993
299.993
299.993
299.993
299.993
299.993
299.993
299.993
299.993
299.993
299.993
299.993
299.993
299.993
299.993
299.993
299.993
299.993
299.993
299.993
299.993
299.993
299.993
299.993
299.993
299.993
299.993
299.993
299.993
299.993
299.993
299.993
299.993
299.993
299.993
299.993
299.993
299.993
299.993
299.993
299.993
299.993
299.993
299.993
299.993
299.993
299.993
299.993
299.993
299.993
299.993
299.993
299.993
299.993
299.993
299.993
299.993
299.993
299.993
299.993
299.993
299.993
299.993
299.993
299.993
299.993
299.993
299.993
299.993
299.993
299.993
299.993
299.993
299.993
299.993
299.993
299.993
299.993
299.993
299.993
299.993
299.993
299.993
299.993
299.993
299.993
299.993
299.993
299.993
299.993
299.993
299.993
299.993
299.993
299.993
299.993
299.993
299.993
299.993
299.993
299.993
299.993
299.993
299.993
299.993
299.993
299.993
299.993
299.993
299.993
299.993
299.993
299.993
299.993
299.993
299.993
299.993
299.993
299.993
299.993
299.993
299.993
299.993
299.993
299.993
299.993
299.993
299.993
299.993
299.993
299.993
299.993
299.993
299.992
299.992
299.992
299.992
299.992
299.992
299.992
299.992
299.992
299.992
299.992
299.992
299.992
299.992
299.992
299.992
299.992
299.992
299.992
299.992
299.992
299.992
299.992
299.992
299.992
299.992
299.992
299.992
299.992
299.992
299.992
299.992
299.992
299.992
299.992
299.992
299.992
299.992
299.992
299.992
299.992
299.992
299.992
299.992
299.992
299.992
299.992
299.992
299.992
299.992
299.992
299.992
299.992
299.992
299.992
299.992
299.992
299.992
299.992
299.992
299.992
299.992
299.992
299.992
299.992
299.992
299.992
299.992
299.992
299.992
299.992
299.992
299.992
299.992
299.992
299.992
299.992
299.992
299.992
299.992
299.992
299.992
299.992
299.992
299.992
299.992
299.992
299.992
299.992
299.992
299.992
299.992
299.992
299.992
299.992
299.992
299.992
299.992
299.992
299.992
299.992
299.992
299.992
299.992
299.992
299.992
299.992
299.992
299.992
299.992
299.992
299.992
299.992
299.992
299.992
299.992
299.992
299.992
299.992
299.992
299.992
299.992
299.992
299.992
299.992
299.992
299.992
299.992
299.992
299.992
299.992
299.992
299.992
299.992
299.992
299.992
299.992
299.992
299.992
299.992
299.992
299.992
299.992
299.992
299.992
299.992
299.992
299.992
299.992
299.992
299.992
299.992
299.992
299.992
299.992
299.992
299.992
299.992
299.992
299.992
299.992
299.992
299.992
299.992
299.992
299.992
299.992
299.992
299.992
299.992
299.992
299.992
299.992
299.992
299.992
299.992
299.992
299.992
299.992
299.992
299.992
299.992
299.992
299.992
299.992
299.992
299.992
299.992
299.992
299.992
299.992
299.992
299.992
299.992
299.992
299.992
299.992
299.992
299.992
299.992
299.992
299.992
299.992
299.992
299.992
299.992
299.992
299.992
299.992
299.992
299.992
299.992
299.992
299.992
299.992
299.992
299.992
299.992
299.992
299.992
299.992
299.992
299.992
299.992
299.992
299.992
299.992
299.992
299.992
299.992
299.992
299.992
299.992
299.992
299.992
299.992
299.992
299.992
299.992
299.992
299.992
299.992
299.992
299.992
299.992
299.992
299.992
299.991
299.991
299.991
299.991
299.991
299.991
299.991
299.991
299.991
299.991
299.991
299.991
299.991
299.991
299.991
299.991
299.991
299.991
299.991
299.991
299.991
299.991
299.991
299.991
299.991
299.991
299.991
299.991
299.991
299.991
299.991
299.991
299.991
299.991
299.991
299.991
299.991
299.991
299.991
299.991
299.991
299.991
299.991
299.991
299.991
299.991
299.991
299.991
299.991
299.991
299.991
299.991
299.991
299.991
299.991
299.991
299.991
299.991
299.991
299.991
299.991
299.991
299.991
299.991
299.991
299.991
299.991
299.991
299.991
299.991
299.991
299.991
299.991
299.991
299.991
299.991
299.991
299.991
299.991
299.991
299.991
299.991
299.991
299.991
299.991
299.991
299.991
299.991
299.991
299.991
299.991
299.991
299.991
299.991
299.991
299.991
299.991
299.991
299.991
299.991
299.991
299.991
299.991
299.991
299.991
299.991
299.991
299.991
299.991
299.991
299.991
299.991
299.991
299.991
299.991
299.991
299.991
299.991
299.991
299.991
299.991
299.991
299.991
299.991
299.991
299.991
299.991
299.991
299.991
299.991
299.991
299.991
299.991
299.991
299.991
299.991
299.991
299.991
299.991
299.991
299.991
299.991
299.991
299.991
299.991
299.991
299.991
299.991
299.991
299.991
299.991
299.991
299.991
299.991
299.991
299.991
299.991
299.991
299.991
299.991
299.991
299.991
299.991
299.991
299.991
299.991
299.991
299.991
299.991
299.991
299.991
299.991
299.991
299.991
299.991
299.991
299.991
299.991
299.991
299.991
299.991
299.991
299.991
299.991
299.991
299.991
299.991
299.991
299.991
299.991
299.991
299.991
299.991
299.991
299.991
299.991
299.991
299.991
299.991
299.991
299.991
299.991
299.991
299.991
299.991
299.991
299.991
299.991
299.991
299.991
299.991
299.991
299.991
299.991
299.991
299.991
299.991
299.991
299.991
299.991
299.991
299.991
299.991
299.991
299.991
299.991
299.991
299.991
299.991
299.991
299.991
299.991
299.991
299.991
299.991
299.991
299.991
299.991
299.991
299.991
299.991
299.991
299.991
299.991
299.991
299.991
299.991
299.991
299.991
299.991
299.991
299.991
299.991
299.991
299.991
299.991
299.991
299.991
299.991
299.991
299.991
299.991
299.991
299.991
299.991
299.991
299.991
299.991
299.991
299.991
299.991
299.991
299.991
299.991
299.991
299.991
299.991
299.991
299.991
299.991
299.991
299.991
299.991
299.991
299.991
299.991
299.991
299.991
299.991
299.991
299.991
299.991
299.991
299.991
299.991
299.991
299.991
299.991
299.991
299.991
299.991
299.991
299.991
299.991
299.991
299.991
299.991
299.991
299.991
299.991
299.991
299.991
299.991
299.991
299.991
299.991
299.991
299.991
299.991
299.991
299.991
299.991
299.991
299.991
299.991
299.991
299.991
299.991
299.991
299.991
299.991
299.991
299.991
299.991
299.991
299.991
299.991
299.991
299.991
299.991
299.991
299.991
299.991
299.991
299.991
299.991
299.991
299.991
299.991
299.991
299.991
299.991
299.991
299.991
299.991
299.991
299.991
299.991
299.991
299.991
299.991
299.991
299.991
299.991
299.991
299.991
299.991
299.991
299.99
299.99
299.99
299.99
299.99
299.99
299.99
299.99
299.99
299.99
299.99
299.99
299.99
299.99
299.99
299.99
299.99
299.99
299.99
299.99
299.99
299.99
299.99
299.99
299.99
299.99
299.99
299.99
299.99
299.99
299.99
299.99
299.99
299.99
299.99
299.99
299.99
299.99
299.99
299.99
299.99
299.99
299.99
299.99
299.99
299.99
299.99
299.99
299.99
299.99
299.99
299.99
299.99
299.99
299.99
299.99
299.99
299.99
299.99
299.99
299.99
299.99
299.99
299.99
299.99
299.99
299.99
299.99
299.99
299.99
299.99
299.99
299.99
299.99
299.99
299.99
299.99
299.99
299.99
299.99
299.99
299.99
299.99
299.99
299.99
299.99
299.99
299.99
299.99
299.99
299.99
299.99
299.99
299.99
299.99
299.99
299.99
299.99
299.99
299.99
299.99
299.99
299.99
299.99
299.99
299.99
299.99
299.99
299.99
299.99
299.99
299.99
299.99
299.99
299.99
299.99
299.99
299.99
299.99
299.99
299.99
299.99
299.99
299.99
299.99
299.99
299.99
299.99
299.99
299.99
299.99
299.99
299.99
299.99
299.99
299.99
299.99
299.99
299.99
299.99
299.99
299.99
299.99
299.99
299.99
299.99
299.99
299.99
299.99
299.99
299.99
299.99
299.99
299.99
299.99
299.99
299.99
299.99
299.99
299.99
299.99
299.99
299.99
299.99
299.99
299.99
299.99
299.99
299.99
299.99
299.99
299.99
299.99
299.99
299.99
299.99
299.99
299.99
299.99
299.99
299.99
299.99
299.99
299.99
299.99
299.99
299.99
299.99
299.99
299.99
299.99
299.99
299.99
299.99
299.99
299.99
299.99
299.99
299.99
299.99
299.99
299.99
299.99
299.99
299.99
299.99
299.99
299.99
299.99
299.99
299.99
299.99
299.99
299.99
299.99
299.99
299.99
299.99
299.99
299.99
299.99
299.99
299.99
299.99
299.99
299.99
299.99
299.99
299.99
299.99
299.99
299.99
299.99
299.99
299.99
299.99
299.99
299.99
299.99
299.99
299.99
299.99
299.99
299.99
299.99
299.99
299.99
299.99
299.99
299.99
299.99
299.99
299.99
299.99
299.99
299.99
299.99
299.99
299.99
299.99
299.99
299.99
299.99
299.99
299.99
299.99
299.99
299.99
299.99
299.99
299.99
299.99
299.99
299.99
299.99
299.99
299.99
299.99
299.99
299.99
299.99
299.99
299.99
299.99
299.99
299.99
299.99
299.99
299.99
299.99
299.99
299.99
299.99
299.99
299.99
299.99
299.99
299.99
299.99
299.99
299.99
299.99
299.99
299.99
299.99
299.99
299.99
299.99
299.99
299.99
299.99
299.99
299.99
299.99
299.99
299.99
299.99
299.99
299.99
299.99
299.99
299.99
299.99
299.99
299.99
299.99
299.99
299.99
299.99
299.99
299.99
299.99
299.99
299.99
299.99
299.99
299.99
299.99
299.99
299.99
299.99
299.99
299.99
299.99
299.99
299.99
299.99
299.99
299.99
299.99
299.99
299.99
299.99
299.99
299.99
299.99
299.99
299.99
299.99
299.99
299.99
299.99
299.99
299.99
299.99
299.99
299.99
299.99
299.99
299.99
299.99
299.99
299.99
299.99
299.99
299.99
299.99
299.99
299.99
299.99
299.99
299.99
299.99
299.99
299.99
299.99
299.99
299.99
299.99
299.99
299.989
299.989
299.989
299.989
299.989
299.989
299.989
299.989
299.989
299.989
299.989
299.989
299.989
299.989
299.989
299.989
299.989
299.989
299.989
299.989
299.989
299.989
299.989
299.989
299.989
299.989
299.989
299.989
299.989
299.989
299.989
299.989
299.989
299.989
299.989
299.989
299.989
299.989
299.989
299.989
299.989
299.989
299.989
299.989
299.989
299.989
299.989
299.989
299.989
299.989
299.989
299.989
299.989
299.989
299.989
299.989
299.989
299.989
299.989
299.989
299.989
299.989
299.989
299.989
299.989
299.989
299.989
299.989
299.989
299.989
299.989
299.989
299.989
299.989
299.989
299.989
299.989
299.989
299.989
299.989
299.989
299.989
299.989
299.989
299.989
299.989
299.989
299.989
299.989
299.989
299.989
299.989
299.989
299.989
299.989
299.989
299.989
299.989
299.989
299.989
299.989
299.989
299.989
299.989
299.989
299.989
299.989
299.989
299.989
299.989
299.989
299.989
299.989
299.989
299.989
299.989
299.989
299.989
299.989
299.989
299.989
299.989
299.989
299.989
299.989
299.989
299.989
299.989
299.989
299.989
299.989
299.989
299.989
299.989
299.989
299.989
299.989
299.989
299.989
299.989
299.989
299.989
299.989
299.989
299.989
299.989
299.989
299.989
299.989
299.989
299.989
299.989
299.989
299.989
299.989
299.989
299.989
299.989
299.989
299.989
299.989
299.989
299.989
299.989
299.989
299.989
299.989
299.989
299.989
299.989
299.989
299.989
299.989
299.989
299.989
299.989
299.989
299.989
299.989
299.989
299.989
299.989
299.989
299.989
299.989
299.989
299.989
299.989
299.989
299.989
299.989
299.989
299.989
299.989
299.989
299.989
299.989
299.989
299.989
299.989
299.989
299.989
299.989
299.989
299.989
299.989
299.989
299.989
299.989
299.989
299.989
299.989
299.989
299.989
299.989
299.989
299.989
299.989
299.989
299.989
299.989
299.989
299.989
299.989
299.989
299.989
299.989
299.989
299.989
299.989
299.989
299.989
299.989
299.989
299.989
299.989
299.989
299.989
299.989
299.989
299.989
299.989
299.989
299.989
299.989
299.989
299.989
299.989
299.989
299.989
299.989
299.989
299.989
299.989
299.989
299.989
299.989
299.989
299.989
299.989
299.989
299.989
299.989
299.989
299.989
299.989
299.989
299.989
299.989
299.989
299.989
299.989
299.989
299.989
299.989
299.989
299.989
299.989
299.989
299.989
299.989
299.989
299.989
299.989
299.989
299.989
299.989
299.989
299.989
299.989
299.989
299.989
299.989
299.989
299.989
299.989
299.989
299.989
299.989
299.989
299.989
299.989
299.989
299.989
299.989
299.989
299.989
299.989
299.989
299.989
299.989
299.989
299.989
299.989
299.989
299.989
299.989
299.989
299.989
299.989
299.989
299.989
299.989
299.989
299.989
299.989
299.989
299.989
299.989
299.989
299.989
299.989
299.989
299.989
299.989
299.989
299.989
299.989
299.989
299.989
299.989
299.989
299.989
299.989
299.989
299.989
299.989
299.989
299.989
299.989
299.989
299.989
299.989
299.989
299.989
299.989
299.989
299.989
299.989
299.989
299.989
299.989
299.989
299.989
299.989
299.989
299.989
299.989
299.989
299.989
299.989
299.989
299.989
299.989
299.989
299.989
299.989
299.989
299.989
299.989
299.988
299.988
299.988
299.988
299.988
299.988
299.988
299.988
299.988
299.988
299.988
299.988
299.988
299.988
299.988
299.988
299.988
299.988
299.988
299.988
299.988
299.988
299.988
299.988
299.988
299.988
299.988
299.988
299.988
299.988
299.988
299.988
299.988
299.988
299.988
299.988
299.988
299.988
299.988
299.988
299.988
299.988
299.988
299.988
299.988
299.988
299.988
299.988
299.988
299.988
299.988
299.988
299.988
299.988
299.988
299.988
299.988
299.988
299.988
299.988
299.988
299.988
299.988
299.988
299.988
299.988
299.988
299.988
299.988
299.988
299.988
299.988
299.988
299.988
299.988
299.988
299.988
299.988
299.988
299.988
299.988
299.988
299.988
299.988
299.988
299.988
299.988
299.988
299.988
299.988
299.988
299.988
299.988
299.988
299.988
299.988
299.988
299.988
299.988
299.988
299.988
299.988
299.988
299.988
299.988
299.988
299.988
299.988
299.988
299.988
299.988
299.988
299.988
299.988
299.988
299.988
299.988
299.988
299.988
299.988
299.988
299.988
299.988
299.988
299.988
299.988
299.988
299.988
299.988
299.988
299.988
299.988
299.988
299.988
299.988
299.988
299.988
299.988
299.988
299.988
299.988
299.988
299.988
299.988
299.988
299.988
299.988
299.988
299.988
299.988
299.988
299.988
299.988
299.988
299.988
299.988
299.988
299.988
299.988
299.988
299.988
299.988
299.988
299.988
299.988
299.988
299.988
299.988
299.988
299.988
299.988
299.988
299.988
299.988
299.988
299.988
299.988
299.988
299.988
299.988
299.988
299.988
299.988
299.988
299.988
299.988
299.988
299.988
299.988
299.988
299.988
299.988
299.988
299.988
299.988
299.988
299.988
299.988
299.988
299.988
299.988
299.988
299.988
299.988
299.988
299.988
299.988
299.988
299.988
299.988
299.988
299.988
299.988
299.988
299.988
299.988
299.988
299.988
299.988
299.988
299.988
299.988
299.988
299.988
299.988
299.988
299.988
299.988
299.988
299.988
299.987
299.987
299.987
299.987
299.987
299.987
299.987
299.987
299.987
299.987
299.987
299.987
299.987
299.987
299.987
299.987
299.987
299.987
299.987
299.987
299.987
299.987
299.987
299.987
299.987
299.987
299.987
299.987
299.987
299.987
299.987
299.987
299.987
299.987
299.987
299.987
299.987
299.987
299.987
299.987
299.987
299.987
299.987
299.987
299.987
299.987
299.987
299.987
299.987
299.987
299.987
299.987
299.987
299.987
299.987
299.987
299.987
299.987
299.987
299.987
299.987
299.987
299.987
299.987
299.987
299.987
299.987
299.987
299.987
299.987
299.987
299.987
299.987
299.987
299.987
299.987
299.987
299.987
299.987
299.987
299.987
299.987
299.987
299.987
299.987
299.987
299.987
299.987
299.987
299.987
299.987
299.987
299.987
299.987
299.987
299.987
299.987
299.987
299.987
299.987
299.987
299.987
299.987
299.987
299.987
299.987
299.987
299.987
299.987
299.987
299.987
299.987
299.987
299.987
299.987
299.987
299.987
299.987
299.987
299.987
299.987
299.987
299.987
299.987
299.987
299.987
299.987
299.987
299.987
299.987
299.987
299.987
299.987
299.987
299.987
299.987
299.987
299.987
299.987
299.987
299.987
299.987
299.987
299.987
299.987
299.987
299.987
299.987
299.987
299.987
299.987
299.987
299.987
299.987
299.987
299.987
299.987
299.987
299.987
299.987
299.987
299.987
299.987
299.987
299.987
299.987
299.987
299.987
299.987
299.987
299.987
299.987
299.987
299.987
299.987
299.987
299.987
299.987
299.987
299.987
299.987
299.987
299.987
299.987
299.987
299.987
299.987
299.987
299.987
299.987
299.987
299.987
299.987
299.987
299.987
299.987
299.987
299.987
299.987
299.987
299.987
299.987
299.987
299.987
299.987
299.987
299.987
299.987
299.987
299.987
299.987
299.987
299.987
299.987
299.987
299.987
299.987
299.987
299.987
299.987
299.987
299.987
299.987
299.987
299.987
299.987
299.987
299.987
299.987
299.987
299.987
299.987
299.987
299.987
299.987
299.987
299.987
299.987
299.987
299.987
299.987
299.987
299.987
299.987
299.987
299.987
299.987
299.987
299.987
299.987
299.987
299.987
299.987
299.987
299.987
299.987
299.987
299.987
299.987
299.987
299.987
299.987
299.987
299.987
299.987
299.987
299.987
299.987
299.987
299.987
299.987
299.987
299.987
299.987
299.987
299.987
299.987
299.987
299.987
299.987
299.987
299.987
299.987
299.987
299.987
299.987
299.987
299.987
299.987
299.987
299.987
299.987
299.987
299.987
299.987
299.987
299.987
299.987
299.987
299.987
299.987
299.987
299.987
299.987
299.987
299.987
299.987
299.987
299.987
299.987
299.987
299.987
299.987
299.987
299.987
299.987
299.987
299.987
299.987
299.987
299.987
299.987
299.987
299.987
299.987
299.987
299.987
299.987
299.987
299.987
299.987
299.987
299.987
299.987
299.987
299.987
299.987
299.987
299.987
299.987
299.987
299.987
299.987
299.987
299.987
299.987
299.987
299.987
299.987
299.987
299.987
299.987
299.987
299.987
299.987
299.987
299.987
299.987
299.987
299.987
299.987
299.987
299.987
299.987
299.987
299.987
299.987
299.987
299.987
299.987
299.987
299.987
299.987
299.987
299.987
299.987
299.987
299.987
299.987
299.987
299.987
299.987
299.987
299.987
299.987
299.987
299.987
299.987
299.987
299.987
299.987
299.987
299.987
299.987
299.987
299.987
299.987
299.987
299.987
299.987
299.986
299.986
299.986
299.986
299.986
299.986
299.986
299.986
299.986
299.986
299.986
299.986
299.986
299.986
299.986
299.986
299.986
299.986
299.986
299.986
299.986
299.986
299.986
299.986
299.986
299.986
299.986
299.986
299.986
299.986
299.986
299.986
299.986
299.986
299.986
299.986
299.986
299.986
299.986
299.986
299.986
299.986
299.986
299.986
299.986
299.986
299.986
299.986
299.986
299.986
299.986
299.986
299.986
299.986
299.986
299.986
299.986
299.986
299.986
299.986
299.986
299.986
299.986
299.986
299.986
299.986
299.986
299.986
299.986
299.986
299.986
299.986
299.986
299.986
299.986
299.986
299.986
299.986
299.986
299.986
299.986
299.986
299.986
299.986
299.986
299.986
299.986
299.986
299.986
299.986
299.986
299.986
299.986
299.986
299.986
299.986
299.986
299.986
299.986
299.986
299.986
299.986
299.986
299.986
299.986
299.986
299.986
299.986
299.986
299.986
299.986
299.986
299.986
299.986
299.986
299.986
299.986
299.986
299.986
299.986
299.986
299.986
299.986
299.986
299.986
299.986
299.986
299.986
299.986
299.986
299.986
299.986
299.986
299.986
299.986
299.986
299.986
299.986
299.986
299.986
299.986
299.986
299.986
299.986
299.986
299.986
299.986
299.986
299.986
299.986
299.986
299.986
299.986
299.986
299.986
299.986
299.986
299.986
299.986
299.986
299.986
299.986
299.986
299.986
299.986
299.986
299.986
299.986
299.986
299.986
299.986
299.986
299.986
299.986
299.986
299.986
299.986
299.986
299.986
299.986
299.986
299.986
299.986
299.986
299.986
299.986
299.986
299.986
299.986
299.986
299.986
299.986
299.986
299.986
299.986
299.986
299.986
299.986
299.986
299.986
299.986
299.986
299.986
299.986
299.986
299.986
299.986
299.986
299.986
299.986
299.986
299.986
299.986
299.986
299.986
299.986
299.986
299.986
299.986
299.986
299.986
299.986
299.986
299.986
299.986
299.986
299.986
299.986
299.986
299.986
299.986
299.986
299.986
299.986
299.986
299.986
299.986
299.986
299.986
299.986
299.986
299.986
299.986
299.986
299.986
299.986
299.986
299.986
299.986
299.986
299.986
299.986
299.986
299.986
299.986
299.986
299.986
299.986
299.986
299.986
299.986
299.986
299.986
299.986
299.986
299.986
299.986
299.986
299.986
299.986
299.986
299.986
299.986
299.986
299.986
299.986
299.986
299.986
299.986
299.986
299.986
299.986
299.986
299.986
299.986
299.986
299.986
299.986
299.986
299.986
299.986
299.986
299.986
299.986
299.986
299.986
299.986
299.986
299.986
299.986
299.986
299.986
299.986
299.986
299.986
299.986
299.986
299.986
299.986
299.986
299.986
299.986
299.986
299.986
299.986
299.986
299.986
299.986
299.986
299.986
299.986
299.986
299.986
299.986
299.986
299.986
299.986
299.986
299.986
299.986
299.986
299.986
299.986
299.986
299.986
299.986
299.986
299.986
299.986
299.986
299.986
299.986
299.986
299.986
299.986
299.986
299.986
299.986
299.986
299.986
299.986
299.986
299.986
299.986
299.986
299.986
299.986
299.986
299.986
299.986
299.986
299.986
299.986
299.986
299.986
299.986
299.986
299.986
299.986
299.986
299.986
299.986
299.986
299.986
299.986
299.986
299.986
299.986
299.986
299.986
299.986
299.986
299.986
299.985
299.985
299.985
299.985
299.985
299.985
299.985
299.985
299.985
299.985
299.985
299.985
299.985
299.985
299.985
299.985
299.985
299.985
299.985
299.985
299.985
299.985
299.985
299.985
299.985
299.985
299.985
299.985
299.985
299.985
299.985
299.985
299.985
299.985
299.985
299.985
299.985
299.985
299.985
299.985
299.985
299.985
299.985
299.985
299.985
299.985
299.985
299.985
299.985
299.985
299.985
299.985
299.985
299.985
299.985
299.985
299.985
299.985
299.985
299.985
299.985
299.985
299.985
299.985
299.985
299.985
299.985
299.985
299.985
299.985
299.985
299.985
299.985
299.985
299.985
299.985
299.985
299.985
299.985
299.985
299.985
299.985
299.985
299.985
299.985
299.985
299.985
299.985
299.985
299.985
299.985
299.985
299.985
299.985
299.985
299.985
299.985
299.985
299.985
299.985
299.985
299.985
299.985
299.985
299.985
299.985
299.985
299.985
299.985
299.985
299.985
299.985
299.985
299.985
299.985
299.985
299.985
299.985
299.985
299.985
299.985
299.985
299.985
299.985
299.985
299.985
299.985
299.985
299.985
299.985
299.985
299.985
299.985
299.985
299.985
299.985
299.985
299.985
299.985
299.985
299.985
299.985
299.985
299.985
299.985
299.985
299.985
299.985
299.985
299.985
299.985
299.985
299.985
299.985
299.985
299.985
299.985
299.985
299.985
299.985
299.985
299.985
299.985
299.985
299.985
299.985
299.985
299.985
299.985
299.985
299.985
299.985
299.985
299.985
299.985
299.985
299.985
299.985
299.985
299.985
299.985
299.985
299.985
299.985
299.985
299.985
299.985
299.985
299.985
299.985
299.985
299.985
299.985
299.985
299.985
299.985
299.985
299.985
299.985
299.985
299.985
299.985
299.985
299.985
299.985
299.985
299.985
299.985
299.985
299.985
299.985
299.985
299.985
299.985
299.985
299.985
299.985
299.984
299.984
299.984
299.984
299.984
299.984
299.984
299.984
299.984
299.984
299.984
299.984
299.984
299.984
299.984
299.984
299.984
299.984
299.984
299.984
299.984
299.984
299.984
299.984
299.984
299.984
299.984
299.984
299.984
299.984
299.984
299.984
299.984
299.984
299.984
299.984
299.984
299.984
299.984
299.984
299.984
299.984
299.984
299.984
299.984
299.984
299.984
299.984
299.984
299.984
299.984
299.984
299.984
299.984
299.984
299.984
299.984
299.984
299.984
299.984
299.984
299.984
299.984
299.984
299.984
299.984
299.984
299.984
299.984
299.984
299.984
299.984
299.984
299.984
299.984
299.984
299.984
299.984
299.984
299.984
299.984
299.984
299.984
299.984
299.984
299.984
299.984
299.984
299.984
299.984
299.984
299.984
299.984
299.984
299.984
299.984
299.984
299.984
299.984
299.984
299.984
299.984
299.984
299.984
299.984
299.984
299.984
299.984
299.984
299.984
299.984
299.984
299.984
299.984
299.984
299.984
299.984
299.984
299.984
299.984
299.984
299.984
299.984
299.984
299.984
299.984
299.984
299.984
299.984
299.984
299.984
299.984
299.984
299.984
299.984
299.984
299.984
299.984
299.984
299.984
299.984
299.984
299.984
299.984
299.984
299.984
299.984
299.984
299.984
299.984
299.984
299.984
299.984
299.984
299.984
299.984
299.984
299.984
299.984
299.984
299.984
299.984
299.984
299.984
299.984
299.984
299.984
299.984
299.984
299.984
299.984
299.984
299.984
299.984
299.984
299.984
299.984
299.984
299.984
299.984
299.984
299.984
299.984
299.984
299.984
299.984
299.984
299.984
299.984
299.984
299.984
299.984
299.984
299.984
299.984
299.984
299.984
299.984
299.984
299.984
299.984
299.984
299.984
299.984
299.984
299.984
299.984
299.984
299.984
299.984
299.984
299.984
299.984
299.984
299.984
299.984
299.984
299.984
299.984
299.984
299.984
299.984
299.984
299.984
299.984
299.984
299.984
299.984
299.984
299.984
299.984
299.984
299.984
299.984
299.984
299.984
299.984
299.984
299.984
299.984
299.984
299.984
299.984
299.984
299.984
299.984
299.984
299.984
299.984
299.984
299.984
299.984
299.984
299.984
299.984
299.984
299.984
299.984
299.984
299.984
299.984
299.984
299.984
299.984
299.984
299.984
299.984
299.984
299.984
299.984
299.984
299.984
299.984
299.984
299.984
299.984
299.984
299.984
299.984
299.984
299.984
299.984
299.984
299.984
299.984
299.984
299.984
299.984
299.984
299.984
299.984
299.984
299.984
299.984
299.984
299.984
299.984
299.984
299.984
299.984
299.984
299.984
299.984
299.984
299.984
299.984
299.984
299.984
299.984
299.984
299.984
299.984
299.984
299.984
299.984
299.984
299.984
299.984
299.984
299.984
299.984
299.984
299.984
299.984
299.984
299.984
299.984
299.984
299.984
299.984
299.984
299.984
299.984
299.984
299.984
299.984
299.984
299.984
299.984
299.984
299.984
299.984
299.984
299.984
299.984
299.984
299.984
299.984
299.984
299.984
299.984
299.984
299.984
299.984
299.984
299.984
299.984
299.984
299.984
299.984
299.984
299.984
299.984
299.984
299.984
299.984
299.984
299.984
299.984
299.984
299.984
299.984
299.984
299.984
299.984
299.984
299.984
299.984
299.984
299.984
299.984
299.984
299.984
299.984
299.984
299.984
299.984
299.984
299.984
299.984
299.984
299.984
299.984
299.984
299.984
299.984
299.984
299.984
299.984
299.984
299.983
299.983
299.983
299.983
299.983
299.983
299.983
299.983
299.983
299.983
299.983
299.983
299.983
299.983
299.983
299.983
299.983
299.983
299.983
299.983
299.983
299.983
299.983
299.983
299.983
299.983
299.983
299.983
299.983
299.983
299.983
299.983
299.983
299.983
299.983
299.983
299.983
299.983
299.983
299.983
299.983
299.983
299.983
299.983
299.983
299.983
299.983
299.983
299.983
299.983
299.983
299.983
299.983
299.983
299.983
299.983
299.983
299.983
299.983
299.983
299.983
299.983
299.983
299.983
299.983
299.983
299.983
299.983
299.983
299.983
299.983
299.983
299.983
299.983
299.983
299.983
299.983
299.983
299.983
299.983
299.983
299.983
299.983
299.983
299.983
299.983
299.983
299.983
299.983
299.983
299.983
299.983
299.983
299.983
299.983
299.983
299.983
299.983
299.983
299.983
299.983
299.983
299.983
299.983
299.983
299.983
299.983
299.983
299.983
299.983
299.983
299.983
299.983
299.983
299.983
299.983
299.983
299.983
299.983
299.983
299.983
299.983
299.983
299.983
299.983
299.983
299.983
299.983
299.983
299.983
299.983
299.983
299.983
299.983
299.983
299.983
299.983
299.983
299.983
299.983
299.983
299.983
299.983
299.983
299.983
299.983
299.983
299.983
299.983
299.983
299.983
299.983
299.983
299.983
299.983
299.983
299.983
299.983
299.983
299.983
299.983
299.983
299.983
299.983
299.983
299.983
299.983
299.983
299.983
299.983
299.983
299.983
299.983
299.983
299.983
299.983
299.983
299.983
299.983
299.983
299.983
299.983
299.983
299.983
299.983
299.983
299.983
299.983
299.983
299.983
299.983
299.983
299.983
299.983
299.983
299.983
299.983
299.983
299.983
299.983
299.983
299.982
299.983
299.983
299.983
299.983
299.983
299.983
299.983
299.983
299.983
299.983
299.983
299.983
299.983
299.983
299.983
299.983
299.983
299.983
299.983
299.983
299.983
299.983
299.983
299.983
299.983
299.983
299.983
299.983
299.983
299.983
299.983
299.983
299.983
299.983
299.983
299.983
299.983
299.983
299.983
299.983
299.983
299.983
299.983
299.983
299.983
299.983
299.983
299.983
299.983
299.983
299.983
299.983
299.983
299.983
299.983
299.983
299.983
299.983
299.983
299.983
299.983
299.983
299.983
299.983
299.983
299.983
299.983
299.983
299.983
299.983
299.983
299.983
299.983
299.983
299.983
299.983
299.983
299.983
299.983
299.983
299.983
299.983
299.983
299.983
299.983
299.983
299.983
299.983
299.983
299.983
299.983
299.983
299.983
299.983
299.983
299.983
299.983
299.983
299.983
299.983
299.983
299.983
299.983
299.983
299.983
299.983
299.983
299.983
299.983
299.983
299.983
299.983
299.983
299.983
299.983
299.983
299.983
299.983
299.983
299.983
299.983
299.983
299.983
299.983
299.983
299.983
299.983
299.983
299.983
299.983
299.983
299.983
299.983
299.983
299.983
299.983
299.983
299.983
299.983
299.983
299.983
299.983
299.983
299.983
299.983
299.983
299.983
299.983
299.983
299.983
299.983
299.983
299.983
299.983
299.983
299.983
299.983
299.983
299.983
299.983
299.983
299.983
299.983
299.983
299.983
299.983
299.983
299.983
299.983
299.983
299.983
299.983
299.983
299.983
299.983
299.983
299.983
299.983
299.983
299.983
299.983
299.983
299.983
299.983
299.983
299.983
299.983
299.983
299.983
299.983
299.983
299.983
299.983
299.983
299.983
299.983
299.983
299.983
299.981
299.986
299.984
299.982
299.982
299.982
299.982
299.982
299.982
299.982
299.982
299.982
299.982
299.982
299.982
299.982
299.982
299.982
299.982
299.982
299.982
299.982
299.982
299.982
299.982
299.982
299.982
299.982
299.982
299.982
299.982
299.982
299.982
299.982
299.982
299.982
299.982
299.982
299.982
299.982
299.982
299.982
299.982
299.982
299.982
299.982
299.982
299.982
299.982
299.982
299.982
299.982
299.982
299.982
299.982
299.982
299.982
299.982
299.982
299.982
299.982
299.982
299.982
299.982
299.982
299.982
299.982
299.982
299.982
299.982
299.982
299.982
299.982
299.982
299.982
299.982
299.982
299.982
299.982
299.982
299.982
299.982
299.982
299.982
299.982
299.982
299.982
299.982
299.982
299.982
299.982
299.982
299.982
299.982
299.982
299.982
299.982
299.982
299.982
299.982
299.982
299.982
299.982
299.982
299.982
299.982
299.982
299.982
299.982
299.982
299.982
299.982
299.982
299.982
299.982
299.982
299.982
299.982
299.982
299.982
299.982
299.982
299.982
299.982
299.982
299.982
299.982
299.982
299.982
299.982
299.982
299.982
299.982
299.982
299.982
299.982
299.982
299.982
299.982
299.982
299.982
299.982
299.982
299.982
299.982
299.982
299.982
299.982
299.982
299.982
299.982
299.982
299.982
299.982
299.982
299.982
299.982
299.982
299.982
299.982
299.982
299.982
299.982
299.982
299.982
299.982
299.982
299.982
299.982
299.982
299.982
299.982
299.982
299.982
299.982
299.982
299.982
299.982
299.982
299.982
299.982
299.982
299.982
299.982
299.982
299.982
299.982
299.982
299.982
299.982
299.982
299.982
299.982
299.982
299.982
299.982
299.982
299.982
299.982
299.982
299.983
299.952
299.966
299.976
299.98
299.981
299.981
299.981
299.981
299.982
299.982
299.982
299.982
299.982
299.982
299.982
299.982
299.982
299.981
299.981
299.981
299.981
299.981
299.981
299.981
299.981
299.981
299.981
299.981
299.981
299.981
299.981
299.981
299.981
299.981
299.981
299.981
299.981
299.981
299.981
299.981
299.981
299.981
299.981
299.981
299.981
299.981
299.981
299.981
299.981
299.981
299.981
299.981
299.981
299.981
299.981
299.981
299.981
299.981
299.981
299.981
299.981
299.981
299.981
299.981
299.981
299.981
299.981
299.981
299.981
299.981
299.981
299.981
299.981
299.981
299.981
299.981
299.981
299.981
299.981
299.981
299.981
299.981
299.981
299.981
299.981
299.981
299.981
299.981
299.981
299.981
299.981
299.981
299.981
299.981
299.981
299.981
299.981
299.981
299.981
299.981
299.981
299.981
299.981
299.981
299.981
299.981
299.981
299.981
299.981
299.981
299.981
299.981
299.981
299.981
299.981
299.981
299.981
299.981
299.981
299.981
299.981
299.981
299.981
299.981
299.981
299.981
299.981
299.981
299.981
299.981
299.981
299.981
299.981
299.981
299.981
299.981
299.981
299.981
299.981
299.981
299.981
299.981
299.981
299.981
299.981
299.981
299.981
299.981
299.981
299.981
299.981
299.981
299.981
299.981
299.981
299.981
299.981
299.981
299.981
299.981
299.981
299.981
299.981
299.981
299.981
299.981
299.981
299.981
299.981
299.981
299.981
299.981
299.981
299.981
299.981
299.981
299.981
299.981
299.981
299.981
299.981
299.981
299.981
299.981
299.981
299.981
299.981
299.981
299.981
299.981
299.981
299.981
299.981
299.981
299.981
299.981
299.981
299.981
299.981
300.002
300.122
300.085
300.028
299.992
299.982
299.98
299.981
299.982
299.983
299.984
299.986
299.987
299.988
299.988
299.988
299.986
299.984
299.982
299.981
299.981
299.981
299.981
299.981
299.981
299.981
299.981
299.981
299.981
299.981
299.981
299.981
299.981
299.981
299.981
299.981
299.981
299.981
299.981
299.981
299.981
299.981
299.981
299.981
299.981
299.981
299.981
299.981
299.981
299.981
299.981
299.981
299.981
299.981
299.981
299.981
299.981
299.981
299.981
299.981
299.981
299.981
299.981
299.981
299.981
299.981
299.981
299.981
299.981
299.981
299.981
299.981
299.981
299.981
299.981
299.981
299.981
299.981
299.981
299.981
299.981
299.981
299.981
299.981
299.981
299.981
299.981
299.981
299.981
299.981
299.981
299.981
299.981
299.981
299.981
299.981
299.981
299.981
299.981
299.981
299.981
299.981
299.981
299.981
299.981
299.981
299.981
299.981
299.981
299.981
299.981
299.981
299.981
299.981
299.981
299.981
299.981
299.981
299.981
299.981
299.981
299.981
299.981
299.981
299.981
299.981
299.981
299.981
299.981
299.981
299.981
299.981
299.981
299.981
299.981
299.981
299.981
299.981
299.981
299.981
299.981
299.981
299.981
299.981
299.981
299.981
299.981
299.981
299.981
299.981
299.981
299.981
299.981
299.981
299.981
299.981
299.981
299.981
299.981
299.981
299.981
299.981
299.981
299.981
299.981
299.981
299.981
299.981
299.981
299.981
299.981
299.981
299.981
299.981
299.981
299.981
299.981
299.981
299.981
299.981
299.981
299.981
299.981
299.981
299.981
299.981
299.981
299.981
299.981
299.981
299.981
299.981
299.981
299.981
299.981
299.981
299.981
299.981
299.981
299.981
299.856
299.394
299.51
299.726
299.896
299.969
299.991
299.994
299.994
299.997
300.004
300.012
300.021
300.028
300.031
300.027
300.018
300.005
299.993
299.986
299.982
299.981
299.98
299.98
299.98
299.98
299.98
299.98
299.98
299.98
299.98
299.98
299.98
299.98
299.98
299.98
299.98
299.98
299.98
299.98
299.98
299.98
299.98
299.98
299.98
299.98
299.98
299.98
299.98
299.98
299.98
299.98
299.98
299.98
299.98
299.98
299.98
299.98
299.98
299.98
299.98
299.98
299.98
299.98
299.98
299.98
299.98
299.98
299.98
299.98
299.98
299.98
299.98
299.98
299.98
299.98
299.98
299.98
299.98
299.98
299.98
299.98
299.98
299.98
299.98
299.98
299.98
299.98
299.98
299.98
299.98
299.98
299.98
299.98
299.98
299.98
299.98
299.98
299.98
299.98
299.98
299.98
299.98
299.98
299.98
299.98
299.98
299.98
299.98
299.98
299.98
299.98
299.98
299.98
299.98
299.98
299.98
299.98
299.98
299.98
299.98
299.98
299.98
299.98
299.98
299.98
299.98
299.98
299.98
299.98
299.98
299.98
299.98
299.98
299.98
299.98
299.98
299.98
299.98
299.98
299.98
299.98
299.98
299.98
299.98
299.98
299.98
299.98
299.98
299.98
299.98
299.98
299.98
299.98
299.98
299.98
299.98
299.98
299.98
299.98
299.98
299.98
299.98
299.98
299.98
299.98
299.98
299.98
299.98
299.98
299.98
299.98
299.98
299.98
299.98
299.98
299.98
299.98
299.98
299.98
299.98
299.98
299.98
299.98
299.98
299.98
299.98
299.98
299.98
299.98
299.98
299.98
299.98
299.98
299.98
299.98
299.98
299.98
299.98
299.98
300.58
301.169
301.142
300.947
300.481
300.121
299.976
299.965
300.002
300.048
300.092
300.134
300.174
300.206
300.221
300.212
300.177
300.123
300.065
300.018
299.993
299.983
299.98
299.98
299.98
299.98
299.98
299.98
299.98
299.98
299.98
299.98
299.98
299.98
299.98
299.98
299.98
299.98
299.98
299.98
299.98
299.98
299.98
299.98
299.98
299.98
299.98
299.98
299.98
299.98
299.98
299.98
299.98
299.98
299.98
299.98
299.98
299.98
299.98
299.98
299.98
299.98
299.98
299.98
299.98
299.98
299.98
299.98
299.98
299.98
299.98
299.98
299.98
299.98
299.98
299.98
299.98
299.98
299.98
299.98
299.98
299.98
299.98
299.98
299.98
299.98
299.98
299.98
299.98
299.98
299.98
299.98
299.98
299.98
299.98
299.98
299.98
299.98
299.98
299.98
299.98
299.98
299.98
299.98
299.98
299.98
299.98
299.98
299.98
299.98
299.98
299.98
299.98
299.98
299.98
299.98
299.98
299.98
299.98
299.98
299.98
299.98
299.98
299.98
299.98
299.98
299.98
299.98
299.98
299.98
299.98
299.98
299.98
299.98
299.98
299.98
299.98
299.98
299.98
299.98
299.98
299.98
299.98
299.98
299.98
299.98
299.98
299.98
299.98
299.98
299.98
299.98
299.98
299.98
299.98
299.98
299.98
299.98
299.98
299.98
299.98
299.98
299.98
299.98
299.98
299.98
299.98
299.98
299.98
299.98
299.98
299.98
299.98
299.98
299.98
299.98
299.98
299.98
299.98
299.98
299.98
299.98
299.98
299.98
299.98
299.98
299.98
299.98
299.98
299.98
299.98
299.98
299.98
299.98
299.98
299.98
299.98
299.98
299.98
299.98
298.124
297.699
297.583
298.263
299.104
299.772
300.195
300.386
300.442
300.453
300.48
300.552
300.659
300.766
300.832
300.827
300.743
300.586
300.383
300.189
300.061
300.002
299.984
299.98
299.979
299.979
299.979
299.979
299.979
299.979
299.979
299.979
299.979
299.979
299.979
299.979
299.979
299.979
299.979
299.979
299.979
299.979
299.979
299.979
299.979
299.979
299.979
299.979
299.979
299.979
299.979
299.979
299.979
299.979
299.979
299.979
299.979
299.979
299.979
299.979
299.979
299.979
299.979
299.979
299.979
299.979
299.979
299.979
299.979
299.979
299.979
299.979
299.979
299.979
299.979
299.979
299.979
299.979
299.979
299.979
299.979
299.979
299.979
299.979
299.979
299.979
299.979
299.979
299.979
299.979
299.979
299.979
299.979
299.979
299.979
299.979
299.979
299.979
299.979
299.979
299.979
299.979
299.979
299.979
299.979
299.979
299.979
299.979
299.979
299.979
299.979
299.979
299.979
299.979
299.979
299.979
299.979
299.979
299.979
299.979
299.979
299.979
299.979
299.979
299.979
299.979
299.979
299.979
299.979
299.979
299.979
299.979
299.979
299.979
299.979
299.979
299.979
299.979
299.979
299.979
299.979
299.979
299.979
299.979
299.979
299.979
299.979
299.979
299.979
299.979
299.979
299.979
299.979
299.979
299.979
299.979
299.979
299.979
299.979
299.979
299.979
299.979
299.979
299.979
299.979
299.979
299.979
299.979
299.979
299.979
299.979
299.979
299.979
299.979
299.979
299.979
299.979
299.979
299.979
299.979
299.979
299.979
299.979
299.979
299.979
299.979
299.979
299.979
299.979
299.979
299.979
299.979
299.979
299.979
299.979
299.979
299.979
299.979
299.979
299.979
304.897
304.588
304.276
303.518
302.006
300.516
299.789
299.65
299.817
300.163
300.609
301.085
301.526
301.887
302.13
302.222
302.139
301.862
301.392
300.827
300.359
300.103
300.008
299.984
299.979
299.979
299.979
299.979
299.979
299.979
299.979
299.979
299.979
299.979
299.979
299.979
299.979
299.979
299.979
299.979
299.979
299.979
299.979
299.979
299.979
299.979
299.979
299.979
299.979
299.979
299.979
299.979
299.979
299.979
299.979
299.979
299.979
299.979
299.979
299.979
299.979
299.979
299.979
299.979
299.979
299.979
299.979
299.979
299.979
299.979
299.979
299.979
299.979
299.979
299.979
299.979
299.979
299.979
299.979
299.979
299.979
299.979
299.979
299.979
299.979
299.979
299.979
299.979
299.979
299.979
299.979
299.979
299.979
299.979
299.979
299.979
299.979
299.979
299.979
299.979
299.979
299.979
299.979
299.979
299.979
299.979
299.979
299.979
299.979
299.979
299.979
299.979
299.979
299.979
299.979
299.979
299.979
299.979
299.979
299.979
299.979
299.979
299.979
299.979
299.979
299.979
299.979
299.979
299.979
299.979
299.979
299.979
299.979
299.979
299.979
299.979
299.979
299.979
299.979
299.979
299.979
299.979
299.979
299.979
299.979
299.979
299.979
299.979
299.979
299.979
299.979
299.979
299.979
299.979
299.979
299.979
299.979
299.979
299.979
299.979
299.979
299.979
299.979
299.979
299.979
299.979
299.979
299.979
299.979
299.979
299.979
299.979
299.979
299.979
299.979
299.979
299.979
299.979
299.979
299.979
299.979
299.979
299.979
299.979
299.979
299.979
299.979
299.979
299.979
299.979
299.979
299.979
299.979
299.979
299.979
299.979
299.979
299.979
299.979
299.979
305.009
304.995
304.943
304.845
304.523
304.038
303.55
303.119
302.753
302.477
302.329
302.317
302.407
302.596
302.938
303.456
303.966
304.091
303.565
302.487
301.3
300.481
300.117
300.006
299.982
299.979
299.978
299.978
299.978
299.978
299.978
299.978
299.978
299.978
299.978
299.978
299.978
299.978
299.978
299.978
299.978
299.978
299.978
299.978
299.978
299.978
299.978
299.978
299.978
299.978
299.978
299.978
299.978
299.978
299.978
299.978
299.978
299.978
299.978
299.978
299.978
299.978
299.978
299.978
299.978
299.978
299.978
299.978
299.978
299.978
299.978
299.978
299.978
299.978
299.978
299.978
299.978
299.978
299.978
299.978
299.978
299.978
299.978
299.978
299.978
299.978
299.978
299.978
299.978
299.978
299.978
299.978
299.978
299.978
299.978
299.978
299.978
299.978
299.978
299.978
299.978
299.978
299.978
299.978
299.978
299.978
299.978
299.978
299.978
299.978
299.978
299.978
299.978
299.978
299.978
299.978
299.978
299.978
299.978
299.978
299.978
299.978
299.978
299.978
299.978
299.978
299.978
299.978
299.978
299.978
299.978
299.978
299.978
299.978
299.978
299.978
299.978
299.978
299.978
299.978
299.978
299.978
299.978
299.978
299.978
299.978
299.978
299.978
299.978
299.978
299.978
299.978
299.978
299.978
299.978
299.978
299.978
299.978
299.978
299.978
299.978
299.978
299.978
299.978
299.978
299.978
299.978
299.978
299.978
299.978
299.978
299.978
299.978
299.978
299.978
299.978
299.978
299.978
299.978
299.978
299.978
299.978
299.978
299.978
299.978
299.978
299.978
299.978
299.978
299.978
299.978
299.978
299.978
299.978
299.978
299.978
299.978
299.978
299.978
299.978
305.004
305.006
304.983
304.983
304.969
304.906
304.808
304.7
304.596
304.494
304.4
304.353
304.38
304.427
304.416
304.387
304.543
305.009
305.372
304.784
303.14
301.442
300.455
300.089
299.997
299.98
299.978
299.977
299.977
299.977
299.977
299.977
299.977
299.977
299.977
299.977
299.977
299.977
299.977
299.977
299.977
299.977
299.977
299.977
299.977
299.977
299.977
299.977
299.977
299.977
299.977
299.977
299.977
299.977
299.977
299.977
299.977
299.977
299.977
299.977
299.977
299.977
299.977
299.977
299.977
299.977
299.977
299.977
299.977
299.977
299.977
299.977
299.977
299.977
299.977
299.977
299.977
299.977
299.977
299.977
299.977
299.977
299.977
299.977
299.977
299.977
299.977
299.977
299.977
299.977
299.977
299.977
299.977
299.977
299.977
299.977
299.977
299.977
299.977
299.977
299.977
299.977
299.977
299.977
299.977
299.977
299.977
299.977
299.977
299.977
299.977
299.977
299.977
299.977
299.977
299.977
299.977
299.977
299.977
299.977
299.977
299.977
299.977
299.977
299.977
299.977
299.977
299.977
299.977
299.977
299.977
299.977
299.977
299.977
299.977
299.977
299.977
299.977
299.977
299.977
299.977
299.977
299.977
299.977
299.977
299.977
299.977
299.977
299.977
299.977
299.977
299.977
299.977
299.977
299.977
299.977
299.977
299.977
299.977
299.977
299.977
299.977
299.977
299.977
299.977
299.977
299.977
299.977
299.977
299.977
299.977
299.977
299.977
299.977
299.977
299.977
299.977
299.977
299.977
299.977
299.977
299.977
299.977
299.977
299.977
299.977
299.977
299.977
299.977
299.977
299.977
299.977
299.977
299.977
299.977
299.977
299.977
299.977
299.977
299.977
305.003
305.002
304.99
304.99
305.004
305.015
305.012
304.996
304.972
304.942
304.916
304.91
304.925
304.937
304.927
304.944
305.087
305.358
305.495
305.054
303.83
302.216
300.914
300.248
300.031
299.985
299.978
299.977
299.977
299.977
299.977
299.977
299.977
299.977
299.977
299.977
299.977
299.977
299.977
299.977
299.977
299.977
299.977
299.977
299.977
299.977
299.977
299.977
299.977
299.977
299.977
299.977
299.977
299.977
299.977
299.977
299.977
299.977
299.977
299.977
299.977
299.977
299.977
299.977
299.977
299.977
299.977
299.977
299.977
299.977
299.977
299.977
299.977
299.977
299.977
299.977
299.977
299.977
299.977
299.977
299.977
299.977
299.977
299.977
299.977
299.977
299.977
299.977
299.977
299.977
299.977
299.977
299.977
299.977
299.977
299.977
299.977
299.977
299.977
299.977
299.977
299.977
299.977
299.977
299.977
299.977
299.977
299.977
299.977
299.977
299.977
299.977
299.977
299.977
299.977
299.977
299.977
299.977
299.977
299.977
299.977
299.977
299.977
299.977
299.977
299.977
299.977
299.977
299.977
299.977
299.977
299.977
299.977
299.977
299.977
299.977
299.977
299.977
299.977
299.977
299.977
299.977
299.977
299.977
299.977
299.977
299.977
299.977
299.977
299.977
299.977
299.977
299.977
299.977
299.977
299.977
299.977
299.977
299.977
299.977
299.977
299.977
299.977
299.977
299.977
299.977
299.977
299.977
299.977
299.977
299.977
299.977
299.977
299.977
299.977
299.977
299.977
299.977
299.977
299.977
299.977
299.977
299.977
299.977
299.977
299.977
299.977
299.977
299.977
299.977
299.977
299.977
299.977
299.977
299.977
299.977
299.977
299.977
299.977
299.977
)
;

boundaryField
{
    inletTop
    {
        type            fixedValue;
        value           uniform 305;
    }
    inletBottom
    {
        type            fixedValue;
        value           uniform 300;
    }
    outletTop
    {
        type            inletOutlet;
        inletValue      uniform 300;
        value           nonuniform List<scalar> 4(299.979 299.978 299.977 299.977);
    }
    walls
    {
        type            zeroGradient;
    }
    front
    {
        type            empty;
    }
    back
    {
        type            empty;
    }
    outletBottom
    {
        type            inletOutlet;
        inletValue      uniform 300;
        value           nonuniform List<scalar> 4(299.999 299.999 299.998 299.997);
    }
}


// ************************************************************************* //
