/*--------------------------------*- C++ -*----------------------------------*\
  =========                 |
  \\      /  F ield         | OpenFOAM: The Open Source CFD Toolbox
   \\    /   O peration     | Website:  https://openfoam.org
    \\  /    A nd           | Version:  dev
     \\/     M anipulation  |
\*---------------------------------------------------------------------------*/
FoamFile
{
    version     2.0;
    format      ascii;
    class       volScalarField;
    location    "8";
    object      thermo:pSatH2O;
}
// * * * * * * * * * * * * * * * * * * * * * * * * * * * * * * * * * * * * * //

dimensions      [1 -1 -2 0 0 0 0];

internalField   nonuniform List<scalar> 
8000
(
3525.68
3525.69
3525.68
3525.68
3525.68
3525.67
3525.69
3525.63
3525.7
3525.69
3525.7
3525.66
3525.69
3525.7
3525.66
3525.71
3525.65
3525.64
3525.63
3525.73
3525.67
3525.61
3525.62
3525.7
3525.7
3525.68
3525.57
3525.63
3525.65
3525.7
3525.48
3525.5
3525.56
3525.64
3525.4
3525.38
3525.54
3525.56
3525.38
3525.32
3525.56
3525.53
3525.39
3525.3
3525.6
3525.52
3525.4
3525.3
3525.61
3525.52
3525.4
3525.29
3525.62
3525.52
3525.4
3525.29
3525.62
3525.52
3525.4
3525.28
3525.63
3525.52
3525.4
3525.28
3525.63
3525.52
3525.4
3525.28
3525.63
3525.51
3525.4
3525.28
3525.62
3525.51
3525.39
3525.27
3525.62
3525.51
3525.39
3525.27
3525.62
3525.51
3525.39
3525.27
3525.62
3525.51
3525.39
3525.27
3525.62
3525.51
3525.39
3525.27
3525.62
3525.51
3525.39
3525.27
3525.62
3525.51
3525.39
3525.27
3525.62
3525.51
3525.39
3525.27
3525.62
3525.51
3525.39
3525.27
3525.62
3525.51
3525.39
3525.27
3525.62
3525.51
3525.39
3525.27
3525.62
3525.51
3525.39
3525.27
3525.62
3525.51
3525.39
3525.27
3525.62
3525.51
3525.39
3525.27
3525.62
3525.51
3525.39
3525.27
3525.62
3525.51
3525.39
3525.27
3525.62
3525.51
3525.39
3525.27
3525.62
3525.51
3525.39
3525.27
3525.62
3525.51
3525.39
3525.27
3525.62
3525.51
3525.39
3525.27
3525.62
3525.51
3525.39
3525.27
3525.62
3525.51
3525.39
3525.27
3525.62
3525.51
3525.39
3525.27
3525.62
3525.51
3525.39
3525.27
3525.62
3525.51
3525.39
3525.27
3525.62
3525.51
3525.39
3525.27
3525.62
3525.51
3525.39
3525.27
3525.62
3525.51
3525.39
3525.27
3525.62
3525.51
3525.39
3525.26
3525.62
3525.51
3525.39
3525.26
3525.62
3525.51
3525.39
3525.26
3525.62
3525.51
3525.39
3525.26
3525.62
3525.51
3525.39
3525.26
3525.62
3525.51
3525.39
3525.26
3525.62
3525.51
3525.39
3525.26
3525.62
3525.51
3525.39
3525.26
3525.62
3525.51
3525.39
3525.26
3525.62
3525.51
3525.39
3525.26
3525.62
3525.51
3525.39
3525.26
3525.62
3525.51
3525.39
3525.26
3525.62
3525.51
3525.39
3525.26
3525.62
3525.51
3525.39
3525.26
3525.62
3525.51
3525.39
3525.26
3525.62
3525.51
3525.39
3525.26
3525.62
3525.51
3525.39
3525.26
3525.62
3525.51
3525.39
3525.26
3525.62
3525.51
3525.39
3525.26
3525.62
3525.51
3525.39
3525.26
3525.62
3525.51
3525.38
3525.26
3525.62
3525.51
3525.38
3525.26
3525.62
3525.51
3525.38
3525.26
3525.62
3525.51
3525.38
3525.26
3525.62
3525.51
3525.38
3525.26
3525.62
3525.51
3525.38
3525.26
3525.62
3525.51
3525.38
3525.26
3525.62
3525.51
3525.38
3525.26
3525.62
3525.51
3525.38
3525.26
3525.62
3525.51
3525.38
3525.26
3525.62
3525.51
3525.38
3525.26
3525.62
3525.51
3525.38
3525.26
3525.62
3525.51
3525.38
3525.26
3525.62
3525.51
3525.38
3525.26
3525.62
3525.51
3525.38
3525.26
3525.62
3525.51
3525.38
3525.26
3525.62
3525.51
3525.38
3525.26
3525.62
3525.51
3525.38
3525.26
3525.62
3525.51
3525.38
3525.26
3525.62
3525.51
3525.38
3525.26
3525.62
3525.51
3525.38
3525.26
3525.62
3525.51
3525.38
3525.26
3525.62
3525.51
3525.38
3525.26
3525.62
3525.51
3525.38
3525.26
3525.62
3525.51
3525.38
3525.26
3525.62
3525.51
3525.38
3525.26
3525.62
3525.51
3525.38
3525.26
3525.62
3525.51
3525.38
3525.26
3525.62
3525.51
3525.38
3525.26
3525.62
3525.51
3525.38
3525.26
3525.62
3525.51
3525.38
3525.26
3525.62
3525.51
3525.38
3525.26
3525.62
3525.51
3525.38
3525.26
3525.62
3525.51
3525.38
3525.26
3525.62
3525.51
3525.38
3525.26
3525.62
3525.51
3525.38
3525.26
3525.62
3525.51
3525.38
3525.26
3525.62
3525.51
3525.38
3525.26
3525.62
3525.51
3525.38
3525.26
3525.62
3525.51
3525.38
3525.26
3525.62
3525.51
3525.38
3525.26
3525.62
3525.51
3525.38
3525.26
3525.62
3525.51
3525.38
3525.26
3525.62
3525.51
3525.38
3525.26
3525.62
3525.51
3525.38
3525.26
3525.62
3525.51
3525.38
3525.26
3525.62
3525.51
3525.38
3525.26
3525.62
3525.51
3525.38
3525.26
3525.62
3525.51
3525.38
3525.26
3525.62
3525.51
3525.38
3525.26
3525.62
3525.51
3525.38
3525.26
3525.62
3525.51
3525.38
3525.26
3525.62
3525.51
3525.38
3525.26
3525.62
3525.51
3525.38
3525.26
3525.62
3525.51
3525.39
3525.26
3525.62
3525.51
3525.39
3525.26
3525.62
3525.51
3525.39
3525.26
3525.62
3525.51
3525.39
3525.26
3525.62
3525.51
3525.39
3525.26
3525.62
3525.51
3525.39
3525.26
3525.62
3525.51
3525.39
3525.26
3525.62
3525.51
3525.39
3525.26
3525.62
3525.51
3525.39
3525.26
3525.62
3525.51
3525.39
3525.26
3525.62
3525.51
3525.39
3525.26
3525.62
3525.51
3525.39
3525.26
3525.62
3525.51
3525.39
3525.26
3525.62
3525.51
3525.39
3525.26
3525.62
3525.51
3525.39
3525.26
3525.62
3525.51
3525.39
3525.26
3525.62
3525.51
3525.39
3525.26
3525.62
3525.51
3525.39
3525.26
3525.62
3525.51
3525.39
3525.26
3525.62
3525.51
3525.39
3525.26
3525.62
3525.51
3525.39
3525.26
3525.62
3525.51
3525.39
3525.26
3525.62
3525.51
3525.39
3525.26
3525.62
3525.51
3525.39
3525.26
3525.62
3525.51
3525.39
3525.26
3525.62
3525.51
3525.39
3525.26
3525.62
3525.51
3525.39
3525.26
3525.62
3525.51
3525.39
3525.26
3525.62
3525.51
3525.39
3525.26
3525.62
3525.51
3525.39
3525.26
3525.62
3525.51
3525.39
3525.26
3525.62
3525.51
3525.39
3525.26
3525.62
3525.51
3525.39
3525.26
3525.62
3525.51
3525.39
3525.26
3525.62
3525.51
3525.39
3525.26
3525.62
3525.51
3525.39
3525.26
3525.62
3525.51
3525.39
3525.26
3525.62
3525.51
3525.39
3525.26
3525.62
3525.51
3525.39
3525.26
3525.62
3525.51
3525.39
3525.26
3525.62
3525.51
3525.39
3525.26
3525.62
3525.51
3525.39
3525.26
3525.62
3525.51
3525.39
3525.26
3525.62
3525.51
3525.39
3525.26
3525.62
3525.51
3525.39
3525.26
3525.62
3525.51
3525.39
3525.26
3525.62
3525.51
3525.38
3525.26
3525.62
3525.51
3525.38
3525.26
3525.62
3525.51
3525.38
3525.26
3525.62
3525.51
3525.38
3525.26
3525.62
3525.51
3525.38
3525.26
3525.62
3525.51
3525.38
3525.26
3525.62
3525.51
3525.38
3525.26
3525.62
3525.51
3525.38
3525.26
3525.62
3525.51
3525.38
3525.26
3525.62
3525.51
3525.38
3525.26
3525.62
3525.51
3525.38
3525.26
3525.62
3525.51
3525.38
3525.26
3525.62
3525.51
3525.38
3525.26
3525.62
3525.5
3525.38
3525.26
3525.62
3525.5
3525.38
3525.26
3525.62
3525.5
3525.38
3525.25
3525.62
3525.5
3525.38
3525.25
3525.62
3525.5
3525.38
3525.25
3525.62
3525.5
3525.38
3525.25
3525.62
3525.5
3525.37
3525.25
3525.62
3525.5
3525.37
3525.25
3525.62
3525.5
3525.37
3525.24
3525.63
3525.5
3525.37
3525.24
3525.6
3525.49
3525.37
3525.23
3525.64
3525.5
3525.35
3525.23
3525.59
3525.48
3525.37
3525.22
3525.64
3525.51
3525.34
3525.23
3525.58
3525.46
3525.36
3525.2
3525.64
3525.5
3525.32
3525.2
3525.58
3525.44
3525.33
3525.19
3525.63
3525.49
3525.31
3525.16
3525.58
3525.41
3525.28
3525.15
3525.61
3525.46
3525.28
3525.1
3525.58
3525.38
3525.2
3525.07
3525.06
3525.08
3525.17
3525.25
3525.35
3525.53
3525.63
3525.55
3525.38
3525.26
3525.2
3525.18
3525.18
3525.17
3525.17
3525.16
3525.16
3525.16
3525.15
3525.15
3525.15
3525.15
3525.15
3525.15
3525.15
3525.15
3525.15
3525.15
3525.15
3525.15
3525.15
3525.15
3525.15
3525.14
3525.14
3525.14
3525.14
3525.14
3525.14
3525.14
3525.14
3525.14
3525.14
3525.14
3525.14
3525.14
3525.14
3525.14
3525.14
3525.14
3525.14
3525.14
3525.14
3525.14
3525.14
3525.14
3525.14
3525.14
3525.14
3525.14
3525.14
3525.14
3525.14
3525.14
3525.14
3525.14
3525.14
3525.14
3525.14
3525.14
3525.14
3525.14
3525.14
3525.14
3525.14
3525.14
3525.14
3525.14
3525.14
3525.14
3525.14
3525.14
3525.14
3525.14
3525.14
3525.14
3525.14
3525.14
3525.14
3525.14
3525.14
3525.14
3525.14
3525.14
3525.14
3525.14
3525.14
3525.14
3525.14
3525.14
3525.14
3525.14
3525.14
3525.14
3525.14
3525.14
3525.14
3525.14
3525.14
3525.14
3525.14
3525.14
3525.14
3525.14
3525.14
3525.14
3525.14
3525.14
3525.14
3525.14
3525.14
3525.14
3525.14
3525.14
3525.14
3525.14
3525.14
3525.14
3525.14
3525.14
3525.14
3525.14
3525.14
3525.14
3525.14
3525.14
3525.14
3525.14
3525.14
3525.14
3525.14
3525.14
3525.14
3525.14
3525.14
3525.14
3525.14
3525.14
3525.14
3525.14
3525.14
3525.14
3525.14
3525.14
3525.14
3525.14
3525.14
3525.14
3525.14
3525.14
3525.14
3525.14
3525.14
3525.14
3525.14
3525.14
3525.14
3525.14
3525.14
3525.14
3525.14
3525.14
3525.14
3525.14
3525.14
3525.14
3525.13
3525.13
3525.13
3525.13
3525.13
3525.13
3525.13
3525.13
3525.12
3525.12
3525.12
3525.12
3525.11
3525.11
3525.1
3525.1
3525.09
3525.08
3525.07
3525.04
3525.04
3525
3524.98
3524.96
3525.09
3525.06
3525.14
3525.26
3525.41
3525.58
3525.59
3525.41
3525.22
3525.12
3525.08
3525.07
3525.06
3525.05
3525.05
3525.04
3525.04
3525.04
3525.03
3525.03
3525.03
3525.03
3525.03
3525.03
3525.03
3525.03
3525.03
3525.02
3525.02
3525.02
3525.02
3525.02
3525.02
3525.02
3525.02
3525.02
3525.02
3525.02
3525.02
3525.02
3525.02
3525.02
3525.02
3525.02
3525.02
3525.02
3525.02
3525.02
3525.02
3525.02
3525.02
3525.02
3525.02
3525.02
3525.02
3525.02
3525.02
3525.02
3525.02
3525.02
3525.02
3525.02
3525.02
3525.02
3525.02
3525.02
3525.02
3525.02
3525.02
3525.02
3525.02
3525.02
3525.02
3525.02
3525.02
3525.02
3525.02
3525.02
3525.02
3525.02
3525.02
3525.02
3525.02
3525.02
3525.02
3525.02
3525.02
3525.02
3525.02
3525.02
3525.02
3525.02
3525.02
3525.02
3525.02
3525.02
3525.02
3525.02
3525.02
3525.02
3525.02
3525.02
3525.02
3525.02
3525.02
3525.02
3525.02
3525.02
3525.02
3525.02
3525.02
3525.02
3525.02
3525.02
3525.02
3525.02
3525.02
3525.02
3525.02
3525.02
3525.02
3525.02
3525.02
3525.02
3525.02
3525.02
3525.02
3525.02
3525.02
3525.02
3525.02
3525.02
3525.02
3525.02
3525.02
3525.02
3525.02
3525.02
3525.02
3525.02
3525.02
3525.02
3525.02
3525.02
3525.02
3525.02
3525.02
3525.02
3525.02
3525.02
3525.02
3525.02
3525.02
3525.02
3525.02
3525.02
3525.02
3525.02
3525.02
3525.02
3525.02
3525.02
3525.02
3525.02
3525.02
3525.02
3525.02
3525.02
3525.02
3525.02
3525.02
3525.01
3525.01
3525.01
3525.01
3525.01
3525.01
3525.01
3525.01
3525.01
3525.01
3525
3525
3525
3525
3525
3524.99
3524.99
3524.98
3524.98
3524.97
3524.97
3524.96
3524.95
3524.93
3524.93
3524.9
3524.89
3524.87
3524.85
3524.92
3524.96
3525.04
3525.17
3525.3
3525.35
3525.27
3525.13
3525.02
3524.97
3524.95
3524.94
3524.94
3524.93
3524.93
3524.92
3524.92
3524.91
3524.91
3524.91
3524.91
3524.91
3524.91
3524.91
3524.9
3524.9
3524.9
3524.9
3524.9
3524.9
3524.9
3524.9
3524.9
3524.9
3524.9
3524.9
3524.9
3524.9
3524.9
3524.9
3524.9
3524.9
3524.9
3524.9
3524.9
3524.9
3524.9
3524.9
3524.9
3524.9
3524.9
3524.9
3524.9
3524.9
3524.9
3524.9
3524.9
3524.9
3524.9
3524.9
3524.9
3524.9
3524.9
3524.9
3524.9
3524.9
3524.9
3524.9
3524.9
3524.9
3524.9
3524.9
3524.9
3524.9
3524.9
3524.9
3524.9
3524.9
3524.9
3524.9
3524.9
3524.9
3524.9
3524.9
3524.9
3524.9
3524.9
3524.9
3524.9
3524.9
3524.9
3524.9
3524.9
3524.9
3524.9
3524.9
3524.9
3524.9
3524.9
3524.9
3524.9
3524.9
3524.9
3524.9
3524.9
3524.9
3524.9
3524.9
3524.9
3524.9
3524.9
3524.9
3524.9
3524.9
3524.9
3524.9
3524.9
3524.9
3524.9
3524.9
3524.9
3524.9
3524.9
3524.9
3524.9
3524.9
3524.9
3524.9
3524.9
3524.9
3524.9
3524.9
3524.9
3524.9
3524.9
3524.9
3524.9
3524.9
3524.9
3524.9
3524.9
3524.9
3524.9
3524.9
3524.9
3524.9
3524.9
3524.9
3524.9
3524.9
3524.9
3524.9
3524.9
3524.9
3524.9
3524.9
3524.9
3524.9
3524.9
3524.9
3524.9
3524.9
3524.9
3524.9
3524.9
3524.89
3524.89
3524.89
3524.89
3524.89
3524.89
3524.89
3524.89
3524.89
3524.89
3524.89
3524.89
3524.89
3524.89
3524.88
3524.88
3524.88
3524.88
3524.88
3524.87
3524.87
3524.87
3524.86
3524.86
3524.85
3524.85
3524.84
3524.83
3524.82
3524.81
3524.79
3524.78
3524.76
3524.75
3524.75
3524.81
3524.86
3524.87
3524.95
3525.01
3525.01
3524.96
3524.9
3524.86
3524.84
3524.83
3524.82
3524.81
3524.81
3524.8
3524.8
3524.8
3524.79
3524.79
3524.79
3524.79
3524.79
3524.78
3524.78
3524.78
3524.78
3524.78
3524.78
3524.78
3524.78
3524.78
3524.78
3524.78
3524.78
3524.78
3524.78
3524.78
3524.78
3524.78
3524.78
3524.78
3524.78
3524.78
3524.78
3524.78
3524.78
3524.78
3524.78
3524.78
3524.78
3524.78
3524.78
3524.78
3524.78
3524.78
3524.78
3524.78
3524.78
3524.78
3524.78
3524.78
3524.78
3524.78
3524.78
3524.78
3524.77
3524.77
3524.77
3524.77
3524.77
3524.77
3524.77
3524.77
3524.77
3524.77
3524.77
3524.77
3524.77
3524.77
3524.77
3524.77
3524.77
3524.77
3524.77
3524.77
3524.77
3524.77
3524.77
3524.77
3524.77
3524.77
3524.77
3524.77
3524.77
3524.77
3524.77
3524.77
3524.77
3524.77
3524.77
3524.77
3524.77
3524.77
3524.77
3524.77
3524.77
3524.77
3524.77
3524.77
3524.77
3524.77
3524.77
3524.77
3524.77
3524.77
3524.77
3524.77
3524.77
3524.77
3524.77
3524.77
3524.77
3524.78
3524.78
3524.78
3524.78
3524.78
3524.78
3524.78
3524.78
3524.78
3524.78
3524.78
3524.78
3524.78
3524.78
3524.78
3524.78
3524.78
3524.78
3524.78
3524.78
3524.78
3524.78
3524.78
3524.78
3524.78
3524.78
3524.78
3524.78
3524.78
3524.78
3524.77
3524.77
3524.77
3524.77
3524.77
3524.77
3524.77
3524.77
3524.77
3524.77
3524.77
3524.77
3524.77
3524.77
3524.77
3524.77
3524.77
3524.77
3524.77
3524.77
3524.77
3524.77
3524.77
3524.77
3524.76
3524.76
3524.76
3524.76
3524.76
3524.76
3524.75
3524.75
3524.75
3524.75
3524.74
3524.74
3524.73
3524.73
3524.72
3524.71
3524.7
3524.7
3524.68
3524.68
3524.66
3524.65
3524.64
3524.63
3524.69
3524.72
3524.74
3524.76
3524.78
3524.78
3524.76
3524.74
3524.72
3524.71
3524.71
3524.7
3524.69
3524.69
3524.68
3524.68
3524.67
3524.67
3524.67
3524.67
3524.67
3524.66
3524.66
3524.66
3524.66
3524.66
3524.66
3524.66
3524.66
3524.66
3524.66
3524.66
3524.66
3524.66
3524.66
3524.66
3524.66
3524.66
3524.66
3524.66
3524.66
3524.66
3524.66
3524.66
3524.65
3524.65
3524.65
3524.65
3524.65
3524.65
3524.65
3524.65
3524.65
3524.65
3524.65
3524.65
3524.65
3524.65
3524.65
3524.65
3524.65
3524.65
3524.65
3524.65
3524.65
3524.65
3524.65
3524.65
3524.65
3524.65
3524.65
3524.65
3524.65
3524.65
3524.65
3524.65
3524.65
3524.65
3524.65
3524.65
3524.65
3524.65
3524.65
3524.65
3524.65
3524.65
3524.65
3524.65
3524.65
3524.65
3524.65
3524.65
3524.65
3524.65
3524.65
3524.65
3524.65
3524.65
3524.65
3524.65
3524.65
3524.65
3524.65
3524.65
3524.65
3524.65
3524.65
3524.65
3524.65
3524.65
3524.65
3524.65
3524.65
3524.65
3524.65
3524.65
3524.65
3524.65
3524.65
3524.65
3524.65
3524.65
3524.65
3524.65
3524.65
3524.65
3524.65
3524.65
3524.65
3524.65
3524.65
3524.65
3524.65
3524.65
3524.65
3524.65
3524.65
3524.65
3524.65
3524.65
3524.65
3524.65
3524.65
3524.65
3524.65
3524.65
3524.65
3524.65
3524.65
3524.65
3524.65
3524.65
3524.65
3524.65
3524.65
3524.65
3524.65
3524.65
3524.65
3524.65
3524.65
3524.65
3524.65
3524.65
3524.65
3524.65
3524.65
3524.65
3524.65
3524.65
3524.65
3524.65
3524.65
3524.64
3524.64
3524.64
3524.64
3524.64
3524.64
3524.64
3524.64
3524.63
3524.63
3524.63
3524.63
3524.62
3524.62
3524.61
3524.61
3524.6
3524.6
3524.59
3524.58
3524.57
3524.56
3524.55
3524.54
3524.53
3524.52
3524.53
3524.57
3524.58
3524.6
3524.61
3524.62
3524.62
3524.61
3524.6
3524.59
3524.59
3524.58
3524.57
3524.57
3524.56
3524.56
3524.56
3524.55
3524.55
3524.55
3524.55
3524.54
3524.54
3524.54
3524.54
3524.54
3524.54
3524.54
3524.54
3524.54
3524.54
3524.54
3524.54
3524.54
3524.53
3524.53
3524.53
3524.53
3524.53
3524.53
3524.53
3524.53
3524.53
3524.53
3524.53
3524.53
3524.53
3524.53
3524.53
3524.53
3524.53
3524.53
3524.53
3524.53
3524.53
3524.53
3524.53
3524.53
3524.53
3524.53
3524.53
3524.53
3524.53
3524.53
3524.53
3524.53
3524.53
3524.53
3524.53
3524.53
3524.53
3524.53
3524.53
3524.53
3524.53
3524.53
3524.53
3524.53
3524.53
3524.53
3524.53
3524.53
3524.53
3524.53
3524.53
3524.53
3524.53
3524.53
3524.53
3524.53
3524.53
3524.53
3524.53
3524.53
3524.53
3524.53
3524.53
3524.53
3524.53
3524.53
3524.53
3524.53
3524.53
3524.53
3524.53
3524.53
3524.53
3524.53
3524.53
3524.53
3524.53
3524.53
3524.53
3524.53
3524.53
3524.53
3524.53
3524.53
3524.53
3524.53
3524.53
3524.53
3524.53
3524.53
3524.53
3524.53
3524.53
3524.53
3524.53
3524.53
3524.53
3524.53
3524.53
3524.53
3524.53
3524.53
3524.53
3524.53
3524.53
3524.53
3524.53
3524.53
3524.53
3524.53
3524.53
3524.53
3524.53
3524.53
3524.53
3524.53
3524.53
3524.53
3524.53
3524.53
3524.53
3524.53
3524.53
3524.53
3524.53
3524.53
3524.53
3524.53
3524.53
3524.53
3524.53
3524.53
3524.53
3524.53
3524.53
3524.53
3524.53
3524.52
3524.52
3524.52
3524.52
3524.52
3524.52
3524.52
3524.52
3524.52
3524.51
3524.51
3524.51
3524.51
3524.5
3524.5
3524.5
3524.49
3524.49
3524.48
3524.48
3524.47
3524.47
3524.46
3524.45
3524.44
3524.44
3524.43
3524.42
3524.41
3524.41
3524.45
3524.46
3524.47
3524.47
3524.48
3524.48
3524.48
3524.47
3524.46
3524.46
3524.45
3524.45
3524.44
3524.44
3524.44
3524.43
3524.43
3524.43
3524.42
3524.42
3524.42
3524.42
3524.42
3524.42
3524.42
3524.42
3524.42
3524.41
3524.41
3524.41
3524.41
3524.41
3524.41
3524.41
3524.41
3524.41
3524.41
3524.41
3524.41
3524.41
3524.41
3524.41
3524.41
3524.41
3524.41
3524.41
3524.41
3524.41
3524.41
3524.41
3524.41
3524.41
3524.41
3524.41
3524.41
3524.41
3524.41
3524.41
3524.41
3524.41
3524.41
3524.41
3524.41
3524.41
3524.41
3524.41
3524.41
3524.41
3524.41
3524.41
3524.41
3524.41
3524.41
3524.41
3524.41
3524.41
3524.41
3524.41
3524.41
3524.41
3524.41
3524.41
3524.41
3524.41
3524.41
3524.41
3524.41
3524.41
3524.41
3524.41
3524.41
3524.41
3524.41
3524.41
3524.41
3524.41
3524.41
3524.41
3524.41
3524.41
3524.41
3524.41
3524.41
3524.41
3524.41
3524.41
3524.41
3524.41
3524.41
3524.41
3524.41
3524.41
3524.41
3524.41
3524.41
3524.41
3524.41
3524.41
3524.41
3524.41
3524.41
3524.41
3524.41
3524.41
3524.41
3524.41
3524.41
3524.41
3524.41
3524.41
3524.41
3524.41
3524.41
3524.41
3524.41
3524.41
3524.41
3524.41
3524.41
3524.41
3524.41
3524.41
3524.41
3524.41
3524.41
3524.41
3524.41
3524.41
3524.41
3524.41
3524.41
3524.41
3524.41
3524.41
3524.41
3524.41
3524.41
3524.41
3524.41
3524.41
3524.41
3524.41
3524.41
3524.41
3524.41
3524.4
3524.4
3524.4
3524.4
3524.4
3524.4
3524.4
3524.4
3524.4
3524.4
3524.4
3524.4
3524.39
3524.39
3524.39
3524.39
3524.39
3524.38
3524.38
3524.38
3524.37
3524.37
3524.37
3524.36
3524.36
3524.35
3524.34
3524.34
3524.33
3524.32
3524.31
3524.31
3524.3
3524.3
3524.3
3524.33
3524.33
3524.34
3524.34
3524.34
3524.34
3524.34
3524.34
3524.34
3524.33
3524.33
3524.32
3524.32
3524.32
3524.31
3524.31
3524.31
3524.3
3524.3
3524.3
3524.3
3524.3
3524.3
3524.3
3524.29
3524.29
3524.29
3524.29
3524.29
3524.29
3524.29
3524.29
3524.29
3524.29
3524.29
3524.29
3524.29
3524.29
3524.29
3524.29
3524.29
3524.29
3524.29
3524.29
3524.29
3524.29
3524.29
3524.29
3524.29
3524.29
3524.29
3524.29
3524.29
3524.29
3524.29
3524.29
3524.29
3524.29
3524.29
3524.29
3524.29
3524.29
3524.29
3524.29
3524.29
3524.29
3524.29
3524.29
3524.29
3524.29
3524.29
3524.29
3524.29
3524.29
3524.29
3524.29
3524.29
3524.29
3524.29
3524.29
3524.29
3524.29
3524.29
3524.29
3524.29
3524.29
3524.29
3524.29
3524.29
3524.29
3524.29
3524.29
3524.29
3524.29
3524.29
3524.29
3524.29
3524.29
3524.29
3524.29
3524.29
3524.29
3524.29
3524.29
3524.29
3524.29
3524.29
3524.29
3524.29
3524.29
3524.29
3524.29
3524.29
3524.29
3524.29
3524.29
3524.29
3524.29
3524.29
3524.29
3524.29
3524.29
3524.29
3524.29
3524.29
3524.29
3524.29
3524.29
3524.29
3524.29
3524.29
3524.29
3524.29
3524.29
3524.29
3524.29
3524.29
3524.29
3524.29
3524.29
3524.29
3524.29
3524.29
3524.29
3524.29
3524.29
3524.29
3524.29
3524.29
3524.29
3524.29
3524.29
3524.29
3524.29
3524.29
3524.29
3524.29
3524.29
3524.29
3524.28
3524.28
3524.28
3524.28
3524.28
3524.28
3524.28
3524.28
3524.28
3524.28
3524.28
3524.28
3524.28
3524.28
3524.28
3524.28
3524.27
3524.27
3524.27
3524.27
3524.27
3524.27
3524.26
3524.26
3524.26
3524.26
3524.25
3524.25
3524.24
3524.24
3524.23
3524.23
3524.22
3524.22
3524.21
3524.2
3524.2
3524.19
3524.19
3524.18
3524.19
3524.2
3524.21
3524.21
3524.21
3524.21
3524.21
3524.21
3524.21
3524.21
3524.2
3524.2
3524.2
3524.19
3524.19
3524.19
3524.19
3524.18
3524.18
3524.18
3524.18
3524.18
3524.17
3524.17
3524.17
3524.17
3524.17
3524.17
3524.17
3524.17
3524.17
3524.17
3524.17
3524.17
3524.17
3524.17
3524.17
3524.17
3524.17
3524.17
3524.17
3524.17
3524.17
3524.17
3524.17
3524.17
3524.17
3524.17
3524.17
3524.17
3524.17
3524.17
3524.17
3524.17
3524.17
3524.17
3524.17
3524.17
3524.17
3524.17
3524.17
3524.17
3524.17
3524.16
3524.16
3524.16
3524.16
3524.16
3524.16
3524.16
3524.16
3524.16
3524.16
3524.16
3524.16
3524.16
3524.16
3524.16
3524.16
3524.16
3524.16
3524.16
3524.16
3524.16
3524.16
3524.16
3524.16
3524.16
3524.16
3524.16
3524.16
3524.16
3524.16
3524.16
3524.16
3524.16
3524.16
3524.16
3524.16
3524.16
3524.16
3524.16
3524.16
3524.16
3524.16
3524.16
3524.16
3524.16
3524.16
3524.16
3524.16
3524.16
3524.16
3524.16
3524.16
3524.16
3524.16
3524.16
3524.16
3524.16
3524.16
3524.16
3524.16
3524.16
3524.16
3524.16
3524.16
3524.16
3524.16
3524.17
3524.17
3524.17
3524.17
3524.17
3524.17
3524.17
3524.17
3524.17
3524.17
3524.17
3524.17
3524.17
3524.17
3524.17
3524.16
3524.16
3524.16
3524.16
3524.16
3524.16
3524.16
3524.16
3524.16
3524.16
3524.16
3524.16
3524.16
3524.16
3524.16
3524.16
3524.16
3524.16
3524.16
3524.16
3524.16
3524.16
3524.16
3524.16
3524.16
3524.16
3524.16
3524.16
3524.16
3524.16
3524.15
3524.15
3524.15
3524.15
3524.15
3524.15
3524.15
3524.14
3524.14
3524.14
3524.14
3524.13
3524.13
3524.13
3524.12
3524.12
3524.11
3524.11
3524.1
3524.1
3524.09
3524.09
3524.08
3524.08
3524.07
3524.07
3524.07
3524.08
3524.08
3524.08
3524.08
3524.08
3524.08
3524.08
3524.08
3524.08
3524.08
3524.07
3524.07
3524.07
3524.07
3524.06
3524.06
3524.06
3524.06
3524.06
3524.05
3524.05
3524.05
3524.05
3524.05
3524.05
3524.05
3524.05
3524.05
3524.05
3524.05
3524.05
3524.05
3524.05
3524.05
3524.05
3524.05
3524.05
3524.05
3524.05
3524.05
3524.04
3524.04
3524.04
3524.04
3524.04
3524.04
3524.04
3524.04
3524.04
3524.04
3524.04
3524.04
3524.04
3524.04
3524.04
3524.04
3524.04
3524.04
3524.04
3524.04
3524.04
3524.04
3524.04
3524.04
3524.04
3524.04
3524.04
3524.04
3524.04
3524.04
3524.04
3524.04
3524.04
3524.04
3524.04
3524.04
3524.04
3524.04
3524.04
3524.04
3524.04
3524.04
3524.04
3524.04
3524.04
3524.04
3524.04
3524.04
3524.04
3524.04
3524.04
3524.04
3524.04
3524.04
3524.04
3524.04
3524.04
3524.04
3524.04
3524.04
3524.04
3524.04
3524.04
3524.04
3524.04
3524.04
3524.04
3524.04
3524.04
3524.04
3524.04
3524.04
3524.04
3524.04
3524.04
3524.04
3524.04
3524.04
3524.04
3524.04
3524.04
3524.04
3524.04
3524.04
3524.04
3524.04
3524.04
3524.04
3524.04
3524.04
3524.04
3524.04
3524.04
3524.04
3524.04
3524.04
3524.04
3524.04
3524.04
3524.04
3524.04
3524.04
3524.04
3524.04
3524.04
3524.04
3524.04
3524.04
3524.04
3524.04
3524.04
3524.04
3524.04
3524.04
3524.04
3524.04
3524.04
3524.04
3524.04
3524.04
3524.04
3524.04
3524.04
3524.04
3524.04
3524.04
3524.04
3524.04
3524.04
3524.04
3524.03
3524.03
3524.03
3524.03
3524.03
3524.03
3524.03
3524.03
3524.02
3524.02
3524.02
3524.02
3524.02
3524.01
3524.01
3524.01
3524
3524
3524
3523.99
3523.99
3523.98
3523.98
3523.97
3523.97
3523.96
3523.96
3523.96
3523.95
3523.96
3523.95
3523.95
3523.96
3523.96
3523.96
3523.96
3523.96
3523.95
3523.95
3523.95
3523.95
3523.95
3523.94
3523.94
3523.94
3523.94
3523.94
3523.93
3523.93
3523.93
3523.93
3523.93
3523.93
3523.93
3523.93
3523.93
3523.93
3523.93
3523.93
3523.92
3523.92
3523.92
3523.92
3523.92
3523.92
3523.92
3523.92
3523.92
3523.92
3523.92
3523.92
3523.92
3523.92
3523.92
3523.92
3523.92
3523.92
3523.92
3523.92
3523.92
3523.92
3523.92
3523.92
3523.92
3523.92
3523.92
3523.92
3523.92
3523.92
3523.92
3523.92
3523.92
3523.92
3523.92
3523.92
3523.92
3523.92
3523.92
3523.92
3523.92
3523.92
3523.92
3523.92
3523.92
3523.92
3523.92
3523.92
3523.92
3523.92
3523.92
3523.92
3523.92
3523.92
3523.92
3523.92
3523.92
3523.92
3523.92
3523.92
3523.92
3523.92
3523.92
3523.92
3523.92
3523.92
3523.92
3523.92
3523.92
3523.92
3523.92
3523.92
3523.92
3523.92
3523.92
3523.92
3523.92
3523.92
3523.92
3523.92
3523.92
3523.92
3523.92
3523.92
3523.92
3523.92
3523.92
3523.92
3523.92
3523.92
3523.92
3523.92
3523.92
3523.92
3523.92
3523.92
3523.92
3523.92
3523.92
3523.92
3523.92
3523.92
3523.92
3523.92
3523.92
3523.92
3523.92
3523.92
3523.92
3523.92
3523.92
3523.92
3523.92
3523.92
3523.92
3523.92
3523.92
3523.92
3523.92
3523.92
3523.92
3523.92
3523.92
3523.92
3523.92
3523.92
3523.92
3523.92
3523.92
3523.92
3523.92
3523.92
3523.92
3523.92
3523.92
3523.92
3523.92
3523.92
3523.91
3523.91
3523.91
3523.91
3523.91
3523.91
3523.91
3523.91
3523.91
3523.91
3523.9
3523.9
3523.9
3523.9
3523.9
3523.89
3523.89
3523.89
3523.89
3523.88
3523.88
3523.88
3523.87
3523.87
3523.86
3523.86
3523.85
3523.85
3523.85
3523.84
3523.84
3523.84
3523.84
3523.83
3523.83
3523.83
3523.83
3523.83
3523.83
3523.83
3523.83
3523.83
3523.82
3523.82
3523.82
3523.82
3523.82
3523.81
3523.81
3523.81
3523.81
3523.81
3523.81
3523.81
3523.81
3523.81
3523.8
3523.8
3523.8
3523.8
3523.8
3523.8
3523.8
3523.8
3523.8
3523.8
3523.8
3523.8
3523.8
3523.8
3523.8
3523.8
3523.8
3523.8
3523.8
3523.8
3523.8
3523.8
3523.8
3523.8
3523.8
3523.8
3523.8
3523.8
3523.8
3523.8
3523.8
3523.8
3523.8
3523.8
3523.8
3523.8
3523.8
3523.8
3523.8
3523.8
3523.8
3523.8
3523.8
3523.8
3523.8
3523.8
3523.8
3523.8
3523.8
3523.8
3523.8
3523.8
3523.8
3523.8
3523.8
3523.8
3523.8
3523.8
3523.8
3523.8
3523.8
3523.8
3523.8
3523.8
3523.8
3523.8
3523.8
3523.8
3523.8
3523.8
3523.8
3523.8
3523.8
3523.8
3523.8
3523.8
3523.8
3523.8
3523.8
3523.8
3523.8
3523.8
3523.8
3523.8
3523.8
3523.8
3523.8
3523.8
3523.8
3523.8
3523.8
3523.8
3523.8
3523.8
3523.8
3523.8
3523.8
3523.8
3523.8
3523.8
3523.8
3523.8
3523.8
3523.8
3523.8
3523.8
3523.8
3523.8
3523.8
3523.8
3523.8
3523.8
3523.8
3523.8
3523.8
3523.8
3523.8
3523.8
3523.8
3523.8
3523.8
3523.8
3523.8
3523.8
3523.8
3523.8
3523.8
3523.8
3523.8
3523.8
3523.8
3523.8
3523.8
3523.8
3523.8
3523.8
3523.8
3523.8
3523.8
3523.8
3523.79
3523.79
3523.79
3523.79
3523.79
3523.79
3523.79
3523.79
3523.79
3523.79
3523.79
3523.79
3523.78
3523.78
3523.78
3523.78
3523.78
3523.78
3523.77
3523.77
3523.77
3523.77
3523.76
3523.76
3523.76
3523.75
3523.75
3523.75
3523.74
3523.74
3523.74
3523.73
3523.73
3523.73
3523.72
3523.72
3523.72
3523.7
3523.7
3523.7
3523.7
3523.7
3523.7
3523.7
3523.7
3523.7
3523.7
3523.7
3523.7
3523.69
3523.69
3523.69
3523.69
3523.69
3523.69
3523.69
3523.68
3523.68
3523.68
3523.68
3523.68
3523.68
3523.68
3523.68
3523.68
3523.68
3523.68
3523.68
3523.68
3523.68
3523.68
3523.68
3523.68
3523.68
3523.68
3523.68
3523.68
3523.68
3523.68
3523.68
3523.68
3523.68
3523.68
3523.68
3523.68
3523.68
3523.68
3523.68
3523.68
3523.68
3523.68
3523.68
3523.68
3523.68
3523.68
3523.68
3523.68
3523.68
3523.68
3523.68
3523.68
3523.68
3523.68
3523.68
3523.68
3523.68
3523.68
3523.68
3523.68
3523.68
3523.68
3523.68
3523.68
3523.68
3523.68
3523.68
3523.68
3523.68
3523.68
3523.68
3523.68
3523.68
3523.68
3523.68
3523.68
3523.68
3523.68
3523.68
3523.68
3523.68
3523.68
3523.68
3523.68
3523.68
3523.68
3523.68
3523.68
3523.68
3523.68
3523.68
3523.68
3523.68
3523.68
3523.68
3523.68
3523.68
3523.68
3523.68
3523.68
3523.68
3523.68
3523.68
3523.68
3523.68
3523.68
3523.68
3523.68
3523.68
3523.68
3523.68
3523.68
3523.68
3523.68
3523.68
3523.68
3523.68
3523.68
3523.68
3523.68
3523.68
3523.68
3523.68
3523.68
3523.68
3523.68
3523.68
3523.68
3523.68
3523.68
3523.68
3523.68
3523.68
3523.68
3523.68
3523.68
3523.68
3523.68
3523.68
3523.68
3523.68
3523.68
3523.68
3523.68
3523.67
3523.67
3523.67
3523.67
3523.67
3523.67
3523.67
3523.67
3523.67
3523.67
3523.67
3523.67
3523.67
3523.67
3523.67
3523.67
3523.67
3523.66
3523.66
3523.66
3523.66
3523.66
3523.66
3523.66
3523.65
3523.65
3523.65
3523.65
3523.65
3523.64
3523.64
3523.64
3523.63
3523.63
3523.63
3523.62
3523.62
3523.62
3523.61
3523.61
3523.61
3523.61
3523.61
3523.61
3523.58
3523.58
3523.58
3523.58
3523.58
3523.58
3523.58
3523.58
3523.57
3523.57
3523.57
3523.57
3523.57
3523.57
3523.57
3523.56
3523.56
3523.56
3523.56
3523.56
3523.56
3523.56
3523.56
3523.56
3523.56
3523.56
3523.56
3523.56
3523.56
3523.56
3523.56
3523.56
3523.56
3523.56
3523.56
3523.56
3523.56
3523.56
3523.56
3523.56
3523.56
3523.56
3523.56
3523.56
3523.56
3523.56
3523.56
3523.56
3523.56
3523.56
3523.56
3523.56
3523.56
3523.56
3523.56
3523.56
3523.56
3523.56
3523.56
3523.56
3523.55
3523.55
3523.55
3523.55
3523.55
3523.55
3523.55
3523.55
3523.55
3523.55
3523.55
3523.55
3523.55
3523.55
3523.55
3523.55
3523.55
3523.55
3523.55
3523.55
3523.55
3523.55
3523.55
3523.55
3523.55
3523.55
3523.55
3523.55
3523.55
3523.55
3523.55
3523.55
3523.55
3523.55
3523.55
3523.55
3523.55
3523.55
3523.55
3523.55
3523.55
3523.55
3523.55
3523.55
3523.55
3523.55
3523.55
3523.55
3523.55
3523.55
3523.55
3523.55
3523.55
3523.55
3523.55
3523.55
3523.55
3523.55
3523.55
3523.55
3523.55
3523.55
3523.55
3523.55
3523.55
3523.55
3523.55
3523.55
3523.55
3523.55
3523.55
3523.55
3523.55
3523.55
3523.55
3523.55
3523.55
3523.55
3523.55
3523.55
3523.55
3523.55
3523.55
3523.55
3523.55
3523.55
3523.55
3523.55
3523.55
3523.55
3523.55
3523.55
3523.55
3523.55
3523.55
3523.55
3523.55
3523.55
3523.55
3523.55
3523.55
3523.55
3523.55
3523.55
3523.55
3523.55
3523.55
3523.55
3523.55
3523.55
3523.55
3523.54
3523.54
3523.54
3523.54
3523.54
3523.54
3523.54
3523.54
3523.53
3523.53
3523.53
3523.53
3523.53
3523.52
3523.52
3523.52
3523.52
3523.51
3523.51
3523.51
3523.5
3523.5
3523.5
3523.5
3523.49
3523.49
3523.49
3523.49
3523.49
3523.45
3523.45
3523.45
3523.45
3523.45
3523.45
3523.45
3523.45
3523.45
3523.45
3523.45
3523.44
3523.44
3523.44
3523.44
3523.44
3523.44
3523.44
3523.44
3523.44
3523.44
3523.44
3523.44
3523.44
3523.44
3523.44
3523.43
3523.43
3523.43
3523.43
3523.43
3523.43
3523.43
3523.43
3523.43
3523.43
3523.43
3523.43
3523.43
3523.43
3523.43
3523.43
3523.43
3523.43
3523.43
3523.43
3523.43
3523.43
3523.43
3523.43
3523.43
3523.43
3523.43
3523.43
3523.43
3523.43
3523.43
3523.43
3523.43
3523.43
3523.43
3523.43
3523.43
3523.43
3523.43
3523.43
3523.43
3523.43
3523.43
3523.43
3523.43
3523.43
3523.43
3523.43
3523.43
3523.43
3523.43
3523.43
3523.43
3523.43
3523.43
3523.43
3523.43
3523.43
3523.43
3523.43
3523.43
3523.43
3523.43
3523.43
3523.43
3523.43
3523.43
3523.43
3523.43
3523.43
3523.43
3523.43
3523.43
3523.43
3523.43
3523.43
3523.43
3523.43
3523.43
3523.43
3523.43
3523.43
3523.43
3523.43
3523.43
3523.43
3523.43
3523.43
3523.43
3523.43
3523.43
3523.43
3523.43
3523.43
3523.43
3523.43
3523.43
3523.43
3523.43
3523.43
3523.43
3523.43
3523.43
3523.43
3523.43
3523.43
3523.43
3523.43
3523.43
3523.43
3523.43
3523.43
3523.43
3523.43
3523.43
3523.43
3523.43
3523.43
3523.43
3523.43
3523.43
3523.43
3523.43
3523.43
3523.43
3523.43
3523.43
3523.43
3523.43
3523.43
3523.43
3523.43
3523.43
3523.43
3523.43
3523.43
3523.43
3523.43
3523.43
3523.43
3523.43
3523.43
3523.43
3523.42
3523.42
3523.42
3523.42
3523.42
3523.42
3523.42
3523.42
3523.42
3523.41
3523.41
3523.41
3523.41
3523.41
3523.41
3523.4
3523.4
3523.4
3523.4
3523.39
3523.39
3523.39
3523.39
3523.38
3523.38
3523.38
3523.38
3523.37
3523.37
3523.37
3523.37
3523.33
3523.33
3523.33
3523.33
3523.33
3523.33
3523.32
3523.32
3523.32
3523.32
3523.32
3523.32
3523.32
3523.32
3523.32
3523.32
3523.31
3523.31
3523.31
3523.31
3523.31
3523.31
3523.31
3523.31
3523.31
3523.31
3523.31
3523.31
3523.31
3523.31
3523.31
3523.31
3523.31
3523.31
3523.31
3523.31
3523.31
3523.31
3523.31
3523.31
3523.31
3523.31
3523.31
3523.31
3523.31
3523.31
3523.31
3523.31
3523.31
3523.31
3523.31
3523.31
3523.31
3523.31
3523.31
3523.31
3523.31
3523.31
3523.31
3523.31
3523.31
3523.31
3523.31
3523.31
3523.31
3523.31
3523.31
3523.31
3523.31
3523.31
3523.31
3523.31
3523.31
3523.31
3523.31
3523.31
3523.31
3523.31
3523.31
3523.31
3523.31
3523.31
3523.31
3523.31
3523.31
3523.31
3523.31
3523.31
3523.31
3523.31
3523.31
3523.31
3523.31
3523.31
3523.31
3523.31
3523.31
3523.31
3523.31
3523.31
3523.31
3523.31
3523.31
3523.31
3523.31
3523.31
3523.31
3523.31
3523.31
3523.31
3523.31
3523.31
3523.31
3523.31
3523.31
3523.31
3523.31
3523.31
3523.31
3523.31
3523.31
3523.31
3523.31
3523.31
3523.31
3523.31
3523.31
3523.31
3523.31
3523.31
3523.31
3523.31
3523.31
3523.31
3523.31
3523.31
3523.31
3523.31
3523.31
3523.31
3523.31
3523.31
3523.31
3523.31
3523.31
3523.31
3523.31
3523.31
3523.31
3523.31
3523.31
3523.31
3523.31
3523.31
3523.31
3523.31
3523.31
3523.31
3523.31
3523.31
3523.31
3523.31
3523.31
3523.31
3523.31
3523.31
3523.3
3523.3
3523.3
3523.3
3523.3
3523.3
3523.3
3523.3
3523.3
3523.3
3523.3
3523.29
3523.29
3523.29
3523.29
3523.29
3523.29
3523.28
3523.28
3523.28
3523.28
3523.28
3523.27
3523.27
3523.27
3523.27
3523.26
3523.26
3523.26
3523.26
3523.26
3523.26
3523.25
3523.26
3523.2
3523.2
3523.2
3523.2
3523.2
3523.2
3523.2
3523.2
3523.2
3523.2
3523.2
3523.19
3523.19
3523.19
3523.19
3523.19
3523.19
3523.19
3523.19
3523.19
3523.19
3523.19
3523.19
3523.19
3523.19
3523.19
3523.19
3523.19
3523.19
3523.19
3523.19
3523.19
3523.19
3523.19
3523.19
3523.19
3523.19
3523.19
3523.19
3523.19
3523.19
3523.19
3523.19
3523.19
3523.19
3523.19
3523.19
3523.19
3523.19
3523.19
3523.19
3523.19
3523.19
3523.19
3523.19
3523.19
3523.19
3523.19
3523.19
3523.19
3523.19
3523.19
3523.19
3523.19
3523.19
3523.19
3523.19
3523.19
3523.19
3523.19
3523.19
3523.19
3523.19
3523.19
3523.19
3523.19
3523.19
3523.19
3523.19
3523.19
3523.19
3523.19
3523.19
3523.19
3523.19
3523.19
3523.19
3523.19
3523.19
3523.19
3523.19
3523.19
3523.19
3523.19
3523.19
3523.19
3523.19
3523.19
3523.19
3523.19
3523.19
3523.19
3523.19
3523.19
3523.19
3523.19
3523.19
3523.19
3523.19
3523.19
3523.19
3523.19
3523.19
3523.19
3523.19
3523.19
3523.19
3523.19
3523.19
3523.19
3523.19
3523.19
3523.19
3523.19
3523.19
3523.19
3523.19
3523.19
3523.19
3523.19
3523.19
3523.19
3523.19
3523.19
3523.19
3523.19
3523.19
3523.19
3523.19
3523.19
3523.19
3523.19
3523.19
3523.19
3523.19
3523.19
3523.19
3523.19
3523.19
3523.19
3523.19
3523.19
3523.19
3523.19
3523.19
3523.19
3523.19
3523.19
3523.19
3523.19
3523.19
3523.19
3523.18
3523.18
3523.18
3523.18
3523.18
3523.18
3523.18
3523.18
3523.18
3523.18
3523.18
3523.18
3523.18
3523.18
3523.17
3523.17
3523.17
3523.17
3523.17
3523.17
3523.17
3523.16
3523.16
3523.16
3523.16
3523.16
3523.15
3523.15
3523.15
3523.15
3523.14
3523.14
3523.14
3523.14
3523.14
3523.14
3523.14
3523.14
3523.08
3523.08
3523.08
3523.08
3523.08
3523.08
3523.07
3523.07
3523.07
3523.07
3523.07
3523.07
3523.07
3523.07
3523.07
3523.07
3523.07
3523.07
3523.07
3523.07
3523.07
3523.07
3523.07
3523.07
3523.07
3523.07
3523.07
3523.07
3523.07
3523.07
3523.07
3523.07
3523.07
3523.07
3523.07
3523.07
3523.07
3523.07
3523.07
3523.07
3523.07
3523.07
3523.07
3523.07
3523.07
3523.07
3523.07
3523.07
3523.07
3523.07
3523.07
3523.07
3523.07
3523.07
3523.07
3523.07
3523.07
3523.07
3523.07
3523.07
3523.07
3523.07
3523.07
3523.07
3523.07
3523.07
3523.07
3523.07
3523.07
3523.07
3523.07
3523.07
3523.07
3523.07
3523.07
3523.07
3523.07
3523.07
3523.07
3523.07
3523.07
3523.07
3523.07
3523.07
3523.07
3523.07
3523.07
3523.07
3523.07
3523.07
3523.07
3523.07
3523.07
3523.07
3523.07
3523.07
3523.07
3523.07
3523.07
3523.07
3523.07
3523.07
3523.07
3523.07
3523.07
3523.07
3523.07
3523.07
3523.07
3523.07
3523.07
3523.07
3523.07
3523.07
3523.07
3523.07
3523.07
3523.07
3523.07
3523.07
3523.07
3523.07
3523.07
3523.07
3523.07
3523.07
3523.07
3523.07
3523.07
3523.07
3523.07
3523.07
3523.07
3523.07
3523.07
3523.07
3523.07
3523.07
3523.07
3523.07
3523.07
3523.07
3523.07
3523.07
3523.07
3523.07
3523.07
3523.07
3523.07
3523.07
3523.07
3523.07
3523.07
3523.07
3523.07
3523.07
3523.06
3523.06
3523.06
3523.06
3523.06
3523.06
3523.06
3523.06
3523.06
3523.06
3523.06
3523.06
3523.06
3523.06
3523.06
3523.06
3523.06
3523.06
3523.05
3523.05
3523.05
3523.05
3523.05
3523.05
3523.05
3523.05
3523.04
3523.04
3523.04
3523.04
3523.04
3523.04
3523.03
3523.03
3523.03
3523.03
3523.03
3523.02
3523.02
3523.02
3523.02
3523.02
3523.02
3523.02
3522.95
3522.95
3522.95
3522.95
3522.95
3522.95
3522.95
3522.95
3522.95
3522.95
3522.94
3522.94
3522.94
3522.94
3522.94
3522.94
3522.94
3522.94
3522.94
3522.94
3522.94
3522.94
3522.94
3522.94
3522.94
3522.94
3522.94
3522.94
3522.94
3522.94
3522.94
3522.94
3522.94
3522.95
3522.95
3522.95
3522.95
3522.95
3522.95
3522.95
3522.95
3522.95
3522.95
3522.95
3522.95
3522.95
3522.95
3522.95
3522.95
3522.95
3522.95
3522.95
3522.95
3522.95
3522.95
3522.95
3522.95
3522.95
3522.95
3522.94
3522.94
3522.94
3522.94
3522.94
3522.94
3522.94
3522.94
3522.94
3522.94
3522.94
3522.94
3522.94
3522.94
3522.94
3522.94
3522.94
3522.94
3522.94
3522.94
3522.94
3522.94
3522.94
3522.94
3522.94
3522.94
3522.94
3522.94
3522.94
3522.94
3522.94
3522.94
3522.94
3522.94
3522.94
3522.94
3522.94
3522.94
3522.94
3522.94
3522.94
3522.94
3522.94
3522.94
3522.94
3522.94
3522.94
3522.94
3522.94
3522.94
3522.94
3522.94
3522.94
3522.94
3522.94
3522.94
3522.94
3522.94
3522.94
3522.94
3522.94
3522.94
3522.94
3522.94
3522.94
3522.94
3522.94
3522.94
3522.94
3522.94
3522.94
3522.94
3522.94
3522.94
3522.94
3522.94
3522.94
3522.94
3522.94
3522.94
3522.94
3522.94
3522.94
3522.94
3522.94
3522.94
3522.94
3522.94
3522.94
3522.94
3522.94
3522.94
3522.94
3522.94
3522.94
3522.94
3522.94
3522.94
3522.94
3522.94
3522.94
3522.94
3522.94
3522.94
3522.94
3522.94
3522.94
3522.94
3522.94
3522.94
3522.94
3522.94
3522.94
3522.94
3522.93
3522.93
3522.93
3522.93
3522.93
3522.93
3522.93
3522.93
3522.92
3522.92
3522.92
3522.92
3522.92
3522.92
3522.92
3522.91
3522.91
3522.91
3522.91
3522.91
3522.91
3522.9
3522.9
3522.9
3522.9
3522.9
3522.9
3522.83
3522.83
3522.83
3522.83
3522.83
3522.83
3522.82
3522.82
3522.82
3522.82
3522.82
3522.82
3522.82
3522.82
3522.82
3522.82
3522.82
3522.82
3522.82
3522.82
3522.82
3522.82
3522.82
3522.82
3522.82
3522.82
3522.82
3522.82
3522.82
3522.82
3522.82
3522.82
3522.82
3522.82
3522.82
3522.82
3522.82
3522.82
3522.82
3522.82
3522.82
3522.82
3522.82
3522.82
3522.82
3522.82
3522.82
3522.82
3522.82
3522.82
3522.82
3522.82
3522.82
3522.82
3522.82
3522.82
3522.82
3522.82
3522.82
3522.82
3522.82
3522.82
3522.82
3522.82
3522.82
3522.82
3522.82
3522.82
3522.82
3522.82
3522.82
3522.82
3522.82
3522.82
3522.82
3522.82
3522.82
3522.82
3522.82
3522.82
3522.82
3522.82
3522.82
3522.82
3522.82
3522.82
3522.82
3522.82
3522.82
3522.82
3522.82
3522.82
3522.82
3522.82
3522.82
3522.82
3522.82
3522.82
3522.82
3522.82
3522.82
3522.82
3522.82
3522.82
3522.82
3522.82
3522.82
3522.82
3522.82
3522.82
3522.82
3522.82
3522.82
3522.82
3522.82
3522.82
3522.82
3522.82
3522.82
3522.82
3522.82
3522.82
3522.82
3522.82
3522.82
3522.82
3522.82
3522.82
3522.82
3522.82
3522.82
3522.82
3522.82
3522.82
3522.82
3522.82
3522.82
3522.82
3522.82
3522.82
3522.82
3522.82
3522.82
3522.82
3522.82
3522.82
3522.82
3522.82
3522.82
3522.82
3522.82
3522.82
3522.82
3522.82
3522.82
3522.82
3522.82
3522.82
3522.82
3522.82
3522.82
3522.82
3522.82
3522.82
3522.82
3522.82
3522.82
3522.82
3522.82
3522.82
3522.81
3522.81
3522.81
3522.81
3522.81
3522.81
3522.81
3522.81
3522.81
3522.81
3522.81
3522.8
3522.8
3522.8
3522.8
3522.8
3522.8
3522.79
3522.79
3522.79
3522.79
3522.79
3522.79
3522.79
3522.79
3522.78
3522.78
3522.78
3522.78
3522.78
3522.7
3522.7
3522.7
3522.7
3522.7
3522.7
3522.7
3522.7
3522.7
3522.7
3522.69
3522.69
3522.69
3522.69
3522.69
3522.69
3522.69
3522.69
3522.69
3522.69
3522.69
3522.69
3522.69
3522.7
3522.7
3522.7
3522.7
3522.7
3522.7
3522.7
3522.7
3522.7
3522.7
3522.7
3522.7
3522.7
3522.7
3522.7
3522.7
3522.7
3522.7
3522.7
3522.7
3522.7
3522.7
3522.7
3522.7
3522.7
3522.7
3522.7
3522.7
3522.7
3522.7
3522.7
3522.7
3522.7
3522.7
3522.7
3522.7
3522.7
3522.7
3522.7
3522.7
3522.7
3522.7
3522.7
3522.7
3522.7
3522.7
3522.7
3522.7
3522.7
3522.7
3522.7
3522.7
3522.7
3522.7
3522.7
3522.7
3522.7
3522.7
3522.7
3522.7
3522.7
3522.7
3522.7
3522.7
3522.7
3522.7
3522.7
3522.7
3522.7
3522.7
3522.7
3522.7
3522.7
3522.7
3522.7
3522.7
3522.7
3522.7
3522.7
3522.7
3522.7
3522.7
3522.7
3522.7
3522.7
3522.7
3522.7
3522.7
3522.7
3522.7
3522.7
3522.7
3522.7
3522.7
3522.7
3522.7
3522.7
3522.7
3522.7
3522.7
3522.7
3522.7
3522.7
3522.7
3522.7
3522.7
3522.7
3522.7
3522.7
3522.7
3522.7
3522.7
3522.7
3522.7
3522.7
3522.7
3522.7
3522.7
3522.7
3522.7
3522.7
3522.7
3522.7
3522.7
3522.7
3522.7
3522.7
3522.7
3522.7
3522.7
3522.7
3522.7
3522.7
3522.7
3522.7
3522.7
3522.7
3522.7
3522.7
3522.7
3522.7
3522.7
3522.7
3522.7
3522.7
3522.69
3522.69
3522.69
3522.69
3522.69
3522.69
3522.69
3522.69
3522.69
3522.69
3522.69
3522.69
3522.68
3522.68
3522.68
3522.68
3522.68
3522.68
3522.68
3522.67
3522.67
3522.67
3522.67
3522.67
3522.67
3522.67
3522.67
3522.67
3522.66
3522.66
3522.66
3522.67
3522.58
3522.58
3522.58
3522.58
3522.58
3522.58
3522.57
3522.57
3522.57
3522.57
3522.57
3522.57
3522.57
3522.57
3522.57
3522.57
3522.57
3522.57
3522.57
3522.57
3522.57
3522.57
3522.57
3522.57
3522.57
3522.57
3522.57
3522.58
3522.58
3522.58
3522.58
3522.58
3522.58
3522.58
3522.58
3522.58
3522.58
3522.58
3522.58
3522.58
3522.58
3522.58
3522.58
3522.58
3522.58
3522.58
3522.58
3522.58
3522.58
3522.58
3522.58
3522.58
3522.58
3522.58
3522.58
3522.58
3522.58
3522.58
3522.58
3522.58
3522.58
3522.58
3522.58
3522.58
3522.58
3522.58
3522.58
3522.58
3522.58
3522.58
3522.58
3522.58
3522.58
3522.58
3522.58
3522.58
3522.58
3522.58
3522.58
3522.58
3522.58
3522.58
3522.58
3522.58
3522.58
3522.58
3522.58
3522.58
3522.58
3522.58
3522.58
3522.58
3522.58
3522.58
3522.58
3522.58
3522.58
3522.58
3522.58
3522.58
3522.58
3522.58
3522.58
3522.58
3522.58
3522.58
3522.58
3522.58
3522.58
3522.58
3522.58
3522.58
3522.58
3522.58
3522.58
3522.58
3522.58
3522.58
3522.58
3522.58
3522.58
3522.58
3522.58
3522.58
3522.58
3522.58
3522.58
3522.58
3522.58
3522.58
3522.58
3522.58
3522.58
3522.58
3522.58
3522.58
3522.58
3522.58
3522.58
3522.58
3522.58
3522.58
3522.58
3522.58
3522.58
3522.58
3522.58
3522.58
3522.58
3522.58
3522.58
3522.58
3522.58
3522.58
3522.58
3522.58
3522.58
3522.58
3522.58
3522.58
3522.58
3522.58
3522.58
3522.58
3522.57
3522.57
3522.57
3522.57
3522.57
3522.57
3522.57
3522.57
3522.57
3522.57
3522.57
3522.57
3522.57
3522.57
3522.57
3522.56
3522.56
3522.56
3522.56
3522.56
3522.56
3522.56
3522.56
3522.55
3522.55
3522.55
3522.55
3522.55
3522.55
3522.55
3522.55
3522.55
3522.55
3522.55
3522.55
3522.55
3522.46
3522.46
3522.46
3522.45
3522.45
3522.45
3522.45
3522.45
3522.45
3522.44
3522.44
3522.44
3522.44
3522.44
3522.44
3522.44
3522.44
3522.44
3522.44
3522.44
3522.44
3522.45
3522.45
3522.45
3522.45
3522.45
3522.45
3522.45
3522.45
3522.45
3522.45
3522.46
3522.46
3522.46
3522.46
3522.46
3522.46
3522.46
3522.46
3522.46
3522.46
3522.46
3522.46
3522.46
3522.46
3522.46
3522.46
3522.46
3522.46
3522.46
3522.46
3522.46
3522.46
3522.46
3522.46
3522.46
3522.46
3522.46
3522.46
3522.46
3522.46
3522.46
3522.46
3522.46
3522.46
3522.46
3522.46
3522.46
3522.46
3522.46
3522.46
3522.46
3522.46
3522.46
3522.46
3522.46
3522.46
3522.46
3522.46
3522.46
3522.46
3522.46
3522.46
3522.46
3522.46
3522.46
3522.46
3522.46
3522.46
3522.46
3522.46
3522.46
3522.46
3522.46
3522.46
3522.46
3522.46
3522.46
3522.46
3522.46
3522.46
3522.46
3522.46
3522.46
3522.46
3522.46
3522.46
3522.46
3522.46
3522.46
3522.46
3522.46
3522.46
3522.46
3522.46
3522.46
3522.46
3522.46
3522.46
3522.46
3522.46
3522.46
3522.46
3522.46
3522.46
3522.46
3522.46
3522.46
3522.46
3522.46
3522.46
3522.46
3522.46
3522.46
3522.46
3522.46
3522.46
3522.46
3522.46
3522.46
3522.46
3522.46
3522.46
3522.46
3522.46
3522.46
3522.46
3522.46
3522.46
3522.46
3522.46
3522.46
3522.46
3522.46
3522.46
3522.46
3522.46
3522.46
3522.46
3522.45
3522.45
3522.45
3522.45
3522.45
3522.45
3522.45
3522.45
3522.45
3522.45
3522.45
3522.45
3522.45
3522.45
3522.45
3522.45
3522.45
3522.45
3522.45
3522.44
3522.44
3522.44
3522.44
3522.44
3522.44
3522.44
3522.44
3522.44
3522.43
3522.43
3522.43
3522.43
3522.43
3522.43
3522.43
3522.43
3522.43
3522.43
3522.43
3522.43
3522.43
3522.33
3522.33
3522.33
3522.33
3522.33
3522.33
3522.32
3522.32
3522.32
3522.32
3522.32
3522.31
3522.31
3522.31
3522.31
3522.31
3522.31
3522.32
3522.32
3522.32
3522.32
3522.32
3522.32
3522.33
3522.33
3522.33
3522.33
3522.33
3522.33
3522.33
3522.33
3522.33
3522.33
3522.33
3522.33
3522.33
3522.34
3522.34
3522.34
3522.34
3522.34
3522.34
3522.34
3522.34
3522.34
3522.34
3522.34
3522.34
3522.34
3522.34
3522.34
3522.34
3522.34
3522.34
3522.34
3522.34
3522.34
3522.34
3522.34
3522.34
3522.33
3522.33
3522.33
3522.33
3522.33
3522.33
3522.33
3522.33
3522.33
3522.33
3522.33
3522.33
3522.33
3522.33
3522.33
3522.33
3522.33
3522.33
3522.33
3522.33
3522.33
3522.33
3522.33
3522.33
3522.33
3522.33
3522.33
3522.33
3522.33
3522.33
3522.33
3522.33
3522.33
3522.33
3522.33
3522.33
3522.33
3522.33
3522.33
3522.33
3522.33
3522.33
3522.33
3522.33
3522.33
3522.33
3522.33
3522.33
3522.33
3522.33
3522.33
3522.33
3522.33
3522.33
3522.33
3522.33
3522.33
3522.33
3522.33
3522.33
3522.33
3522.33
3522.33
3522.33
3522.33
3522.33
3522.33
3522.33
3522.33
3522.33
3522.33
3522.34
3522.34
3522.34
3522.34
3522.34
3522.34
3522.34
3522.34
3522.34
3522.34
3522.34
3522.33
3522.33
3522.33
3522.33
3522.33
3522.33
3522.33
3522.33
3522.33
3522.33
3522.33
3522.33
3522.33
3522.33
3522.33
3522.33
3522.33
3522.33
3522.33
3522.33
3522.33
3522.33
3522.33
3522.33
3522.33
3522.33
3522.33
3522.33
3522.33
3522.33
3522.33
3522.33
3522.33
3522.33
3522.32
3522.32
3522.32
3522.32
3522.32
3522.32
3522.32
3522.32
3522.32
3522.32
3522.32
3522.31
3522.31
3522.31
3522.31
3522.31
3522.31
3522.31
3522.31
3522.31
3522.31
3522.31
3522.31
3522.31
3522.21
3522.22
3522.21
3522.21
3522.2
3522.2
3522.2
3522.2
3522.19
3522.19
3522.19
3522.19
3522.19
3522.19
3522.19
3522.19
3522.19
3522.19
3522.19
3522.19
3522.2
3522.2
3522.2
3522.2
3522.2
3522.21
3522.21
3522.21
3522.21
3522.21
3522.21
3522.21
3522.21
3522.21
3522.21
3522.21
3522.21
3522.21
3522.21
3522.21
3522.21
3522.21
3522.21
3522.21
3522.21
3522.21
3522.21
3522.21
3522.21
3522.21
3522.21
3522.21
3522.21
3522.21
3522.21
3522.21
3522.21
3522.21
3522.21
3522.21
3522.21
3522.21
3522.21
3522.21
3522.21
3522.21
3522.21
3522.21
3522.21
3522.21
3522.21
3522.21
3522.21
3522.21
3522.21
3522.21
3522.21
3522.21
3522.21
3522.21
3522.21
3522.21
3522.21
3522.21
3522.21
3522.21
3522.21
3522.21
3522.21
3522.21
3522.21
3522.21
3522.21
3522.21
3522.21
3522.21
3522.21
3522.21
3522.21
3522.21
3522.21
3522.21
3522.21
3522.21
3522.21
3522.21
3522.21
3522.21
3522.21
3522.21
3522.21
3522.21
3522.21
3522.21
3522.21
3522.21
3522.21
3522.21
3522.21
3522.21
3522.21
3522.21
3522.21
3522.21
3522.21
3522.21
3522.21
3522.21
3522.21
3522.21
3522.21
3522.21
3522.21
3522.21
3522.21
3522.21
3522.21
3522.21
3522.21
3522.21
3522.21
3522.21
3522.21
3522.21
3522.21
3522.21
3522.21
3522.21
3522.21
3522.21
3522.21
3522.21
3522.21
3522.21
3522.21
3522.21
3522.21
3522.21
3522.21
3522.21
3522.21
3522.21
3522.21
3522.21
3522.21
3522.21
3522.21
3522.21
3522.21
3522.21
3522.21
3522.21
3522.21
3522.21
3522.21
3522.2
3522.2
3522.2
3522.2
3522.2
3522.2
3522.2
3522.2
3522.2
3522.2
3522.2
3522.2
3522.19
3522.19
3522.19
3522.19
3522.19
3522.19
3522.19
3522.19
3522.19
3522.19
3522.19
3522.19
3522.19
3522.12
3522
3522.06
3522.08
3522.08
3522.08
3522.07
3522.07
3522.07
3522.06
3522.06
3522.06
3522.06
3522.06
3522.06
3522.06
3522.06
3522.06
3522.07
3522.07
3522.07
3522.07
3522.08
3522.08
3522.08
3522.08
3522.08
3522.09
3522.09
3522.09
3522.09
3522.09
3522.09
3522.09
3522.09
3522.09
3522.09
3522.09
3522.09
3522.09
3522.09
3522.09
3522.09
3522.09
3522.09
3522.09
3522.09
3522.09
3522.09
3522.09
3522.09
3522.09
3522.09
3522.09
3522.09
3522.09
3522.09
3522.09
3522.09
3522.09
3522.09
3522.09
3522.09
3522.09
3522.09
3522.09
3522.09
3522.09
3522.09
3522.09
3522.09
3522.09
3522.09
3522.09
3522.09
3522.09
3522.09
3522.09
3522.09
3522.09
3522.09
3522.09
3522.09
3522.09
3522.09
3522.09
3522.09
3522.09
3522.09
3522.09
3522.09
3522.09
3522.09
3522.09
3522.09
3522.09
3522.09
3522.09
3522.09
3522.09
3522.09
3522.09
3522.09
3522.09
3522.09
3522.09
3522.09
3522.09
3522.09
3522.09
3522.09
3522.09
3522.09
3522.09
3522.09
3522.09
3522.09
3522.09
3522.09
3522.09
3522.09
3522.09
3522.09
3522.09
3522.09
3522.09
3522.09
3522.09
3522.09
3522.09
3522.09
3522.09
3522.09
3522.09
3522.09
3522.09
3522.09
3522.09
3522.09
3522.09
3522.09
3522.09
3522.09
3522.09
3522.09
3522.09
3522.09
3522.09
3522.09
3522.09
3522.09
3522.09
3522.09
3522.09
3522.09
3522.09
3522.09
3522.09
3522.09
3522.09
3522.09
3522.09
3522.09
3522.09
3522.09
3522.09
3522.09
3522.09
3522.09
3522.09
3522.09
3522.09
3522.09
3522.08
3522.08
3522.08
3522.08
3522.08
3522.08
3522.08
3522.08
3522.08
3522.08
3522.08
3522.08
3522.08
3522.08
3522.07
3522.07
3522.07
3522.07
3522.07
3522.07
3522.07
3522.07
3522.07
3522.07
3522.07
3522.07
3522.07
3521.78
3522.82
3522.29
3522.06
3521.97
3521.95
3521.95
3521.94
3521.94
3521.94
3521.94
3521.94
3521.95
3521.95
3521.95
3521.95
3521.95
3521.94
3521.94
3521.94
3521.95
3521.95
3521.95
3521.96
3521.96
3521.96
3521.96
3521.96
3521.96
3521.97
3521.97
3521.97
3521.97
3521.97
3521.97
3521.97
3521.97
3521.97
3521.97
3521.97
3521.97
3521.97
3521.97
3521.97
3521.97
3521.97
3521.97
3521.97
3521.97
3521.97
3521.97
3521.97
3521.97
3521.97
3521.97
3521.97
3521.97
3521.97
3521.97
3521.97
3521.97
3521.97
3521.97
3521.97
3521.97
3521.97
3521.97
3521.97
3521.97
3521.97
3521.97
3521.97
3521.97
3521.97
3521.97
3521.97
3521.97
3521.97
3521.97
3521.97
3521.97
3521.97
3521.97
3521.97
3521.97
3521.97
3521.97
3521.97
3521.97
3521.97
3521.97
3521.97
3521.97
3521.97
3521.97
3521.97
3521.97
3521.97
3521.97
3521.97
3521.97
3521.97
3521.97
3521.97
3521.97
3521.97
3521.97
3521.97
3521.97
3521.97
3521.97
3521.97
3521.97
3521.97
3521.97
3521.97
3521.97
3521.97
3521.97
3521.97
3521.97
3521.97
3521.97
3521.97
3521.97
3521.97
3521.97
3521.97
3521.97
3521.97
3521.97
3521.97
3521.97
3521.97
3521.97
3521.97
3521.97
3521.97
3521.97
3521.97
3521.97
3521.97
3521.97
3521.97
3521.97
3521.97
3521.97
3521.97
3521.97
3521.97
3521.97
3521.97
3521.97
3521.97
3521.97
3521.97
3521.97
3521.97
3521.97
3521.97
3521.97
3521.97
3521.97
3521.97
3521.97
3521.97
3521.97
3521.97
3521.97
3521.97
3521.96
3521.96
3521.96
3521.96
3521.96
3521.96
3521.96
3521.96
3521.96
3521.96
3521.96
3521.96
3521.96
3521.96
3521.96
3521.96
3521.96
3521.95
3521.95
3521.95
3521.95
3521.95
3521.95
3521.95
3521.95
3521.95
3521.95
3521.95
3521.95
3521.95
3522.17
3515.76
3518.7
3520.69
3521.63
3521.82
3521.84
3521.84
3521.84
3521.86
3521.89
3521.92
3521.96
3521.98
3521.99
3521.97
3521.92
3521.88
3521.85
3521.83
3521.83
3521.83
3521.83
3521.83
3521.84
3521.84
3521.84
3521.84
3521.84
3521.84
3521.84
3521.85
3521.85
3521.85
3521.85
3521.85
3521.85
3521.85
3521.85
3521.85
3521.85
3521.85
3521.85
3521.85
3521.85
3521.85
3521.85
3521.85
3521.85
3521.85
3521.85
3521.85
3521.85
3521.85
3521.85
3521.85
3521.85
3521.85
3521.85
3521.85
3521.85
3521.85
3521.85
3521.85
3521.85
3521.85
3521.85
3521.85
3521.85
3521.85
3521.85
3521.85
3521.85
3521.85
3521.85
3521.85
3521.85
3521.85
3521.85
3521.85
3521.85
3521.85
3521.85
3521.85
3521.85
3521.85
3521.85
3521.85
3521.85
3521.85
3521.85
3521.85
3521.85
3521.85
3521.85
3521.85
3521.85
3521.85
3521.85
3521.85
3521.85
3521.85
3521.85
3521.85
3521.85
3521.85
3521.85
3521.85
3521.85
3521.85
3521.85
3521.85
3521.85
3521.85
3521.85
3521.85
3521.85
3521.85
3521.85
3521.85
3521.85
3521.85
3521.85
3521.85
3521.85
3521.85
3521.85
3521.85
3521.85
3521.85
3521.85
3521.85
3521.85
3521.85
3521.85
3521.85
3521.85
3521.85
3521.85
3521.85
3521.85
3521.85
3521.85
3521.85
3521.85
3521.85
3521.85
3521.85
3521.85
3521.85
3521.85
3521.85
3521.85
3521.85
3521.85
3521.85
3521.85
3521.85
3521.85
3521.85
3521.85
3521.85
3521.85
3521.85
3521.85
3521.84
3521.84
3521.84
3521.84
3521.84
3521.84
3521.84
3521.84
3521.84
3521.84
3521.84
3521.84
3521.84
3521.84
3521.84
3521.84
3521.84
3521.84
3521.84
3521.84
3521.84
3521.84
3521.83
3521.83
3521.83
3521.83
3521.83
3521.83
3521.83
3521.83
3521.83
3521.83
3521.83
3521.83
3521.83
3526.11
3551.13
3543.38
3531.55
3524.12
3521.97
3521.59
3521.72
3521.92
3522.14
3522.39
3522.69
3523
3523.23
3523.29
3523.13
3522.78
3522.36
3522.02
3521.82
3521.73
3521.71
3521.71
3521.71
3521.71
3521.72
3521.72
3521.72
3521.72
3521.72
3521.72
3521.72
3521.72
3521.72
3521.73
3521.73
3521.73
3521.73
3521.73
3521.73
3521.73
3521.73
3521.73
3521.73
3521.73
3521.73
3521.73
3521.73
3521.73
3521.73
3521.73
3521.73
3521.73
3521.73
3521.73
3521.73
3521.73
3521.73
3521.73
3521.73
3521.73
3521.73
3521.73
3521.73
3521.73
3521.72
3521.72
3521.72
3521.72
3521.72
3521.72
3521.72
3521.72
3521.72
3521.72
3521.72
3521.72
3521.72
3521.72
3521.72
3521.72
3521.72
3521.72
3521.72
3521.72
3521.72
3521.72
3521.72
3521.72
3521.72
3521.72
3521.72
3521.72
3521.72
3521.72
3521.72
3521.72
3521.72
3521.72
3521.72
3521.72
3521.72
3521.72
3521.72
3521.72
3521.72
3521.72
3521.72
3521.72
3521.72
3521.72
3521.72
3521.72
3521.72
3521.72
3521.72
3521.72
3521.72
3521.72
3521.73
3521.73
3521.73
3521.73
3521.73
3521.73
3521.73
3521.73
3521.73
3521.73
3521.73
3521.73
3521.73
3521.73
3521.73
3521.73
3521.73
3521.73
3521.73
3521.73
3521.73
3521.73
3521.73
3521.73
3521.73
3521.73
3521.73
3521.73
3521.73
3521.73
3521.73
3521.73
3521.73
3521.73
3521.73
3521.73
3521.73
3521.72
3521.72
3521.72
3521.72
3521.72
3521.72
3521.72
3521.72
3521.72
3521.72
3521.72
3521.72
3521.72
3521.72
3521.72
3521.72
3521.72
3521.72
3521.72
3521.72
3521.72
3521.72
3521.72
3521.72
3521.72
3521.72
3521.72
3521.72
3521.72
3521.72
3521.71
3521.71
3521.71
3521.71
3521.71
3521.71
3521.71
3521.71
3521.71
3521.71
3521.71
3521.71
3521.72
3521.72
3495.91
3402.08
3425.34
3469.22
3504.23
3519.16
3523.84
3524.42
3524.48
3525.16
3526.49
3528.24
3530.06
3531.49
3532.01
3531.28
3529.35
3526.76
3524.34
3522.7
3521.92
3521.66
3521.6
3521.59
3521.59
3521.59
3521.6
3521.6
3521.6
3521.6
3521.6
3521.6
3521.6
3521.6
3521.6
3521.6
3521.6
3521.6
3521.6
3521.6
3521.6
3521.6
3521.6
3521.6
3521.6
3521.6
3521.6
3521.6
3521.6
3521.6
3521.6
3521.6
3521.6
3521.6
3521.6
3521.6
3521.6
3521.6
3521.6
3521.6
3521.6
3521.6
3521.6
3521.6
3521.6
3521.6
3521.6
3521.6
3521.6
3521.6
3521.6
3521.6
3521.6
3521.6
3521.6
3521.6
3521.6
3521.6
3521.6
3521.6
3521.6
3521.6
3521.6
3521.6
3521.6
3521.6
3521.6
3521.6
3521.6
3521.6
3521.6
3521.6
3521.6
3521.6
3521.6
3521.6
3521.6
3521.6
3521.6
3521.6
3521.6
3521.6
3521.6
3521.6
3521.6
3521.6
3521.6
3521.6
3521.6
3521.6
3521.6
3521.6
3521.6
3521.6
3521.6
3521.6
3521.6
3521.6
3521.6
3521.6
3521.6
3521.6
3521.6
3521.6
3521.6
3521.6
3521.6
3521.6
3521.6
3521.6
3521.6
3521.6
3521.6
3521.6
3521.6
3521.6
3521.6
3521.6
3521.6
3521.6
3521.6
3521.6
3521.6
3521.6
3521.6
3521.6
3521.6
3521.6
3521.6
3521.6
3521.6
3521.6
3521.6
3521.6
3521.6
3521.6
3521.6
3521.6
3521.6
3521.6
3521.6
3521.6
3521.6
3521.6
3521.6
3521.6
3521.6
3521.6
3521.6
3521.6
3521.6
3521.6
3521.6
3521.6
3521.6
3521.6
3521.6
3521.6
3521.6
3521.6
3521.6
3521.6
3521.6
3521.6
3521.6
3521.6
3521.59
3521.59
3521.59
3521.59
3521.59
3521.59
3521.59
3521.59
3521.59
3521.59
3521.59
3521.6
3521.6
3521.6
3647.75
3775.36
3769.34
3726.83
3626.62
3550.91
3520.69
3518.47
3526.18
3535.61
3544.72
3553.5
3561.86
3568.63
3571.84
3569.88
3562.55
3551.29
3539.12
3529.52
3524.19
3522.15
3521.6
3521.49
3521.47
3521.47
3521.48
3521.48
3521.48
3521.48
3521.48
3521.48
3521.48
3521.48
3521.48
3521.48
3521.48
3521.48
3521.48
3521.48
3521.48
3521.48
3521.48
3521.48
3521.48
3521.48
3521.48
3521.48
3521.48
3521.48
3521.48
3521.48
3521.48
3521.48
3521.48
3521.48
3521.48
3521.48
3521.48
3521.48
3521.48
3521.48
3521.48
3521.48
3521.48
3521.48
3521.48
3521.48
3521.48
3521.48
3521.48
3521.48
3521.48
3521.48
3521.48
3521.48
3521.48
3521.48
3521.48
3521.48
3521.48
3521.48
3521.48
3521.48
3521.48
3521.48
3521.48
3521.48
3521.48
3521.48
3521.48
3521.48
3521.48
3521.48
3521.48
3521.48
3521.48
3521.48
3521.48
3521.48
3521.48
3521.48
3521.48
3521.48
3521.48
3521.48
3521.48
3521.48
3521.48
3521.48
3521.48
3521.48
3521.48
3521.48
3521.48
3521.48
3521.48
3521.48
3521.48
3521.48
3521.48
3521.48
3521.48
3521.48
3521.48
3521.48
3521.48
3521.48
3521.48
3521.48
3521.48
3521.48
3521.48
3521.48
3521.48
3521.48
3521.48
3521.48
3521.48
3521.48
3521.48
3521.48
3521.48
3521.48
3521.48
3521.48
3521.48
3521.48
3521.48
3521.48
3521.48
3521.48
3521.48
3521.48
3521.48
3521.48
3521.48
3521.48
3521.48
3521.48
3521.48
3521.48
3521.48
3521.48
3521.48
3521.48
3521.48
3521.48
3521.48
3521.48
3521.48
3521.48
3521.48
3521.48
3521.48
3521.48
3521.48
3521.48
3521.48
3521.48
3521.48
3521.48
3521.48
3521.48
3521.48
3521.47
3521.47
3521.47
3521.47
3521.47
3521.47
3521.47
3521.47
3521.47
3521.47
3521.47
3521.48
3521.48
3521.48
3521.48
3155.24
3076.05
3054.81
3181.49
3344.15
3478.67
3566.23
3606.56
3618.28
3620.57
3626.45
3641.76
3664.67
3687.62
3701.78
3700.85
3682.68
3648.88
3605.74
3565.14
3538.24
3526.13
3522.37
3521.52
3521.38
3521.36
3521.36
3521.36
3521.36
3521.36
3521.36
3521.36
3521.36
3521.36
3521.36
3521.36
3521.36
3521.36
3521.36
3521.36
3521.36
3521.36
3521.36
3521.36
3521.36
3521.36
3521.36
3521.36
3521.36
3521.36
3521.36
3521.36
3521.36
3521.36
3521.36
3521.36
3521.36
3521.36
3521.36
3521.36
3521.36
3521.36
3521.36
3521.36
3521.36
3521.36
3521.36
3521.36
3521.36
3521.36
3521.36
3521.36
3521.36
3521.36
3521.36
3521.36
3521.36
3521.36
3521.36
3521.36
3521.36
3521.36
3521.36
3521.36
3521.36
3521.36
3521.36
3521.36
3521.36
3521.36
3521.36
3521.36
3521.36
3521.36
3521.36
3521.36
3521.36
3521.36
3521.36
3521.36
3521.36
3521.36
3521.36
3521.36
3521.36
3521.36
3521.36
3521.36
3521.36
3521.36
3521.36
3521.36
3521.36
3521.36
3521.36
3521.36
3521.36
3521.36
3521.36
3521.36
3521.36
3521.36
3521.36
3521.36
3521.36
3521.36
3521.36
3521.36
3521.36
3521.36
3521.36
3521.36
3521.36
3521.36
3521.36
3521.36
3521.36
3521.36
3521.36
3521.36
3521.36
3521.36
3521.36
3521.36
3521.36
3521.36
3521.36
3521.36
3521.36
3521.36
3521.36
3521.36
3521.36
3521.36
3521.36
3521.36
3521.36
3521.36
3521.36
3521.36
3521.36
3521.36
3521.36
3521.36
3521.36
3521.36
3521.36
3521.36
3521.36
3521.36
3521.36
3521.36
3521.36
3521.36
3521.36
3521.36
3521.36
3521.36
3521.36
3521.36
3521.36
3521.36
3521.36
3521.36
3521.35
3521.35
3521.35
3521.35
3521.35
3521.35
3521.35
3521.35
3521.35
3521.35
3521.35
3521.35
3521.36
3521.36
3521.36
3521.36
4677.53
4596.15
4515.44
4324.05
3963.37
3633.95
3482.11
3453.74
3487.88
3559.56
3653.98
3756.79
3854.69
3936.28
3992
4013.22
3994.07
3930.56
3824.71
3700.79
3600.86
3547
3527.41
3522.37
3521.4
3521.25
3521.24
3521.24
3521.24
3521.24
3521.24
3521.24
3521.24
3521.24
3521.24
3521.24
3521.24
3521.24
3521.24
3521.24
3521.24
3521.24
3521.24
3521.24
3521.24
3521.24
3521.24
3521.24
3521.24
3521.24
3521.24
3521.24
3521.24
3521.24
3521.24
3521.24
3521.24
3521.24
3521.24
3521.24
3521.24
3521.24
3521.24
3521.24
3521.24
3521.24
3521.24
3521.24
3521.24
3521.24
3521.24
3521.24
3521.24
3521.24
3521.24
3521.24
3521.24
3521.24
3521.24
3521.24
3521.24
3521.24
3521.24
3521.24
3521.24
3521.24
3521.24
3521.24
3521.24
3521.24
3521.24
3521.24
3521.24
3521.24
3521.24
3521.24
3521.24
3521.24
3521.24
3521.24
3521.24
3521.24
3521.24
3521.24
3521.24
3521.24
3521.24
3521.24
3521.24
3521.24
3521.24
3521.24
3521.24
3521.24
3521.24
3521.24
3521.24
3521.24
3521.24
3521.24
3521.24
3521.24
3521.24
3521.24
3521.24
3521.24
3521.24
3521.24
3521.24
3521.24
3521.24
3521.24
3521.24
3521.24
3521.24
3521.24
3521.24
3521.24
3521.24
3521.24
3521.24
3521.24
3521.24
3521.24
3521.24
3521.24
3521.24
3521.24
3521.24
3521.24
3521.24
3521.24
3521.24
3521.24
3521.24
3521.24
3521.24
3521.24
3521.24
3521.24
3521.24
3521.24
3521.24
3521.24
3521.24
3521.24
3521.24
3521.24
3521.24
3521.24
3521.24
3521.24
3521.24
3521.24
3521.24
3521.24
3521.24
3521.24
3521.24
3521.24
3521.24
3521.24
3521.23
3521.23
3521.23
3521.23
3521.23
3521.23
3521.23
3521.23
3521.23
3521.23
3521.23
3521.23
3521.23
3521.23
3521.24
3521.24
3521.24
3521.24
4707.29
4703.71
4689.76
4663.77
4579.12
4454.51
4331.86
4226.23
4138.22
4072.76
4038.28
4035.26
4056.49
4100.91
4182.52
4308.6
4436.18
4467.9
4335.71
4075.2
3804.3
3626.67
3549.93
3527.02
3522.06
3521.24
3521.13
3521.12
3521.12
3521.12
3521.12
3521.12
3521.12
3521.12
3521.12
3521.12
3521.12
3521.12
3521.12
3521.12
3521.12
3521.12
3521.12
3521.12
3521.12
3521.12
3521.12
3521.12
3521.12
3521.12
3521.12
3521.12
3521.12
3521.12
3521.12
3521.12
3521.12
3521.12
3521.12
3521.12
3521.12
3521.12
3521.12
3521.12
3521.12
3521.12
3521.12
3521.12
3521.12
3521.12
3521.12
3521.12
3521.12
3521.12
3521.12
3521.12
3521.12
3521.11
3521.11
3521.11
3521.11
3521.11
3521.11
3521.11
3521.11
3521.11
3521.11
3521.11
3521.11
3521.11
3521.11
3521.11
3521.11
3521.11
3521.11
3521.11
3521.11
3521.11
3521.11
3521.11
3521.11
3521.11
3521.12
3521.12
3521.12
3521.12
3521.12
3521.12
3521.12
3521.12
3521.12
3521.12
3521.12
3521.12
3521.12
3521.12
3521.12
3521.12
3521.12
3521.12
3521.12
3521.12
3521.12
3521.12
3521.12
3521.12
3521.12
3521.12
3521.12
3521.12
3521.12
3521.12
3521.12
3521.12
3521.12
3521.12
3521.12
3521.12
3521.12
3521.12
3521.12
3521.12
3521.12
3521.12
3521.12
3521.12
3521.12
3521.12
3521.12
3521.12
3521.12
3521.12
3521.12
3521.12
3521.12
3521.12
3521.12
3521.12
3521.12
3521.12
3521.12
3521.12
3521.12
3521.12
3521.12
3521.12
3521.12
3521.12
3521.12
3521.12
3521.12
3521.12
3521.12
3521.12
3521.12
3521.12
3521.12
3521.12
3521.12
3521.11
3521.11
3521.11
3521.11
3521.11
3521.11
3521.11
3521.11
3521.11
3521.11
3521.11
3521.11
3521.11
3521.11
3521.11
3521.11
3521.11
3521.12
3521.12
3521.12
3521.12
4705.97
4706.44
4700.46
4700.28
4696.61
4679.98
4654.1
4625.44
4598.3
4571.58
4547.22
4535.29
4542.04
4554.25
4551.46
4543.89
4584.46
4707.38
4805.13
4647.68
4231.3
3835.9
3621.12
3544.25
3525.05
3521.55
3521.06
3521
3521
3521
3521
3521
3521
3521
3521
3521
3521
3521
3521
3521
3521
3521
3521
3521
3521
3521
3521
3521
3521
3521
3521
3521
3521
3521
3521
3521
3520.99
3520.99
3520.99
3520.99
3520.99
3520.99
3520.99
3520.99
3520.99
3520.99
3520.99
3520.99
3520.99
3520.99
3520.99
3520.99
3520.99
3520.99
3520.99
3520.99
3520.99
3520.99
3520.99
3520.99
3520.99
3520.99
3520.99
3520.99
3520.99
3520.99
3520.99
3520.99
3520.99
3520.99
3520.99
3520.99
3520.99
3520.99
3520.99
3520.99
3520.99
3520.99
3520.99
3520.99
3520.99
3520.99
3520.99
3520.99
3520.99
3520.99
3520.99
3520.99
3520.99
3520.99
3520.99
3520.99
3520.99
3520.99
3520.99
3520.99
3520.99
3520.99
3520.99
3520.99
3520.99
3520.99
3520.99
3520.99
3520.99
3520.99
3520.99
3520.99
3520.99
3520.99
3520.99
3520.99
3520.99
3520.99
3520.99
3520.99
3520.99
3520.99
3521
3521
3521
3521
3521
3521
3521
3521
3521
3521
3521
3521
3521
3521
3521
3521
3521
3521
3521
3521
3521
3521
3521
3521
3521
3521
3521
3521
3521
3521
3521
3521
3521
3521
3521
3521
3521
3521
3520.99
3520.99
3520.99
3520.99
3520.99
3520.99
3520.99
3520.99
3520.99
3520.99
3520.99
3520.99
3520.99
3520.99
3520.99
3520.99
3520.99
3520.99
3520.99
3520.99
3521
3521
3521
3521
4705.62
4705.32
4702.18
4702.25
4706.07
4708.97
4708.13
4703.79
4697.36
4689.5
4682.6
4680.89
4684.98
4688.17
4685.52
4690.1
4728.21
4801.1
4838.53
4719.36
4401.98
4011.98
3719.52
3577.32
3532.09
3522.5
3521.07
3520.9
3520.89
3520.89
3520.89
3520.88
3520.88
3520.88
3520.88
3520.88
3520.88
3520.88
3520.88
3520.88
3520.88
3520.88
3520.88
3520.88
3520.88
3520.88
3520.88
3520.88
3520.88
3520.88
3520.88
3520.88
3520.88
3520.88
3520.88
3520.88
3520.88
3520.88
3520.88
3520.88
3520.88
3520.88
3520.88
3520.88
3520.88
3520.88
3520.88
3520.88
3520.88
3520.88
3520.88
3520.88
3520.88
3520.88
3520.88
3520.88
3520.88
3520.88
3520.88
3520.88
3520.88
3520.88
3520.88
3520.88
3520.88
3520.88
3520.88
3520.88
3520.88
3520.88
3520.88
3520.88
3520.88
3520.88
3520.88
3520.88
3520.88
3520.88
3520.88
3520.88
3520.88
3520.88
3520.88
3520.88
3520.88
3520.88
3520.88
3520.88
3520.88
3520.88
3520.88
3520.88
3520.88
3520.88
3520.88
3520.88
3520.88
3520.88
3520.88
3520.88
3520.88
3520.88
3520.88
3520.88
3520.88
3520.88
3520.88
3520.88
3520.88
3520.88
3520.88
3520.88
3520.88
3520.88
3520.88
3520.88
3520.88
3520.88
3520.88
3520.88
3520.88
3520.88
3520.88
3520.88
3520.88
3520.88
3520.88
3520.88
3520.88
3520.88
3520.88
3520.88
3520.88
3520.88
3520.88
3520.88
3520.88
3520.88
3520.88
3520.88
3520.88
3520.88
3520.88
3520.88
3520.88
3520.88
3520.88
3520.88
3520.88
3520.88
3520.88
3520.88
3520.88
3520.88
3520.88
3520.88
3520.88
3520.88
3520.88
3520.88
3520.88
3520.88
3520.88
3520.88
3520.88
3520.88
3520.88
3520.88
3520.88
3520.88
3520.88
3520.88
3520.88
3520.88
3520.88
3520.88
3520.88
3520.88
3520.88
3520.88
)
;

boundaryField
{
    inletTop
    {
        type            calculated;
        value           uniform 4704.92;
    }
    inletBottom
    {
        type            calculated;
        value           uniform 3525.69;
    }
    outletTop
    {
        type            calculated;
        value           nonuniform List<scalar> 4(3521.24 3521.12 3521 3520.88);
    }
    walls
    {
        type            calculated;
        value           nonuniform List<scalar> 
464
(
3155.24
3647.75
3495.91
3526.11
3522.17
3521.78
3522.12
3522.21
3522.33
3522.46
3522.58
3522.7
3522.83
3522.95
3523.08
3523.2
3523.33
3523.45
3523.58
3523.7
3523.83
3523.95
3524.08
3524.2
3524.33
3524.45
3524.57
3524.69
3524.81
3524.92
3525.09
3525.06
3520.88
3520.88
3520.88
3520.88
3520.88
3520.88
3520.88
3520.88
3520.88
3520.88
3520.88
3520.88
3520.88
3520.88
3520.88
3520.88
3520.88
3520.88
3520.88
3520.88
3520.88
3520.88
3520.88
3520.88
3520.88
3520.88
3520.88
3520.88
3520.88
3520.88
3520.88
3520.88
3520.88
3520.88
3520.88
3520.88
3520.88
3520.88
3520.88
3520.88
3520.88
3520.88
3520.88
3520.88
3520.88
3520.88
3520.88
3520.88
3520.88
3520.88
3520.88
3520.88
3520.88
3520.88
3520.88
3520.88
3520.88
3520.88
3520.88
3520.88
3520.88
3520.88
3520.88
3520.88
3520.88
3520.88
3520.88
3520.88
3520.88
3520.88
3520.88
3520.88
3520.88
3520.88
3520.88
3520.88
3520.88
3520.88
3520.88
3520.88
3520.88
3520.88
3520.88
3520.88
3520.88
3520.88
3520.88
3520.88
3520.88
3520.88
3520.88
3520.88
3520.88
3520.88
3520.88
3520.88
3520.88
3520.88
3520.88
3520.88
3520.88
3520.88
3520.88
3520.88
3520.88
3520.88
3520.88
3520.88
3520.88
3520.88
3520.88
3520.88
3520.88
3520.88
3520.88
3520.88
3520.88
3520.88
3520.88
3520.88
3520.88
3520.88
3520.88
3520.88
3520.88
3520.88
3520.88
3520.88
3520.88
3520.88
3520.88
3520.88
3520.88
3520.88
3520.88
3520.88
3520.88
3520.88
3520.88
3520.88
3520.88
3520.88
3520.88
3520.88
3520.88
3520.88
3520.88
3520.88
3520.88
3520.88
3520.88
3520.88
3520.88
3520.88
3520.88
3520.88
3520.88
3520.88
3520.88
3520.88
3520.88
3520.88
3520.88
3520.88
3520.88
3520.88
3520.88
3520.88
3520.88
3520.89
3520.89
3520.89
3520.9
3521.07
3522.5
3532.09
3577.32
3719.52
4011.98
4401.98
4719.36
4838.53
4801.1
4728.21
4690.1
4685.52
4688.17
4684.98
4680.89
4682.6
4689.5
4697.36
4703.79
4708.13
4708.97
4706.07
4702.25
4702.18
4705.32
4705.62
3525.68
3525.68
3525.7
3525.69
3525.65
3525.67
3525.7
3525.65
3525.56
3525.54
3525.56
3525.6
3525.61
3525.62
3525.62
3525.63
3525.63
3525.63
3525.62
3525.62
3525.62
3525.62
3525.62
3525.62
3525.62
3525.62
3525.62
3525.62
3525.62
3525.62
3525.62
3525.62
3525.62
3525.62
3525.62
3525.62
3525.62
3525.62
3525.62
3525.62
3525.62
3525.62
3525.62
3525.62
3525.62
3525.62
3525.62
3525.62
3525.62
3525.62
3525.62
3525.62
3525.62
3525.62
3525.62
3525.62
3525.62
3525.62
3525.62
3525.62
3525.62
3525.62
3525.62
3525.62
3525.62
3525.62
3525.62
3525.62
3525.62
3525.62
3525.62
3525.62
3525.62
3525.62
3525.62
3525.62
3525.62
3525.62
3525.62
3525.62
3525.62
3525.62
3525.62
3525.62
3525.62
3525.62
3525.62
3525.62
3525.62
3525.62
3525.62
3525.62
3525.62
3525.62
3525.62
3525.62
3525.62
3525.62
3525.62
3525.62
3525.62
3525.62
3525.62
3525.62
3525.62
3525.62
3525.62
3525.62
3525.62
3525.62
3525.62
3525.62
3525.62
3525.62
3525.62
3525.62
3525.62
3525.62
3525.62
3525.62
3525.62
3525.62
3525.62
3525.62
3525.62
3525.62
3525.62
3525.62
3525.62
3525.62
3525.62
3525.62
3525.62
3525.62
3525.62
3525.62
3525.62
3525.62
3525.62
3525.62
3525.62
3525.62
3525.62
3525.62
3525.62
3525.62
3525.62
3525.62
3525.62
3525.62
3525.62
3525.62
3525.62
3525.62
3525.62
3525.62
3525.62
3525.62
3525.62
3525.62
3525.62
3525.62
3525.62
3525.62
3525.62
3525.62
3525.62
3525.62
3525.62
3525.62
3525.62
3525.62
3525.62
3525.62
3525.62
3525.62
3525.62
3525.62
3525.62
3525.62
3525.62
3525.62
3525.62
3525.62
3525.62
3525.62
3525.62
3525.62
3525.63
3525.6
3525.64
3525.59
3525.64
3525.58
3525.64
3525.58
3525.63
3525.58
3525.61
3525.58
3524.96
3524.85
3524.75
3524.63
3524.53
3524.41
3524.3
3524.19
3524.07
3523.96
3523.84
3523.72
3523.61
3523.49
3523.37
3523.26
3523.14
3523.02
3522.9
3522.78
3522.67
3522.55
3522.43
3522.31
3522.19
3522.07
3521.95
3521.83
3521.72
3521.6
3521.48
3521.36
)
;
    }
    front
    {
        type            empty;
    }
    back
    {
        type            empty;
    }
    outletBottom
    {
        type            calculated;
        value           nonuniform List<scalar> 4(3525.58 3525.38 3525.2 3525.07);
    }
}


// ************************************************************************* //
