/*--------------------------------*- C++ -*----------------------------------*\
  =========                 |
  \\      /  F ield         | OpenFOAM: The Open Source CFD Toolbox
   \\    /   O peration     | Website:  https://openfoam.org
    \\  /    A nd           | Version:  dev
     \\/     M anipulation  |
\*---------------------------------------------------------------------------*/
FoamFile
{
    version     2.0;
    format      ascii;
    class       volScalarField;
    location    "9";
    object      thermo:rho;
}
// * * * * * * * * * * * * * * * * * * * * * * * * * * * * * * * * * * * * * //

dimensions      [1 -3 0 0 0 0 0];

internalField   nonuniform List<scalar> 
8000
(
1.15862
1.15861
1.15861
1.1586
1.15862
1.15861
1.15861
1.1586
1.15862
1.15861
1.15861
1.1586
1.15862
1.15861
1.15861
1.1586
1.15862
1.15861
1.15861
1.1586
1.15862
1.15861
1.15861
1.1586
1.15862
1.15861
1.15861
1.1586
1.15862
1.15861
1.15861
1.1586
1.15862
1.15861
1.15861
1.1586
1.15862
1.15861
1.15861
1.15861
1.15862
1.15862
1.15861
1.15861
1.15862
1.15862
1.15861
1.15861
1.15862
1.15862
1.15861
1.15861
1.15862
1.15862
1.15861
1.15861
1.15862
1.15862
1.15861
1.15861
1.15862
1.15862
1.15861
1.15861
1.15862
1.15862
1.15861
1.15861
1.15862
1.15862
1.15861
1.15861
1.15862
1.15862
1.15861
1.15861
1.15862
1.15862
1.15861
1.15861
1.15862
1.15862
1.15861
1.15861
1.15862
1.15862
1.15861
1.15861
1.15862
1.15862
1.15861
1.15861
1.15862
1.15862
1.15861
1.15861
1.15862
1.15862
1.15861
1.15861
1.15862
1.15862
1.15861
1.15861
1.15862
1.15862
1.15861
1.15861
1.15862
1.15862
1.15861
1.15861
1.15862
1.15862
1.15861
1.15861
1.15862
1.15862
1.15861
1.15861
1.15862
1.15862
1.15861
1.15861
1.15862
1.15862
1.15861
1.15861
1.15862
1.15862
1.15861
1.15861
1.15862
1.15862
1.15861
1.15861
1.15862
1.15862
1.15861
1.15861
1.15862
1.15862
1.15861
1.15861
1.15862
1.15862
1.15861
1.15861
1.15862
1.15862
1.15861
1.15861
1.15862
1.15862
1.15861
1.15861
1.15862
1.15862
1.15861
1.15861
1.15862
1.15862
1.15861
1.15861
1.15862
1.15862
1.15861
1.15861
1.15862
1.15862
1.15861
1.15861
1.15862
1.15862
1.15861
1.15861
1.15862
1.15862
1.15861
1.15861
1.15862
1.15862
1.15861
1.15861
1.15862
1.15862
1.15861
1.15861
1.15862
1.15862
1.15861
1.15861
1.15862
1.15862
1.15861
1.15861
1.15862
1.15862
1.15861
1.15861
1.15862
1.15862
1.15861
1.15861
1.15862
1.15862
1.15861
1.15861
1.15862
1.15862
1.15861
1.15861
1.15862
1.15862
1.15861
1.15861
1.15862
1.15862
1.15861
1.15861
1.15862
1.15862
1.15861
1.15861
1.15862
1.15862
1.15861
1.15861
1.15862
1.15862
1.15861
1.15861
1.15862
1.15862
1.15861
1.15861
1.15862
1.15862
1.15861
1.15861
1.15862
1.15862
1.15861
1.15861
1.15862
1.15862
1.15861
1.15861
1.15862
1.15862
1.15861
1.15861
1.15862
1.15862
1.15861
1.15861
1.15862
1.15862
1.15861
1.15861
1.15862
1.15862
1.15861
1.15861
1.15862
1.15862
1.15861
1.15861
1.15862
1.15862
1.15861
1.15861
1.15862
1.15862
1.15861
1.15861
1.15862
1.15862
1.15861
1.15861
1.15862
1.15862
1.15861
1.15861
1.15862
1.15862
1.15861
1.15861
1.15862
1.15862
1.15861
1.15861
1.15862
1.15862
1.15861
1.15861
1.15862
1.15862
1.15861
1.15861
1.15862
1.15862
1.15861
1.15861
1.15862
1.15862
1.15861
1.15861
1.15862
1.15862
1.15861
1.15861
1.15862
1.15862
1.15861
1.15861
1.15862
1.15862
1.15861
1.15861
1.15862
1.15862
1.15861
1.15861
1.15862
1.15862
1.15861
1.15861
1.15862
1.15862
1.15861
1.15861
1.15862
1.15862
1.15861
1.15861
1.15862
1.15862
1.15861
1.15861
1.15862
1.15862
1.15861
1.15861
1.15862
1.15862
1.15861
1.15861
1.15862
1.15862
1.15861
1.15861
1.15862
1.15862
1.15861
1.15861
1.15862
1.15862
1.15861
1.15861
1.15862
1.15862
1.15861
1.15861
1.15862
1.15862
1.15861
1.15861
1.15862
1.15862
1.15861
1.15861
1.15862
1.15862
1.15861
1.15861
1.15862
1.15862
1.15861
1.15861
1.15862
1.15862
1.15861
1.15861
1.15862
1.15862
1.15861
1.15861
1.15862
1.15862
1.15861
1.15861
1.15862
1.15862
1.15861
1.15861
1.15862
1.15862
1.15861
1.15861
1.15862
1.15862
1.15861
1.15861
1.15862
1.15862
1.15861
1.15861
1.15862
1.15862
1.15861
1.15861
1.15862
1.15862
1.15861
1.15861
1.15862
1.15862
1.15861
1.15861
1.15862
1.15862
1.15861
1.15861
1.15862
1.15862
1.15861
1.15861
1.15862
1.15862
1.15861
1.15861
1.15862
1.15862
1.15861
1.15861
1.15862
1.15862
1.15861
1.15861
1.15862
1.15862
1.15861
1.15861
1.15862
1.15862
1.15861
1.15861
1.15862
1.15862
1.15861
1.15861
1.15862
1.15862
1.15861
1.15861
1.15862
1.15862
1.15861
1.15861
1.15862
1.15862
1.15861
1.15861
1.15862
1.15862
1.15861
1.15861
1.15862
1.15862
1.15861
1.15861
1.15862
1.15862
1.15861
1.15861
1.15862
1.15862
1.15861
1.15861
1.15862
1.15862
1.15861
1.15861
1.15862
1.15862
1.15861
1.15861
1.15862
1.15862
1.15861
1.15861
1.15862
1.15862
1.15861
1.15861
1.15862
1.15862
1.15861
1.15861
1.15862
1.15862
1.15861
1.15861
1.15862
1.15862
1.15861
1.15861
1.15862
1.15862
1.15861
1.15861
1.15862
1.15862
1.15861
1.15861
1.15862
1.15862
1.15861
1.15861
1.15862
1.15862
1.15861
1.15861
1.15862
1.15862
1.15861
1.15861
1.15862
1.15862
1.15861
1.15861
1.15862
1.15862
1.15861
1.15861
1.15862
1.15862
1.15861
1.15861
1.15862
1.15862
1.15861
1.15861
1.15862
1.15862
1.15861
1.15861
1.15862
1.15862
1.15861
1.15861
1.15862
1.15862
1.15861
1.15861
1.15862
1.15862
1.15861
1.15861
1.15862
1.15862
1.15861
1.15861
1.15862
1.15862
1.15861
1.15861
1.15862
1.15862
1.15861
1.15861
1.15862
1.15862
1.15861
1.15861
1.15862
1.15862
1.15861
1.15861
1.15862
1.15862
1.15861
1.15861
1.15862
1.15862
1.15861
1.15861
1.15862
1.15862
1.15861
1.15861
1.15862
1.15862
1.15861
1.15861
1.15862
1.15862
1.15861
1.15861
1.15862
1.15862
1.15861
1.15861
1.15862
1.15862
1.15861
1.15861
1.15862
1.15862
1.15861
1.15861
1.15862
1.15862
1.15861
1.15861
1.15862
1.15862
1.15861
1.15861
1.15862
1.15862
1.15861
1.15861
1.15862
1.15862
1.15861
1.15861
1.15862
1.15862
1.15861
1.15861
1.15862
1.15862
1.15861
1.15861
1.15862
1.15862
1.15861
1.15861
1.15862
1.15862
1.15861
1.15861
1.15862
1.15862
1.15861
1.15861
1.15862
1.15862
1.15861
1.15861
1.15862
1.15862
1.15861
1.15861
1.15862
1.15862
1.15861
1.15861
1.15862
1.15862
1.15861
1.15861
1.15862
1.15862
1.15861
1.15861
1.15862
1.15862
1.15861
1.15861
1.15862
1.15862
1.15861
1.15861
1.15862
1.15862
1.15861
1.15861
1.15862
1.15862
1.15861
1.15861
1.15862
1.15862
1.15861
1.15861
1.15862
1.15862
1.15861
1.15861
1.15862
1.15862
1.15861
1.15861
1.15862
1.15862
1.15861
1.15861
1.15862
1.15862
1.15861
1.15861
1.15862
1.15862
1.15861
1.15861
1.15862
1.15862
1.15861
1.15861
1.15862
1.15862
1.15861
1.15861
1.15862
1.15862
1.15861
1.15861
1.15862
1.15862
1.15861
1.15861
1.15862
1.15862
1.15861
1.15861
1.15862
1.15862
1.15861
1.15861
1.15862
1.15862
1.15861
1.15861
1.15862
1.15862
1.15861
1.15861
1.15862
1.15862
1.15861
1.15861
1.15862
1.15862
1.15861
1.15861
1.15862
1.15862
1.15861
1.15861
1.15862
1.15862
1.15861
1.15861
1.15862
1.15862
1.15861
1.15861
1.15862
1.15862
1.15861
1.15861
1.15862
1.15862
1.15861
1.15861
1.15862
1.15862
1.15861
1.15861
1.15862
1.15862
1.15861
1.15861
1.15862
1.15862
1.15861
1.15861
1.15862
1.15862
1.15861
1.15861
1.15862
1.15862
1.15861
1.15861
1.15862
1.15862
1.15861
1.15861
1.15862
1.15862
1.15861
1.15861
1.15862
1.15862
1.15862
1.15861
1.1586
1.1586
1.1586
1.1586
1.1586
1.1586
1.1586
1.1586
1.1586
1.1586
1.1586
1.1586
1.1586
1.1586
1.1586
1.1586
1.1586
1.1586
1.1586
1.1586
1.1586
1.1586
1.1586
1.1586
1.1586
1.1586
1.1586
1.1586
1.1586
1.1586
1.1586
1.1586
1.1586
1.1586
1.1586
1.1586
1.1586
1.1586
1.1586
1.1586
1.1586
1.1586
1.1586
1.1586
1.1586
1.1586
1.1586
1.1586
1.1586
1.1586
1.1586
1.1586
1.1586
1.1586
1.1586
1.1586
1.1586
1.1586
1.1586
1.1586
1.1586
1.1586
1.1586
1.1586
1.1586
1.1586
1.1586
1.1586
1.1586
1.1586
1.1586
1.1586
1.1586
1.1586
1.1586
1.1586
1.1586
1.1586
1.1586
1.1586
1.1586
1.1586
1.1586
1.1586
1.1586
1.1586
1.1586
1.1586
1.1586
1.1586
1.1586
1.1586
1.1586
1.1586
1.1586
1.1586
1.1586
1.1586
1.1586
1.1586
1.1586
1.1586
1.1586
1.1586
1.1586
1.1586
1.1586
1.1586
1.1586
1.1586
1.1586
1.1586
1.1586
1.1586
1.1586
1.1586
1.1586
1.1586
1.1586
1.1586
1.1586
1.1586
1.1586
1.1586
1.1586
1.1586
1.1586
1.1586
1.1586
1.1586
1.1586
1.1586
1.1586
1.1586
1.1586
1.1586
1.1586
1.1586
1.1586
1.1586
1.1586
1.1586
1.1586
1.1586
1.1586
1.1586
1.1586
1.1586
1.1586
1.1586
1.1586
1.1586
1.1586
1.1586
1.1586
1.1586
1.1586
1.1586
1.1586
1.1586
1.1586
1.1586
1.1586
1.1586
1.1586
1.1586
1.1586
1.1586
1.1586
1.1586
1.1586
1.1586
1.1586
1.1586
1.1586
1.1586
1.1586
1.1586
1.1586
1.1586
1.1586
1.1586
1.1586
1.1586
1.1586
1.1586
1.1586
1.1586
1.1586
1.1586
1.1586
1.1586
1.1586
1.1586
1.15861
1.15861
1.15861
1.15861
1.15861
1.15861
1.1586
1.1586
1.1586
1.1586
1.15859
1.15859
1.15859
1.15859
1.15859
1.1586
1.1586
1.1586
1.1586
1.1586
1.1586
1.1586
1.1586
1.1586
1.1586
1.1586
1.1586
1.1586
1.1586
1.1586
1.1586
1.1586
1.1586
1.1586
1.1586
1.1586
1.1586
1.1586
1.1586
1.1586
1.1586
1.1586
1.1586
1.1586
1.1586
1.1586
1.1586
1.1586
1.1586
1.1586
1.1586
1.1586
1.1586
1.1586
1.1586
1.1586
1.1586
1.1586
1.1586
1.1586
1.1586
1.1586
1.1586
1.1586
1.1586
1.1586
1.1586
1.1586
1.1586
1.1586
1.1586
1.1586
1.1586
1.1586
1.1586
1.1586
1.1586
1.1586
1.1586
1.1586
1.1586
1.1586
1.1586
1.1586
1.1586
1.1586
1.1586
1.1586
1.1586
1.1586
1.1586
1.1586
1.1586
1.1586
1.1586
1.1586
1.1586
1.1586
1.1586
1.1586
1.1586
1.1586
1.1586
1.1586
1.1586
1.1586
1.1586
1.1586
1.1586
1.1586
1.1586
1.1586
1.1586
1.1586
1.1586
1.1586
1.1586
1.1586
1.1586
1.1586
1.1586
1.1586
1.1586
1.1586
1.1586
1.1586
1.1586
1.1586
1.1586
1.1586
1.1586
1.1586
1.1586
1.1586
1.1586
1.1586
1.1586
1.1586
1.1586
1.1586
1.1586
1.1586
1.1586
1.1586
1.1586
1.1586
1.1586
1.1586
1.1586
1.1586
1.1586
1.1586
1.1586
1.1586
1.1586
1.1586
1.1586
1.1586
1.1586
1.1586
1.1586
1.1586
1.1586
1.1586
1.1586
1.1586
1.1586
1.1586
1.1586
1.1586
1.1586
1.1586
1.1586
1.1586
1.1586
1.1586
1.1586
1.1586
1.1586
1.1586
1.1586
1.1586
1.1586
1.1586
1.1586
1.1586
1.1586
1.1586
1.1586
1.1586
1.1586
1.1586
1.1586
1.1586
1.1586
1.1586
1.1586
1.1586
1.1586
1.1586
1.1586
1.1586
1.1586
1.1586
1.1586
1.1586
1.15859
1.15859
1.15859
1.15859
1.15859
1.15859
1.15858
1.15859
1.15859
1.15859
1.15859
1.15859
1.15859
1.15859
1.15859
1.15859
1.15859
1.15859
1.15859
1.15859
1.15859
1.15859
1.15859
1.15859
1.15859
1.15859
1.15859
1.15859
1.15859
1.15859
1.15859
1.15859
1.15859
1.15859
1.15859
1.15859
1.15859
1.15859
1.15859
1.15859
1.15859
1.15859
1.15859
1.15859
1.15859
1.15859
1.15859
1.15859
1.15859
1.15859
1.15859
1.15859
1.15859
1.15859
1.15859
1.15859
1.15859
1.15859
1.15859
1.15859
1.15859
1.15859
1.15859
1.15859
1.15859
1.15859
1.15859
1.15859
1.15859
1.15859
1.15859
1.15859
1.15859
1.15859
1.15859
1.15859
1.15859
1.15859
1.15859
1.15859
1.15859
1.15859
1.15859
1.15859
1.15859
1.15859
1.15859
1.15859
1.15859
1.15859
1.15859
1.15859
1.15859
1.15859
1.15859
1.15859
1.15859
1.15859
1.15859
1.15859
1.15859
1.15859
1.15859
1.15859
1.15859
1.15859
1.15859
1.15859
1.15859
1.15859
1.15859
1.15859
1.15859
1.15859
1.15859
1.15859
1.15859
1.15859
1.15859
1.15859
1.15859
1.15859
1.15859
1.15859
1.15859
1.15859
1.15859
1.15859
1.15859
1.15859
1.15859
1.15859
1.15859
1.15859
1.15859
1.15859
1.15859
1.15859
1.15859
1.15859
1.15859
1.15859
1.15859
1.15859
1.15859
1.15859
1.15859
1.15859
1.15859
1.15859
1.15859
1.15859
1.15859
1.15859
1.15859
1.15859
1.15859
1.15859
1.15859
1.15859
1.15859
1.15859
1.15859
1.15859
1.15859
1.15859
1.15859
1.1586
1.1586
1.1586
1.1586
1.1586
1.1586
1.1586
1.1586
1.1586
1.1586
1.1586
1.1586
1.1586
1.1586
1.1586
1.1586
1.1586
1.1586
1.1586
1.1586
1.1586
1.1586
1.1586
1.1586
1.1586
1.1586
1.1586
1.1586
1.1586
1.1586
1.1586
1.1586
1.1586
1.15859
1.15859
1.15859
1.15859
1.15859
1.15858
1.15858
1.15859
1.15859
1.15859
1.15859
1.15859
1.15859
1.15859
1.15859
1.15859
1.15859
1.15859
1.15859
1.15859
1.15859
1.15859
1.15859
1.15859
1.15859
1.15859
1.15859
1.15859
1.15859
1.15859
1.15859
1.15859
1.15859
1.15859
1.15859
1.15859
1.15859
1.15859
1.15859
1.15859
1.15859
1.15859
1.15859
1.15859
1.15859
1.15859
1.15859
1.15859
1.15859
1.15859
1.15859
1.15859
1.15859
1.15859
1.15859
1.15859
1.15859
1.15859
1.15859
1.15859
1.15859
1.15859
1.15859
1.15859
1.15859
1.15859
1.15859
1.15859
1.15859
1.15859
1.15859
1.15859
1.15859
1.15859
1.15859
1.15859
1.15859
1.15859
1.15859
1.15859
1.15859
1.15859
1.15859
1.15859
1.15859
1.15859
1.15859
1.15859
1.15859
1.15859
1.15859
1.15859
1.15859
1.15859
1.15859
1.15859
1.15859
1.15859
1.15859
1.15859
1.15859
1.15859
1.15859
1.15859
1.15859
1.15859
1.15859
1.15859
1.15859
1.15859
1.15859
1.15859
1.15859
1.15859
1.15859
1.15859
1.15859
1.15859
1.15859
1.15859
1.15859
1.15859
1.15859
1.15859
1.15859
1.15859
1.15859
1.15859
1.15859
1.15859
1.15859
1.15859
1.15859
1.15859
1.15859
1.15859
1.15859
1.15859
1.15859
1.15859
1.15859
1.15859
1.15859
1.15859
1.15859
1.15859
1.15859
1.15859
1.15859
1.15859
1.15859
1.15859
1.15859
1.15859
1.15859
1.15859
1.15859
1.15859
1.15859
1.15859
1.15859
1.15859
1.15859
1.15859
1.15859
1.15859
1.15859
1.15859
1.15859
1.15859
1.15859
1.15859
1.15859
1.15859
1.15859
1.15859
1.15859
1.15859
1.15859
1.15859
1.15859
1.15859
1.15859
1.15859
1.15859
1.15859
1.15859
1.15859
1.15859
1.15859
1.15859
1.15859
1.15859
1.15859
1.15859
1.15859
1.15859
1.15859
1.15859
1.15859
1.15859
1.15859
1.15858
1.15858
1.15858
1.15858
1.15858
1.15858
1.15858
1.15858
1.15859
1.15859
1.15859
1.15859
1.15859
1.15859
1.15859
1.15859
1.15859
1.15859
1.15859
1.15859
1.15859
1.15859
1.15859
1.15859
1.15859
1.15859
1.15859
1.15859
1.15859
1.15859
1.15859
1.15859
1.15859
1.15859
1.15859
1.15859
1.15859
1.15859
1.15859
1.15859
1.15859
1.15859
1.15859
1.15859
1.15859
1.15859
1.15859
1.15859
1.15859
1.15859
1.15859
1.15859
1.15859
1.15859
1.15859
1.15859
1.15859
1.15859
1.15859
1.15859
1.15859
1.15859
1.15859
1.15859
1.15859
1.15859
1.15859
1.15859
1.15859
1.15859
1.15859
1.15859
1.15859
1.15859
1.15859
1.15859
1.15859
1.15859
1.15859
1.15859
1.15859
1.15859
1.15859
1.15859
1.15859
1.15859
1.15859
1.15859
1.15859
1.15859
1.15859
1.15859
1.15859
1.15859
1.15859
1.15859
1.15859
1.15859
1.15859
1.15859
1.15859
1.15859
1.15859
1.15859
1.15859
1.15859
1.15859
1.15859
1.15859
1.15859
1.15859
1.15859
1.15859
1.15859
1.15859
1.15859
1.15859
1.15859
1.15859
1.15859
1.15859
1.15859
1.15859
1.15859
1.15859
1.15859
1.15859
1.15859
1.15859
1.15859
1.15859
1.15859
1.15859
1.15859
1.15859
1.15859
1.15859
1.15859
1.15859
1.15859
1.15859
1.15859
1.15859
1.15859
1.15859
1.15859
1.15859
1.15859
1.15859
1.15859
1.15859
1.15859
1.15859
1.15859
1.15859
1.15859
1.15859
1.15859
1.15859
1.15859
1.15859
1.15859
1.15859
1.15859
1.15859
1.15859
1.15859
1.15859
1.15859
1.15859
1.15859
1.15859
1.15859
1.15859
1.15859
1.15859
1.15859
1.15859
1.15859
1.15859
1.15859
1.15859
1.15859
1.15859
1.15859
1.15859
1.15859
1.15859
1.15859
1.15859
1.15859
1.15859
1.15859
1.15859
1.15859
1.15859
1.15859
1.15859
1.15858
1.15858
1.15858
1.15858
1.15858
1.15858
1.15858
1.15858
1.15858
1.15858
1.15858
1.15858
1.15858
1.15858
1.15858
1.15858
1.15858
1.15858
1.15858
1.15858
1.15858
1.15858
1.15858
1.15858
1.15858
1.15858
1.15858
1.15858
1.15858
1.15858
1.15858
1.15858
1.15858
1.15858
1.15858
1.15858
1.15858
1.15858
1.15858
1.15858
1.15858
1.15858
1.15858
1.15858
1.15858
1.15858
1.15858
1.15858
1.15858
1.15858
1.15858
1.15858
1.15858
1.15858
1.15858
1.15858
1.15858
1.15858
1.15858
1.15858
1.15858
1.15858
1.15858
1.15858
1.15858
1.15858
1.15858
1.15858
1.15858
1.15858
1.15858
1.15858
1.15858
1.15858
1.15858
1.15858
1.15858
1.15858
1.15858
1.15858
1.15858
1.15858
1.15858
1.15858
1.15858
1.15858
1.15858
1.15858
1.15858
1.15858
1.15858
1.15858
1.15858
1.15858
1.15858
1.15858
1.15858
1.15858
1.15858
1.15858
1.15858
1.15858
1.15858
1.15858
1.15858
1.15858
1.15858
1.15858
1.15858
1.15858
1.15858
1.15858
1.15858
1.15858
1.15858
1.15858
1.15858
1.15858
1.15858
1.15858
1.15858
1.15858
1.15858
1.15858
1.15858
1.15858
1.15858
1.15858
1.15858
1.15858
1.15858
1.15858
1.15858
1.15858
1.15858
1.15858
1.15858
1.15858
1.15858
1.15858
1.15858
1.15858
1.15858
1.15858
1.15858
1.15858
1.15858
1.15858
1.15858
1.15858
1.15858
1.15858
1.15858
1.15858
1.15858
1.15858
1.15858
1.15858
1.15858
1.15858
1.15858
1.15858
1.15858
1.15858
1.15858
1.15858
1.15858
1.15858
1.15858
1.15858
1.15858
1.15858
1.15858
1.15858
1.15858
1.15858
1.15858
1.15858
1.15858
1.15858
1.15858
1.15858
1.15858
1.15858
1.15858
1.15858
1.15858
1.15858
1.15858
1.15858
1.15858
1.15858
1.15858
1.15858
1.15858
1.15858
1.15858
1.15858
1.15858
1.15858
1.15858
1.15858
1.15858
1.15858
1.15858
1.15858
1.15858
1.15858
1.15858
1.15858
1.15858
1.15858
1.15858
1.15858
1.15858
1.15858
1.15858
1.15858
1.15858
1.15858
1.15858
1.15858
1.15858
1.15858
1.15858
1.15858
1.15858
1.15858
1.15858
1.15858
1.15858
1.15858
1.15858
1.15858
1.15858
1.15858
1.15858
1.15858
1.15858
1.15858
1.15858
1.15858
1.15858
1.15858
1.15858
1.15858
1.15858
1.15858
1.15858
1.15858
1.15858
1.15858
1.15858
1.15858
1.15858
1.15858
1.15858
1.15858
1.15858
1.15858
1.15858
1.15858
1.15858
1.15858
1.15858
1.15858
1.15858
1.15858
1.15858
1.15858
1.15858
1.15858
1.15858
1.15858
1.15858
1.15858
1.15858
1.15858
1.15858
1.15858
1.15858
1.15858
1.15858
1.15858
1.15858
1.15858
1.15858
1.15858
1.15858
1.15858
1.15858
1.15858
1.15858
1.15858
1.15858
1.15858
1.15858
1.15858
1.15858
1.15858
1.15858
1.15858
1.15858
1.15858
1.15858
1.15858
1.15858
1.15858
1.15858
1.15858
1.15858
1.15858
1.15858
1.15858
1.15858
1.15858
1.15858
1.15858
1.15858
1.15858
1.15858
1.15858
1.15858
1.15858
1.15858
1.15858
1.15858
1.15858
1.15858
1.15858
1.15858
1.15858
1.15858
1.15858
1.15858
1.15858
1.15858
1.15858
1.15858
1.15858
1.15858
1.15858
1.15858
1.15858
1.15858
1.15858
1.15858
1.15858
1.15858
1.15858
1.15858
1.15858
1.15858
1.15858
1.15858
1.15858
1.15858
1.15858
1.15858
1.15858
1.15858
1.15858
1.15858
1.15858
1.15858
1.15858
1.15858
1.15858
1.15858
1.15858
1.15858
1.15858
1.15858
1.15858
1.15858
1.15858
1.15858
1.15858
1.15858
1.15858
1.15858
1.15858
1.15858
1.15858
1.15858
1.15858
1.15858
1.15858
1.15858
1.15858
1.15858
1.15858
1.15858
1.15858
1.15858
1.15858
1.15858
1.15858
1.15858
1.15858
1.15857
1.15857
1.15857
1.15857
1.15857
1.15857
1.15857
1.15857
1.15857
1.15857
1.15857
1.15857
1.15857
1.15857
1.15857
1.15857
1.15857
1.15857
1.15857
1.15857
1.15857
1.15857
1.15857
1.15857
1.15857
1.15857
1.15857
1.15857
1.15857
1.15857
1.15857
1.15857
1.15857
1.15857
1.15857
1.15857
1.15857
1.15857
1.15857
1.15857
1.15857
1.15857
1.15857
1.15857
1.15857
1.15857
1.15857
1.15857
1.15857
1.15857
1.15857
1.15857
1.15857
1.15857
1.15857
1.15857
1.15857
1.15857
1.15857
1.15857
1.15857
1.15857
1.15857
1.15857
1.15857
1.15857
1.15857
1.15857
1.15857
1.15857
1.15857
1.15857
1.15857
1.15857
1.15857
1.15857
1.15857
1.15857
1.15857
1.15857
1.15857
1.15857
1.15857
1.15857
1.15857
1.15857
1.15857
1.15857
1.15857
1.15857
1.15857
1.15857
1.15857
1.15857
1.15857
1.15857
1.15857
1.15857
1.15857
1.15857
1.15857
1.15857
1.15857
1.15857
1.15857
1.15857
1.15857
1.15857
1.15857
1.15857
1.15857
1.15857
1.15857
1.15857
1.15857
1.15857
1.15857
1.15857
1.15857
1.15857
1.15857
1.15857
1.15857
1.15857
1.15857
1.15857
1.15857
1.15857
1.15857
1.15857
1.15857
1.15857
1.15857
1.15857
1.15857
1.15857
1.15857
1.15857
1.15857
1.15857
1.15857
1.15857
1.15857
1.15857
1.15857
1.15857
1.15857
1.15857
1.15857
1.15857
1.15857
1.15857
1.15857
1.15857
1.15857
1.15857
1.15857
1.15857
1.15857
1.15857
1.15857
1.15857
1.15857
1.15857
1.15857
1.15857
1.15857
1.15857
1.15857
1.15857
1.15857
1.15857
1.15857
1.15857
1.15857
1.15857
1.15857
1.15857
1.15857
1.15857
1.15857
1.15857
1.15857
1.15857
1.15857
1.15857
1.15857
1.15857
1.15857
1.15857
1.15857
1.15857
1.15857
1.15857
1.15858
1.15858
1.15858
1.15858
1.15858
1.15858
1.15857
1.15857
1.15857
1.15857
1.15857
1.15857
1.15857
1.15857
1.15857
1.15857
1.15857
1.15857
1.15857
1.15857
1.15857
1.15857
1.15857
1.15857
1.15857
1.15857
1.15857
1.15857
1.15857
1.15857
1.15857
1.15857
1.15857
1.15857
1.15857
1.15857
1.15857
1.15857
1.15857
1.15857
1.15857
1.15857
1.15857
1.15857
1.15857
1.15857
1.15857
1.15857
1.15857
1.15857
1.15857
1.15857
1.15857
1.15857
1.15857
1.15857
1.15857
1.15857
1.15857
1.15857
1.15857
1.15857
1.15857
1.15857
1.15857
1.15857
1.15857
1.15857
1.15857
1.15857
1.15857
1.15857
1.15857
1.15857
1.15857
1.15857
1.15857
1.15857
1.15857
1.15857
1.15857
1.15857
1.15857
1.15857
1.15857
1.15857
1.15857
1.15857
1.15857
1.15857
1.15857
1.15857
1.15857
1.15857
1.15857
1.15857
1.15857
1.15857
1.15857
1.15857
1.15857
1.15857
1.15857
1.15857
1.15857
1.15857
1.15857
1.15857
1.15857
1.15857
1.15857
1.15857
1.15857
1.15857
1.15857
1.15857
1.15857
1.15857
1.15857
1.15857
1.15857
1.15857
1.15857
1.15857
1.15857
1.15857
1.15857
1.15857
1.15857
1.15857
1.15857
1.15857
1.15857
1.15857
1.15857
1.15857
1.15857
1.15857
1.15857
1.15857
1.15857
1.15857
1.15857
1.15857
1.15857
1.15857
1.15857
1.15857
1.15857
1.15857
1.15857
1.15857
1.15857
1.15857
1.15857
1.15857
1.15857
1.15857
1.15857
1.15857
1.15857
1.15857
1.15857
1.15857
1.15857
1.15857
1.15857
1.15857
1.15857
1.15857
1.15857
1.15857
1.15857
1.15857
1.15857
1.15857
1.15857
1.15857
1.15857
1.15857
1.15857
1.15857
1.15857
1.15857
1.15857
1.15857
1.15857
1.15857
1.15857
1.15857
1.15857
1.15857
1.15857
1.15857
1.15857
1.15857
1.15857
1.15857
1.15857
1.15857
1.15857
1.15857
1.15857
1.15857
1.15857
1.15857
1.15856
1.15856
1.15856
1.15856
1.15856
1.15856
1.15856
1.15856
1.15856
1.15856
1.15856
1.15856
1.15856
1.15856
1.15856
1.15856
1.15856
1.15856
1.15856
1.15856
1.15856
1.15856
1.15856
1.15856
1.15856
1.15856
1.15856
1.15856
1.15856
1.15856
1.15856
1.15856
1.15856
1.15856
1.15856
1.15856
1.15856
1.15856
1.15856
1.15856
1.15856
1.15856
1.15856
1.15856
1.15856
1.15856
1.15856
1.15856
1.15856
1.15856
1.15856
1.15856
1.15856
1.15856
1.15856
1.15856
1.15856
1.15856
1.15856
1.15856
1.15856
1.15856
1.15856
1.15856
1.15856
1.15856
1.15856
1.15856
1.15856
1.15856
1.15856
1.15856
1.15856
1.15856
1.15856
1.15856
1.15856
1.15856
1.15856
1.15856
1.15856
1.15856
1.15856
1.15856
1.15856
1.15856
1.15856
1.15856
1.15856
1.15856
1.15856
1.15856
1.15856
1.15856
1.15856
1.15856
1.15856
1.15856
1.15856
1.15856
1.15856
1.15856
1.15856
1.15856
1.15856
1.15856
1.15856
1.15856
1.15856
1.15856
1.15856
1.15856
1.15856
1.15856
1.15856
1.15856
1.15856
1.15856
1.15856
1.15856
1.15856
1.15856
1.15856
1.15856
1.15856
1.15856
1.15856
1.15856
1.15856
1.15856
1.15856
1.15856
1.15856
1.15856
1.15856
1.15856
1.15856
1.15856
1.15856
1.15856
1.15856
1.15856
1.15856
1.15856
1.15856
1.15856
1.15856
1.15856
1.15856
1.15856
1.15856
1.15856
1.15856
1.15856
1.15856
1.15856
1.15856
1.15856
1.15856
1.15856
1.15856
1.15856
1.15856
1.15856
1.15856
1.15856
1.15856
1.15856
1.15856
1.15856
1.15856
1.15856
1.15856
1.15857
1.15857
1.15857
1.15857
1.15857
1.15857
1.15857
1.15857
1.15857
1.15857
1.15857
1.15857
1.15857
1.15857
1.15857
1.15857
1.15857
1.15857
1.15857
1.15857
1.15857
1.15857
1.15857
1.15857
1.15857
1.15857
1.15857
1.15856
1.15856
1.15856
1.15856
1.15856
1.15856
1.15856
1.15856
1.15856
1.15856
1.15856
1.15856
1.15856
1.15856
1.15856
1.15856
1.15856
1.15856
1.15856
1.15856
1.15856
1.15856
1.15856
1.15856
1.15856
1.15856
1.15856
1.15856
1.15856
1.15856
1.15856
1.15856
1.15856
1.15856
1.15856
1.15856
1.15856
1.15856
1.15856
1.15856
1.15856
1.15856
1.15856
1.15856
1.15856
1.15856
1.15856
1.15856
1.15856
1.15856
1.15856
1.15856
1.15856
1.15856
1.15856
1.15856
1.15856
1.15856
1.15856
1.15856
1.15856
1.15856
1.15856
1.15856
1.15856
1.15856
1.15856
1.15856
1.15856
1.15856
1.15856
1.15856
1.15856
1.15856
1.15856
1.15856
1.15856
1.15856
1.15856
1.15856
1.15856
1.15856
1.15856
1.15856
1.15856
1.15856
1.15856
1.15856
1.15856
1.15856
1.15856
1.15856
1.15856
1.15856
1.15856
1.15856
1.15856
1.15856
1.15856
1.15856
1.15856
1.15856
1.15856
1.15856
1.15856
1.15856
1.15856
1.15856
1.15856
1.15856
1.15856
1.15856
1.15856
1.15856
1.15856
1.15856
1.15856
1.15856
1.15856
1.15856
1.15856
1.15856
1.15856
1.15856
1.15856
1.15856
1.15856
1.15856
1.15856
1.15856
1.15856
1.15856
1.15856
1.15856
1.15856
1.15856
1.15856
1.15856
1.15856
1.15856
1.15856
1.15856
1.15856
1.15856
1.15856
1.15856
1.15856
1.15856
1.15856
1.15856
1.15856
1.15856
1.15856
1.15856
1.15856
1.15856
1.15856
1.15856
1.15856
1.15856
1.15856
1.15856
1.15856
1.15856
1.15856
1.15856
1.15856
1.15856
1.15856
1.15856
1.15856
1.15856
1.15856
1.15856
1.15856
1.15856
1.15856
1.15856
1.15856
1.15856
1.15856
1.15856
1.15856
1.15856
1.15856
1.15856
1.15856
1.15856
1.15856
1.15856
1.15856
1.15856
1.15856
1.15856
1.15856
1.15856
1.15856
1.15856
1.15856
1.15856
1.15856
1.15856
1.15856
1.15856
1.15856
1.15856
1.15856
1.15856
1.15856
1.15856
1.15856
1.15856
1.15856
1.15856
1.15856
1.15856
1.15856
1.15856
1.15856
1.15856
1.15856
1.15856
1.15856
1.15856
1.15856
1.15856
1.15856
1.15856
1.15856
1.15856
1.15856
1.15856
1.15856
1.15856
1.15856
1.15856
1.15856
1.15856
1.15856
1.15856
1.15856
1.15856
1.15856
1.15856
1.15856
1.15856
1.15856
1.15856
1.15856
1.15856
1.15856
1.15856
1.15856
1.15856
1.15856
1.15856
1.15856
1.15856
1.15856
1.15856
1.15856
1.15856
1.15856
1.15856
1.15856
1.15856
1.15856
1.15856
1.15856
1.15856
1.15856
1.15856
1.15856
1.15856
1.15856
1.15856
1.15856
1.15856
1.15856
1.15856
1.15856
1.15856
1.15856
1.15856
1.15856
1.15856
1.15856
1.15856
1.15856
1.15856
1.15856
1.15856
1.15856
1.15856
1.15856
1.15856
1.15856
1.15856
1.15856
1.15856
1.15856
1.15856
1.15856
1.15856
1.15856
1.15856
1.15856
1.15856
1.15856
1.15856
1.15856
1.15856
1.15856
1.15856
1.15856
1.15856
1.15856
1.15856
1.15856
1.15856
1.15856
1.15856
1.15856
1.15856
1.15856
1.15856
1.15856
1.15856
1.15856
1.15856
1.15856
1.15856
1.15856
1.15856
1.15856
1.15856
1.15856
1.15856
1.15856
1.15856
1.15856
1.15856
1.15856
1.15856
1.15856
1.15856
1.15856
1.15856
1.15856
1.15856
1.15856
1.15856
1.15856
1.15856
1.15856
1.15856
1.15856
1.15856
1.15856
1.15856
1.15856
1.15856
1.15856
1.15856
1.15856
1.15856
1.15856
1.15856
1.15856
1.15856
1.15856
1.15856
1.15856
1.15856
1.15856
1.15856
1.15856
1.15856
1.15856
1.15856
1.15856
1.15856
1.15856
1.15856
1.15856
1.15856
1.15856
1.15856
1.15856
1.15856
1.15856
1.15856
1.15856
1.15856
1.15856
1.15856
1.15856
1.15856
1.15856
1.15856
1.15855
1.15855
1.15855
1.15855
1.15855
1.15855
1.15855
1.15855
1.15855
1.15855
1.15855
1.15855
1.15855
1.15855
1.15855
1.15855
1.15855
1.15855
1.15855
1.15855
1.15855
1.15855
1.15855
1.15855
1.15855
1.15855
1.15855
1.15855
1.15855
1.15855
1.15855
1.15855
1.15855
1.15855
1.15855
1.15855
1.15855
1.15855
1.15855
1.15855
1.15855
1.15855
1.15855
1.15855
1.15855
1.15855
1.15855
1.15855
1.15855
1.15855
1.15855
1.15855
1.15855
1.15855
1.15855
1.15855
1.15855
1.15855
1.15855
1.15855
1.15855
1.15855
1.15855
1.15855
1.15855
1.15855
1.15855
1.15855
1.15855
1.15855
1.15855
1.15855
1.15855
1.15855
1.15855
1.15855
1.15855
1.15855
1.15855
1.15855
1.15855
1.15855
1.15855
1.15855
1.15855
1.15855
1.15855
1.15855
1.15855
1.15855
1.15855
1.15855
1.15855
1.15855
1.15855
1.15855
1.15855
1.15855
1.15855
1.15855
1.15855
1.15855
1.15855
1.15855
1.15855
1.15855
1.15855
1.15855
1.15855
1.15855
1.15855
1.15855
1.15855
1.15855
1.15855
1.15855
1.15855
1.15855
1.15855
1.15855
1.15855
1.15855
1.15855
1.15855
1.15855
1.15855
1.15855
1.15855
1.15855
1.15855
1.15855
1.15855
1.15855
1.15855
1.15855
1.15855
1.15855
1.15855
1.15855
1.15855
1.15855
1.15855
1.15855
1.15855
1.15855
1.15855
1.15855
1.15855
1.15855
1.15855
1.15855
1.15855
1.15855
1.15855
1.15855
1.15855
1.15855
1.15855
1.15855
1.15855
1.15855
1.15855
1.15855
1.15855
1.15855
1.15855
1.15855
1.15855
1.15855
1.15855
1.15855
1.15855
1.15855
1.15855
1.15855
1.15855
1.15855
1.15855
1.15855
1.15855
1.15855
1.15855
1.15855
1.15855
1.15855
1.15855
1.15855
1.15855
1.15855
1.15855
1.15855
1.15855
1.15855
1.15855
1.15855
1.15855
1.15855
1.15855
1.15855
1.15855
1.15855
1.15855
1.15855
1.15855
1.15855
1.15855
1.15855
1.15855
1.15855
1.15855
1.15855
1.15855
1.15855
1.15855
1.15855
1.15855
1.15855
1.15855
1.15855
1.15855
1.15855
1.15855
1.15855
1.15855
1.15855
1.15855
1.15855
1.15855
1.15855
1.15855
1.15855
1.15855
1.15855
1.15855
1.15855
1.15855
1.15855
1.15855
1.15855
1.15855
1.15855
1.15855
1.15855
1.15855
1.15855
1.15855
1.15855
1.15855
1.15855
1.15855
1.15855
1.15855
1.15855
1.15855
1.15855
1.15855
1.15855
1.15855
1.15855
1.15855
1.15855
1.15855
1.15855
1.15855
1.15855
1.15855
1.15855
1.15855
1.15855
1.15855
1.15855
1.15855
1.15855
1.15855
1.15855
1.15855
1.15855
1.15855
1.15855
1.15855
1.15855
1.15855
1.15855
1.15855
1.15855
1.15855
1.15855
1.15855
1.15855
1.15855
1.15855
1.15855
1.15855
1.15855
1.15855
1.15855
1.15855
1.15855
1.15855
1.15855
1.15855
1.15855
1.15855
1.15855
1.15855
1.15855
1.15855
1.15855
1.15855
1.15855
1.15855
1.15855
1.15855
1.15855
1.15855
1.15855
1.15855
1.15855
1.15855
1.15855
1.15855
1.15855
1.15855
1.15855
1.15855
1.15855
1.15855
1.15855
1.15855
1.15855
1.15855
1.15855
1.15855
1.15855
1.15855
1.15855
1.15855
1.15855
1.15855
1.15855
1.15855
1.15855
1.15855
1.15855
1.15855
1.15855
1.15855
1.15855
1.15855
1.15855
1.15855
1.15855
1.15855
1.15855
1.15855
1.15855
1.15855
1.15855
1.15855
1.15855
1.15855
1.15855
1.15855
1.15855
1.15855
1.15855
1.15855
1.15855
1.15855
1.15855
1.15855
1.15855
1.15855
1.15855
1.15855
1.15855
1.15855
1.15855
1.15855
1.15855
1.15855
1.15855
1.15855
1.15855
1.15855
1.15855
1.15855
1.15855
1.15855
1.15855
1.15855
1.15855
1.15855
1.15855
1.15855
1.15855
1.15855
1.15855
1.15855
1.15855
1.15854
1.15854
1.15854
1.15854
1.15854
1.15854
1.15854
1.15854
1.15854
1.15854
1.15854
1.15854
1.15854
1.15854
1.15854
1.15854
1.15854
1.15854
1.15854
1.15854
1.15854
1.15854
1.15854
1.15854
1.15854
1.15854
1.15854
1.15854
1.15854
1.15854
1.15854
1.15854
1.15854
1.15854
1.15854
1.15854
1.15854
1.15854
1.15854
1.15854
1.15854
1.15854
1.15854
1.15854
1.15854
1.15854
1.15854
1.15854
1.15854
1.15854
1.15854
1.15854
1.15854
1.15854
1.15854
1.15854
1.15854
1.15854
1.15854
1.15854
1.15854
1.15854
1.15854
1.15854
1.15854
1.15854
1.15854
1.15854
1.15854
1.15854
1.15854
1.15854
1.15854
1.15854
1.15854
1.15854
1.15854
1.15854
1.15854
1.15854
1.15854
1.15854
1.15854
1.15854
1.15854
1.15854
1.15854
1.15854
1.15854
1.15854
1.15854
1.15854
1.15854
1.15854
1.15854
1.15854
1.15854
1.15854
1.15854
1.15854
1.15854
1.15854
1.15854
1.15854
1.15854
1.15854
1.15854
1.15854
1.15854
1.15854
1.15854
1.15854
1.15854
1.15854
1.15854
1.15854
1.15854
1.15854
1.15854
1.15854
1.15854
1.15854
1.15854
1.15854
1.15854
1.15854
1.15854
1.15854
1.15854
1.15854
1.15854
1.15854
1.15854
1.15854
1.15854
1.15854
1.15854
1.15854
1.15854
1.15854
1.15854
1.15854
1.15854
1.15854
1.15854
1.15854
1.15854
1.15854
1.15854
1.15854
1.15854
1.15854
1.15854
1.15854
1.15854
1.15854
1.15854
1.15854
1.15854
1.15854
1.15854
1.15854
1.15854
1.15854
1.15854
1.15854
1.15854
1.15854
1.15854
1.15854
1.15854
1.15854
1.15854
1.15854
1.15854
1.15854
1.15854
1.15854
1.15854
1.15854
1.15854
1.15854
1.15854
1.15854
1.15854
1.15854
1.15854
1.15854
1.15854
1.15854
1.15854
1.15854
1.15854
1.15854
1.15854
1.15854
1.15854
1.15854
1.15854
1.15854
1.15854
1.15854
1.15854
1.15854
1.15854
1.15854
1.15854
1.15854
1.15854
1.15854
1.15854
1.15854
1.15854
1.15854
1.15854
1.15854
1.15854
1.15854
1.15854
1.15854
1.15854
1.15854
1.15854
1.15854
1.15854
1.15854
1.15854
1.15854
1.15854
1.15854
1.15854
1.15854
1.15854
1.15854
1.15854
1.15854
1.15854
1.15854
1.15854
1.15854
1.15854
1.15854
1.15854
1.15854
1.15854
1.15854
1.15854
1.15854
1.15854
1.15854
1.15854
1.15854
1.15854
1.15854
1.15854
1.15854
1.15854
1.15854
1.15854
1.15854
1.15854
1.15854
1.15854
1.15854
1.15854
1.15854
1.15854
1.15854
1.15854
1.15854
1.15854
1.15854
1.15854
1.15854
1.15854
1.15854
1.15854
1.15854
1.15854
1.15854
1.15854
1.15854
1.15854
1.15854
1.15854
1.15854
1.15854
1.15854
1.15854
1.15854
1.15854
1.15854
1.15854
1.15854
1.15854
1.15854
1.15854
1.15854
1.15854
1.15854
1.15854
1.15854
1.15854
1.15854
1.15854
1.15854
1.15854
1.15854
1.15854
1.15854
1.15854
1.15854
1.15854
1.15854
1.15854
1.15854
1.15854
1.15854
1.15854
1.15854
1.15854
1.15854
1.15854
1.15854
1.15854
1.15854
1.15854
1.15854
1.15854
1.15854
1.15854
1.15854
1.15854
1.15854
1.15854
1.15854
1.15854
1.15854
1.15854
1.15854
1.15854
1.15854
1.15854
1.15854
1.15854
1.15854
1.15854
1.15854
1.15854
1.15854
1.15854
1.15854
1.15854
1.15854
1.15854
1.15854
1.15854
1.15854
1.15854
1.15854
1.15854
1.15854
1.15854
1.15854
1.15854
1.15854
1.15854
1.15854
1.15854
1.15854
1.15854
1.15854
1.15854
1.15854
1.15854
1.15854
1.15854
1.15854
1.15854
1.15854
1.15854
1.15854
1.15854
1.15854
1.15854
1.15854
1.15854
1.15854
1.15854
1.15854
1.15854
1.15854
1.15854
1.15854
1.15854
1.15854
1.15854
1.15854
1.15854
1.15854
1.15853
1.15853
1.15853
1.15853
1.15853
1.15853
1.15853
1.15853
1.15853
1.15853
1.15853
1.15853
1.15853
1.15853
1.15853
1.15853
1.15853
1.15853
1.15853
1.15853
1.15853
1.15853
1.15853
1.15853
1.15853
1.15853
1.15853
1.15853
1.15853
1.15853
1.15853
1.15853
1.15853
1.15853
1.15853
1.15853
1.15853
1.15853
1.15853
1.15853
1.15853
1.15853
1.15853
1.15853
1.15853
1.15853
1.15853
1.15853
1.15853
1.15853
1.15853
1.15853
1.15853
1.15853
1.15853
1.15853
1.15853
1.15853
1.15853
1.15853
1.15853
1.15853
1.15853
1.15853
1.15853
1.15853
1.15853
1.15853
1.15853
1.15853
1.15853
1.15853
1.15853
1.15853
1.15853
1.15853
1.15853
1.15853
1.15853
1.15853
1.15853
1.15853
1.15853
1.15853
1.15853
1.15853
1.15853
1.15853
1.15853
1.15853
1.15853
1.15853
1.15853
1.15853
1.15853
1.15853
1.15853
1.15853
1.15853
1.15853
1.15853
1.15853
1.15853
1.15853
1.15853
1.15853
1.15853
1.15853
1.15853
1.15853
1.15853
1.15853
1.15853
1.15853
1.15853
1.15853
1.15853
1.15853
1.15853
1.15853
1.15853
1.15853
1.15853
1.15853
1.15853
1.15853
1.15853
1.15853
1.15853
1.15853
1.15853
1.15853
1.15853
1.15853
1.15853
1.15853
1.15853
1.15853
1.15853
1.15853
1.15853
1.15853
1.15853
1.15853
1.15853
1.15853
1.15853
1.15853
1.15853
1.15853
1.15853
1.15853
1.15853
1.15853
1.15853
1.15853
1.15853
1.15853
1.15853
1.15853
1.15853
1.15853
1.15853
1.15853
1.15853
1.15853
1.15853
1.15853
1.15853
1.15853
1.15853
1.15853
1.15853
1.15853
1.15853
1.15853
1.15853
1.15853
1.15853
1.15854
1.15854
1.15854
1.15854
1.15854
1.15854
1.15854
1.15854
1.15854
1.15854
1.15854
1.15854
1.15854
1.15854
1.15854
1.15854
1.15854
1.15854
1.15854
1.15854
1.15854
1.15853
1.15853
1.15853
1.15853
1.15853
1.15853
1.15853
1.15853
1.15853
1.15853
1.15853
1.15853
1.15853
1.15853
1.15853
1.15853
1.15853
1.15853
1.15853
1.15853
1.15853
1.15853
1.15853
1.15853
1.15853
1.15853
1.15853
1.15853
1.15853
1.15853
1.15853
1.15853
1.15853
1.15853
1.15853
1.15853
1.15853
1.15853
1.15853
1.15853
1.15853
1.15853
1.15853
1.15853
1.15853
1.15853
1.15853
1.15853
1.15853
1.15853
1.15853
1.15853
1.15853
1.15853
1.15853
1.15853
1.15853
1.15853
1.15853
1.15853
1.15853
1.15853
1.15853
1.15853
1.15853
1.15853
1.15853
1.15853
1.15853
1.15853
1.15853
1.15853
1.15853
1.15853
1.15853
1.15853
1.15853
1.15853
1.15853
1.15853
1.15853
1.15853
1.15853
1.15853
1.15853
1.15853
1.15853
1.15853
1.15853
1.15853
1.15853
1.15853
1.15853
1.15853
1.15853
1.15853
1.15853
1.15853
1.15853
1.15853
1.15853
1.15853
1.15853
1.15853
1.15853
1.15853
1.15853
1.15853
1.15853
1.15853
1.15853
1.15853
1.15853
1.15853
1.15853
1.15853
1.15853
1.15853
1.15853
1.15853
1.15853
1.15853
1.15853
1.15853
1.15853
1.15853
1.15853
1.15853
1.15853
1.15853
1.15853
1.15853
1.15853
1.15853
1.15853
1.15853
1.15853
1.15853
1.15853
1.15853
1.15853
1.15853
1.15853
1.15853
1.15853
1.15853
1.15853
1.15853
1.15853
1.15853
1.15853
1.15853
1.15853
1.15853
1.15853
1.15853
1.15853
1.15853
1.15853
1.15853
1.15853
1.15853
1.15853
1.15853
1.15853
1.15853
1.15853
1.15853
1.15853
1.15853
1.15853
1.15853
1.15853
1.15853
1.15853
1.15853
1.15853
1.15853
1.15853
1.15853
1.15853
1.15853
1.15853
1.15853
1.15853
1.15853
1.15853
1.15853
1.15853
1.15853
1.15853
1.15853
1.15853
1.15853
1.15853
1.15853
1.15853
1.15853
1.15853
1.15853
1.15853
1.15853
1.15853
1.15853
1.15853
1.15853
1.15853
1.15853
1.15853
1.15853
1.15853
1.15853
1.15853
1.15853
1.15853
1.15853
1.15853
1.15853
1.15853
1.15853
1.15853
1.15853
1.15853
1.15853
1.15853
1.15853
1.15853
1.15853
1.15853
1.15853
1.15853
1.15853
1.15853
1.15853
1.15853
1.15853
1.15853
1.15853
1.15853
1.15853
1.15853
1.15853
1.15853
1.15853
1.15853
1.15853
1.15853
1.15853
1.15853
1.15853
1.15853
1.15853
1.15853
1.15853
1.15853
1.15853
1.15853
1.15853
1.15853
1.15853
1.15853
1.15853
1.15853
1.15853
1.15853
1.15853
1.15853
1.15853
1.15853
1.15853
1.15853
1.15853
1.15853
1.15853
1.15853
1.15853
1.15853
1.15853
1.15853
1.15853
1.15853
1.15853
1.15853
1.15853
1.15853
1.15853
1.15853
1.15853
1.15853
1.15853
1.15853
1.15853
1.15853
1.15853
1.15853
1.15853
1.15853
1.15853
1.15853
1.15853
1.15853
1.15853
1.15853
1.15853
1.15853
1.15853
1.15853
1.15853
1.15853
1.15853
1.15853
1.15853
1.15853
1.15853
1.15853
1.15853
1.15853
1.15853
1.15853
1.15853
1.15853
1.15853
1.15853
1.15853
1.15853
1.15853
1.15853
1.15853
1.15853
1.15853
1.15853
1.15853
1.15853
1.15853
1.15853
1.15853
1.15853
1.15853
1.15853
1.15853
1.15853
1.15853
1.15853
1.15853
1.15853
1.15853
1.15853
1.15853
1.15853
1.15853
1.15853
1.15853
1.15853
1.15853
1.15853
1.15853
1.15853
1.15853
1.15853
1.15853
1.15853
1.15853
1.15853
1.15853
1.15853
1.15853
1.15853
1.15853
1.15853
1.15853
1.15853
1.15853
1.15853
1.15853
1.15853
1.15853
1.15853
1.15853
1.15853
1.15853
1.15853
1.15853
1.15853
1.15853
1.15853
1.15853
1.15853
1.15853
1.15853
1.15853
1.15853
1.15853
1.15853
1.15853
1.15853
1.15853
1.15853
1.15853
1.15853
1.15853
1.15852
1.15852
1.15852
1.15852
1.15852
1.15852
1.15852
1.15852
1.15852
1.15852
1.15852
1.15852
1.15852
1.15852
1.15852
1.15852
1.15852
1.15852
1.15852
1.15852
1.15852
1.15852
1.15852
1.15852
1.15852
1.15852
1.15852
1.15852
1.15852
1.15852
1.15852
1.15852
1.15852
1.15852
1.15852
1.15852
1.15852
1.15852
1.15852
1.15852
1.15852
1.15852
1.15852
1.15852
1.15852
1.15852
1.15852
1.15852
1.15852
1.15852
1.15852
1.15852
1.15852
1.15852
1.15852
1.15852
1.15852
1.15852
1.15852
1.15852
1.15852
1.15852
1.15852
1.15852
1.15852
1.15852
1.15852
1.15852
1.15852
1.15852
1.15852
1.15852
1.15852
1.15852
1.15852
1.15852
1.15852
1.15852
1.15852
1.15852
1.15852
1.15852
1.15852
1.15852
1.15852
1.15852
1.15852
1.15852
1.15852
1.15852
1.15852
1.15852
1.15852
1.15852
1.15852
1.15852
1.15852
1.15852
1.15852
1.15852
1.15852
1.15852
1.15852
1.15852
1.15852
1.15852
1.15852
1.15852
1.15852
1.15852
1.15852
1.15852
1.15852
1.15852
1.15852
1.15852
1.15852
1.15852
1.15852
1.15852
1.15852
1.15852
1.15852
1.15852
1.15852
1.15852
1.15852
1.15852
1.15852
1.15852
1.15852
1.15852
1.15852
1.15852
1.15852
1.15852
1.15852
1.15852
1.15852
1.15852
1.15852
1.15852
1.15852
1.15852
1.15852
1.15852
1.15852
1.15852
1.15852
1.15852
1.15852
1.15852
1.15852
1.15852
1.15852
1.15852
1.15852
1.15852
1.15852
1.15852
1.15852
1.15852
1.15852
1.15852
1.15852
1.15852
1.15852
1.15852
1.15852
1.15852
1.15852
1.15852
1.15852
1.15852
1.15852
1.15852
1.15852
1.15852
1.15852
1.15852
1.15852
1.15852
1.15852
1.15852
1.15852
1.15852
1.15852
1.15852
1.15852
1.15852
1.15852
1.15852
1.15852
1.15852
1.15852
1.15852
1.15852
1.15852
1.15852
1.15852
1.15852
1.15852
1.15852
1.15852
1.15852
1.15852
1.15852
1.15852
1.15852
1.15852
1.15852
1.15852
1.15852
1.15852
1.15852
1.15852
1.15852
1.15852
1.15852
1.15852
1.15852
1.15852
1.15852
1.15852
1.15852
1.15852
1.15852
1.15852
1.15852
1.15852
1.15852
1.15852
1.15852
1.15852
1.15852
1.15852
1.15852
1.15852
1.15852
1.15852
1.15852
1.15852
1.15852
1.15852
1.15852
1.15852
1.15852
1.15852
1.15852
1.15852
1.15852
1.15852
1.15852
1.15852
1.15852
1.15852
1.15852
1.15852
1.15852
1.15852
1.15852
1.15852
1.15852
1.15852
1.15852
1.15852
1.15852
1.15852
1.15852
1.15852
1.15852
1.15852
1.15852
1.15852
1.15852
1.15852
1.15852
1.15852
1.15852
1.15852
1.15852
1.15852
1.15852
1.15852
1.15852
1.15852
1.15852
1.15852
1.15852
1.15852
1.15852
1.15852
1.15852
1.15852
1.15852
1.15852
1.15852
1.15852
1.15852
1.15852
1.15852
1.15852
1.15852
1.15852
1.15852
1.15852
1.15852
1.15852
1.15852
1.15852
1.15852
1.15852
1.15852
1.15852
1.15852
1.15852
1.15852
1.15852
1.15852
1.15852
1.15852
1.15852
1.15852
1.15852
1.15852
1.15852
1.15852
1.15852
1.15852
1.15852
1.15852
1.15852
1.15852
1.15852
1.15852
1.15852
1.15852
1.15852
1.15852
1.15852
1.15852
1.15852
1.15852
1.15852
1.15852
1.15852
1.15852
1.15852
1.15852
1.15852
1.15852
1.15852
1.15852
1.15852
1.15852
1.15852
1.15852
1.15852
1.15852
1.15852
1.15852
1.15852
1.15852
1.15852
1.15852
1.15852
1.15852
1.15852
1.15852
1.15852
1.15852
1.15852
1.15852
1.15852
1.15852
1.15852
1.15852
1.15852
1.15852
1.15852
1.15852
1.15852
1.15852
1.15852
1.15852
1.15852
1.15852
1.15852
1.15852
1.15852
1.15852
1.15852
1.15852
1.15852
1.15852
1.15852
1.15852
1.15852
1.15852
1.15852
1.15851
1.15851
1.15851
1.15851
1.15851
1.15851
1.15851
1.15851
1.15851
1.15851
1.15851
1.15851
1.15851
1.15851
1.15851
1.15851
1.15851
1.15851
1.15851
1.15851
1.15851
1.15851
1.15851
1.15851
1.15851
1.15851
1.15851
1.15851
1.15851
1.15851
1.15851
1.15851
1.15851
1.15851
1.15851
1.15851
1.15851
1.15851
1.15851
1.15851
1.15851
1.15851
1.15851
1.15851
1.15851
1.15851
1.15851
1.15851
1.15851
1.15851
1.15851
1.15851
1.15851
1.15851
1.15851
1.15851
1.15851
1.15851
1.15851
1.15851
1.15851
1.15851
1.15851
1.15851
1.15851
1.15851
1.15851
1.15851
1.15851
1.15851
1.15851
1.15851
1.15851
1.15851
1.15851
1.15851
1.15851
1.15851
1.15851
1.15851
1.15851
1.15851
1.15851
1.15851
1.15851
1.15851
1.15851
1.15851
1.15851
1.15851
1.15851
1.15851
1.15851
1.15851
1.15851
1.15851
1.15851
1.15851
1.15851
1.15851
1.15851
1.15851
1.15851
1.15851
1.15851
1.15851
1.15851
1.15851
1.15851
1.15851
1.15851
1.15851
1.15851
1.15851
1.15851
1.15851
1.15851
1.15851
1.15851
1.15851
1.15851
1.15851
1.15851
1.15851
1.15851
1.15851
1.15851
1.15851
1.15851
1.15851
1.15851
1.15851
1.15851
1.15851
1.15851
1.15851
1.15851
1.15851
1.15851
1.15851
1.15851
1.15851
1.15851
1.15851
1.15851
1.15851
1.15851
1.15851
1.15851
1.15851
1.15851
1.15851
1.15851
1.15851
1.15851
1.15851
1.15851
1.15851
1.15851
1.15851
1.15851
1.15851
1.15851
1.15851
1.15851
1.15851
1.15851
1.15851
1.15851
1.15851
1.15851
1.15851
1.15851
1.15851
1.15851
1.15851
1.15851
1.15851
1.15851
1.15851
1.15851
1.15851
1.15851
1.15851
1.15851
1.15851
1.15851
1.15851
1.15851
1.15851
1.15851
1.15851
1.15851
1.15851
1.15851
1.15851
1.15851
1.15851
1.15851
1.15851
1.15851
1.15851
1.15851
1.15851
1.15851
1.15851
1.15851
1.15851
1.15851
1.15851
1.15851
1.15851
1.15851
1.15851
1.15851
1.15851
1.15851
1.15851
1.15851
1.15851
1.15851
1.15851
1.15851
1.15851
1.15851
1.15851
1.15851
1.15851
1.15851
1.15851
1.15851
1.15851
1.15851
1.15851
1.15851
1.15851
1.15851
1.15851
1.15851
1.15851
1.15851
1.15851
1.15851
1.15851
1.15851
1.15851
1.15851
1.15851
1.15851
1.15851
1.15851
1.15851
1.15851
1.15851
1.15851
1.15851
1.15851
1.15851
1.15851
1.15851
1.15851
1.15851
1.15851
1.15851
1.15851
1.15851
1.15851
1.15851
1.15851
1.15851
1.15851
1.15851
1.15851
1.15851
1.15851
1.15851
1.15851
1.15851
1.15851
1.15851
1.15851
1.15851
1.15851
1.15851
1.15851
1.15851
1.15851
1.15851
1.15851
1.15851
1.15851
1.15851
1.15851
1.15851
1.15851
1.15851
1.15851
1.15851
1.15851
1.15851
1.15851
1.15851
1.15851
1.15851
1.15851
1.15851
1.15851
1.15851
1.15851
1.15851
1.15851
1.15851
1.15851
1.15851
1.15851
1.15851
1.15851
1.15851
1.15851
1.15851
1.15851
1.15851
1.15851
1.15851
1.15851
1.15851
1.15851
1.15851
1.15851
1.15851
1.15851
1.15851
1.15851
1.15851
1.15851
1.15851
1.15851
1.15851
1.15851
1.15851
1.15851
1.15851
1.15851
1.15851
1.15851
1.15851
1.15851
1.15851
1.15851
1.15851
1.15851
1.15851
1.15851
1.15851
1.15851
1.15851
1.15851
1.15851
1.15851
1.15851
1.15851
1.15851
1.15851
1.15851
1.15851
1.15851
1.15851
1.15851
1.15851
1.15851
1.15851
1.15851
1.15851
1.15851
1.15851
1.15851
1.15851
1.15851
1.15851
1.15851
1.15851
1.15851
1.15851
1.15851
1.15851
1.15851
1.15851
1.15851
1.15851
1.15851
1.15851
1.15851
1.15851
1.15851
1.15851
1.15851
1.15851
1.15851
1.15851
1.15851
1.1585
1.1585
1.1585
1.1585
1.1585
1.1585
1.1585
1.1585
1.1585
1.1585
1.1585
1.1585
1.1585
1.1585
1.1585
1.1585
1.1585
1.1585
1.1585
1.1585
1.1585
1.1585
1.1585
1.1585
1.1585
1.1585
1.1585
1.1585
1.1585
1.1585
1.1585
1.1585
1.1585
1.1585
1.1585
1.1585
1.1585
1.1585
1.1585
1.1585
1.1585
1.1585
1.1585
1.1585
1.1585
1.1585
1.1585
1.1585
1.1585
1.1585
1.1585
1.1585
1.1585
1.1585
1.1585
1.1585
1.1585
1.1585
1.1585
1.1585
1.1585
1.1585
1.1585
1.1585
1.1585
1.1585
1.1585
1.1585
1.1585
1.1585
1.1585
1.1585
1.1585
1.1585
1.1585
1.1585
1.1585
1.1585
1.1585
1.1585
1.1585
1.1585
1.1585
1.1585
1.1585
1.1585
1.1585
1.1585
1.1585
1.1585
1.1585
1.1585
1.1585
1.1585
1.1585
1.1585
1.1585
1.1585
1.1585
1.1585
1.1585
1.1585
1.1585
1.1585
1.1585
1.1585
1.1585
1.1585
1.1585
1.1585
1.1585
1.1585
1.1585
1.1585
1.1585
1.1585
1.1585
1.1585
1.1585
1.1585
1.1585
1.1585
1.1585
1.1585
1.1585
1.1585
1.1585
1.1585
1.1585
1.1585
1.1585
1.1585
1.1585
1.1585
1.1585
1.1585
1.1585
1.1585
1.1585
1.1585
1.1585
1.1585
1.1585
1.1585
1.1585
1.1585
1.1585
1.1585
1.1585
1.1585
1.1585
1.1585
1.1585
1.1585
1.1585
1.1585
1.1585
1.1585
1.1585
1.1585
1.1585
1.1585
1.1585
1.1585
1.1585
1.1585
1.1585
1.1585
1.1585
1.1585
1.1585
1.1585
1.1585
1.1585
1.1585
1.1585
1.1585
1.1585
1.1585
1.1585
1.1585
1.1585
1.1585
1.1585
1.1585
1.1585
1.1585
1.1585
1.1585
1.1585
1.1585
1.1585
1.1585
1.1585
1.1585
1.1585
1.1585
1.1585
1.15851
1.1585
1.1585
1.1585
1.1585
1.1585
1.1585
1.1585
1.1585
1.1585
1.1585
1.1585
1.1585
1.1585
1.1585
1.1585
1.1585
1.1585
1.1585
1.1585
1.1585
1.1585
1.1585
1.1585
1.1585
1.1585
1.1585
1.1585
1.1585
1.1585
1.1585
1.1585
1.1585
1.1585
1.1585
1.1585
1.1585
1.1585
1.1585
1.1585
1.1585
1.1585
1.1585
1.1585
1.1585
1.1585
1.1585
1.1585
1.1585
1.1585
1.1585
1.1585
1.1585
1.1585
1.1585
1.1585
1.1585
1.1585
1.1585
1.1585
1.1585
1.1585
1.1585
1.1585
1.1585
1.1585
1.1585
1.1585
1.1585
1.1585
1.1585
1.1585
1.1585
1.1585
1.1585
1.1585
1.1585
1.1585
1.1585
1.1585
1.1585
1.1585
1.1585
1.1585
1.1585
1.1585
1.1585
1.1585
1.1585
1.1585
1.1585
1.1585
1.1585
1.1585
1.1585
1.1585
1.1585
1.1585
1.1585
1.1585
1.1585
1.1585
1.1585
1.1585
1.1585
1.1585
1.1585
1.1585
1.1585
1.1585
1.1585
1.1585
1.1585
1.1585
1.1585
1.1585
1.1585
1.1585
1.1585
1.1585
1.1585
1.1585
1.1585
1.1585
1.1585
1.1585
1.1585
1.1585
1.1585
1.1585
1.1585
1.1585
1.1585
1.1585
1.1585
1.1585
1.1585
1.1585
1.1585
1.1585
1.1585
1.1585
1.1585
1.1585
1.1585
1.1585
1.1585
1.1585
1.1585
1.1585
1.1585
1.1585
1.1585
1.1585
1.1585
1.1585
1.1585
1.1585
1.1585
1.1585
1.1585
1.1585
1.1585
1.1585
1.1585
1.1585
1.1585
1.1585
1.1585
1.1585
1.1585
1.1585
1.1585
1.1585
1.1585
1.1585
1.1585
1.1585
1.1585
1.1585
1.1585
1.1585
1.1585
1.1585
1.1585
1.1585
1.1585
1.1585
1.1585
1.1585
1.1585
1.1585
1.1585
1.1585
1.1585
1.1585
1.1585
1.1585
1.1585
1.1585
1.1585
1.1585
1.15849
1.1585
1.1585
1.1585
1.1585
1.1585
1.1585
1.1585
1.1585
1.1585
1.1585
1.1585
1.1585
1.1585
1.1585
1.1585
1.1585
1.1585
1.1585
1.1585
1.1585
1.1585
1.1585
1.1585
1.1585
1.1585
1.1585
1.1585
1.1585
1.1585
1.1585
1.1585
1.1585
1.1585
1.1585
1.1585
1.1585
1.1585
1.1585
1.1585
1.1585
1.1585
1.1585
1.1585
1.1585
1.1585
1.1585
1.1585
1.1585
1.1585
1.1585
1.1585
1.1585
1.1585
1.1585
1.1585
1.1585
1.1585
1.1585
1.1585
1.1585
1.1585
1.1585
1.1585
1.1585
1.1585
1.1585
1.1585
1.1585
1.1585
1.1585
1.1585
1.1585
1.1585
1.1585
1.1585
1.1585
1.1585
1.1585
1.1585
1.1585
1.1585
1.1585
1.1585
1.1585
1.1585
1.1585
1.1585
1.1585
1.1585
1.1585
1.1585
1.1585
1.1585
1.1585
1.1585
1.1585
1.1585
1.1585
1.1585
1.1585
1.1585
1.1585
1.1585
1.1585
1.1585
1.1585
1.1585
1.1585
1.1585
1.1585
1.1585
1.1585
1.1585
1.1585
1.1585
1.1585
1.1585
1.1585
1.1585
1.1585
1.1585
1.1585
1.1585
1.1585
1.1585
1.1585
1.1585
1.1585
1.1585
1.1585
1.1585
1.1585
1.1585
1.1585
1.1585
1.1585
1.1585
1.1585
1.1585
1.1585
1.1585
1.1585
1.1585
1.1585
1.1585
1.1585
1.1585
1.1585
1.1585
1.1585
1.1585
1.1585
1.1585
1.1585
1.1585
1.1585
1.1585
1.1585
1.1585
1.1585
1.1585
1.1585
1.1585
1.1585
1.1585
1.1585
1.1585
1.1585
1.1585
1.1585
1.1585
1.1585
1.1585
1.1585
1.1585
1.1585
1.1585
1.1585
1.1585
1.1585
1.1585
1.1585
1.1585
1.1585
1.1585
1.1585
1.1585
1.1585
1.1585
1.1585
1.1585
1.1585
1.1585
1.1585
1.1585
1.1585
1.1585
1.1585
1.1585
1.15849
1.15847
1.15848
1.15849
1.15849
1.15849
1.15849
1.15849
1.15849
1.15849
1.15849
1.15849
1.15849
1.15849
1.15849
1.15849
1.15849
1.15849
1.15849
1.15849
1.15849
1.15849
1.15849
1.15849
1.15849
1.15849
1.15849
1.15849
1.15849
1.15849
1.15849
1.15849
1.15849
1.15849
1.15849
1.15849
1.15849
1.15849
1.15849
1.15849
1.15849
1.15849
1.15849
1.15849
1.15849
1.15849
1.15849
1.15849
1.15849
1.15849
1.15849
1.15849
1.15849
1.15849
1.15849
1.15849
1.15849
1.15849
1.15849
1.15849
1.15849
1.15849
1.15849
1.15849
1.15849
1.15849
1.15849
1.15849
1.15849
1.15849
1.15849
1.15849
1.15849
1.15849
1.15849
1.15849
1.15849
1.15849
1.15849
1.15849
1.15849
1.15849
1.15849
1.15849
1.15849
1.15849
1.15849
1.15849
1.15849
1.15849
1.15849
1.15849
1.15849
1.15849
1.15849
1.15849
1.15849
1.15849
1.15849
1.15849
1.15849
1.15849
1.15849
1.15849
1.15849
1.15849
1.15849
1.15849
1.15849
1.15849
1.15849
1.15849
1.15849
1.15849
1.15849
1.15849
1.15849
1.15849
1.15849
1.15849
1.15849
1.15849
1.15849
1.15849
1.15849
1.15849
1.15849
1.15849
1.15849
1.15849
1.15849
1.15849
1.15849
1.15849
1.15849
1.15849
1.15849
1.15849
1.15849
1.15849
1.15849
1.15849
1.15849
1.15849
1.15849
1.15849
1.15849
1.15849
1.15849
1.15849
1.15849
1.15849
1.15849
1.15849
1.15849
1.15849
1.15849
1.15849
1.15849
1.15849
1.15849
1.15849
1.15849
1.15849
1.15849
1.15849
1.15849
1.15849
1.15849
1.15849
1.15849
1.15849
1.15849
1.15849
1.15849
1.15849
1.15849
1.15849
1.15849
1.15849
1.15849
1.15849
1.15849
1.15849
1.15849
1.15849
1.15849
1.15849
1.15849
1.15849
1.15849
1.15849
1.15849
1.15849
1.15849
1.15849
1.15849
1.15849
1.15849
1.15849
1.15849
1.15864
1.15858
1.15853
1.1585
1.15849
1.15849
1.15849
1.15849
1.15849
1.15849
1.15849
1.15849
1.15849
1.15848
1.15848
1.15848
1.15848
1.15848
1.15849
1.15849
1.15849
1.15849
1.15849
1.15849
1.15849
1.15849
1.15849
1.15849
1.15849
1.15849
1.15849
1.15849
1.15849
1.15849
1.15849
1.15849
1.15849
1.15849
1.15849
1.15849
1.15849
1.15849
1.15849
1.15849
1.15849
1.15849
1.15849
1.15849
1.15849
1.15849
1.15849
1.15849
1.15849
1.15849
1.15849
1.15849
1.15849
1.15849
1.15849
1.15849
1.15849
1.15849
1.15849
1.15849
1.15849
1.15849
1.15849
1.15849
1.15849
1.15849
1.15849
1.15849
1.15849
1.15849
1.15849
1.15849
1.15849
1.15849
1.15849
1.15849
1.15849
1.15849
1.15849
1.15849
1.15849
1.15849
1.15849
1.15849
1.15849
1.15849
1.15849
1.15849
1.15849
1.15849
1.15849
1.15849
1.15849
1.15849
1.15849
1.15849
1.15849
1.15849
1.15849
1.15849
1.15849
1.15849
1.15849
1.15849
1.15849
1.15849
1.15849
1.15849
1.15849
1.15849
1.15849
1.15849
1.15849
1.15849
1.15849
1.15849
1.15849
1.15849
1.15849
1.15849
1.15849
1.15849
1.15849
1.15849
1.15849
1.15849
1.15849
1.15849
1.15849
1.15849
1.15849
1.15849
1.15849
1.15849
1.15849
1.15849
1.15849
1.15849
1.15849
1.15849
1.15849
1.15849
1.15849
1.15849
1.15849
1.15849
1.15849
1.15849
1.15849
1.15849
1.15849
1.15849
1.15849
1.15849
1.15849
1.15849
1.15849
1.15849
1.15849
1.15849
1.15849
1.15849
1.15849
1.15849
1.15849
1.15849
1.15849
1.15849
1.15849
1.15849
1.15849
1.15849
1.15849
1.15849
1.15849
1.15849
1.15849
1.15849
1.15849
1.15849
1.15849
1.15849
1.15849
1.15849
1.15849
1.15849
1.15849
1.15849
1.15849
1.15849
1.15849
1.15849
1.15849
1.15849
1.15849
1.15835
1.15789
1.15793
1.15816
1.15838
1.15847
1.15849
1.15849
1.15849
1.15848
1.15848
1.15847
1.15847
1.15846
1.15846
1.15845
1.15845
1.15845
1.15845
1.15846
1.15847
1.15848
1.15848
1.15848
1.15848
1.15848
1.15848
1.15848
1.15848
1.15848
1.15848
1.15848
1.15848
1.15848
1.15848
1.15848
1.15848
1.15848
1.15848
1.15848
1.15848
1.15848
1.15848
1.15848
1.15848
1.15848
1.15848
1.15848
1.15848
1.15848
1.15848
1.15848
1.15848
1.15848
1.15848
1.15848
1.15848
1.15848
1.15848
1.15848
1.15848
1.15848
1.15848
1.15848
1.15848
1.15848
1.15848
1.15848
1.15848
1.15848
1.15848
1.15848
1.15848
1.15848
1.15848
1.15848
1.15848
1.15848
1.15848
1.15848
1.15848
1.15848
1.15848
1.15848
1.15848
1.15848
1.15848
1.15848
1.15848
1.15848
1.15848
1.15848
1.15848
1.15848
1.15848
1.15848
1.15848
1.15848
1.15848
1.15848
1.15848
1.15848
1.15848
1.15848
1.15848
1.15848
1.15848
1.15848
1.15848
1.15848
1.15848
1.15848
1.15848
1.15848
1.15848
1.15848
1.15848
1.15848
1.15848
1.15848
1.15848
1.15848
1.15848
1.15848
1.15848
1.15848
1.15848
1.15848
1.15848
1.15848
1.15848
1.15848
1.15848
1.15848
1.15848
1.15848
1.15848
1.15848
1.15848
1.15848
1.15848
1.15848
1.15848
1.15848
1.15848
1.15848
1.15848
1.15848
1.15848
1.15848
1.15848
1.15848
1.15848
1.15848
1.15848
1.15848
1.15848
1.15848
1.15848
1.15848
1.15848
1.15848
1.15848
1.15848
1.15848
1.15848
1.15848
1.15848
1.15848
1.15848
1.15848
1.15848
1.15848
1.15848
1.15848
1.15848
1.15848
1.15848
1.15848
1.15848
1.15848
1.15848
1.15848
1.15848
1.15848
1.15848
1.15848
1.15848
1.15848
1.15848
1.15848
1.15848
1.15848
1.15848
1.15848
1.15848
1.15848
1.15848
1.15848
1.15848
1.15895
1.16102
1.16069
1.15991
1.15902
1.15859
1.15843
1.1584
1.15841
1.15842
1.15842
1.15841
1.15839
1.15835
1.15831
1.15828
1.15825
1.15825
1.15828
1.15832
1.15837
1.15842
1.15846
1.15847
1.15848
1.15848
1.15848
1.15848
1.15848
1.15848
1.15848
1.15848
1.15848
1.15848
1.15848
1.15848
1.15848
1.15848
1.15848
1.15848
1.15848
1.15848
1.15848
1.15848
1.15848
1.15848
1.15848
1.15848
1.15848
1.15848
1.15848
1.15848
1.15848
1.15848
1.15848
1.15848
1.15848
1.15848
1.15848
1.15848
1.15848
1.15848
1.15848
1.15848
1.15848
1.15848
1.15848
1.15848
1.15848
1.15848
1.15848
1.15848
1.15848
1.15848
1.15848
1.15848
1.15848
1.15848
1.15848
1.15848
1.15848
1.15848
1.15848
1.15848
1.15848
1.15848
1.15848
1.15848
1.15848
1.15848
1.15848
1.15848
1.15848
1.15848
1.15848
1.15848
1.15848
1.15848
1.15848
1.15848
1.15848
1.15848
1.15848
1.15848
1.15848
1.15848
1.15848
1.15848
1.15848
1.15848
1.15848
1.15848
1.15848
1.15848
1.15848
1.15848
1.15848
1.15848
1.15848
1.15848
1.15848
1.15848
1.15848
1.15848
1.15848
1.15848
1.15848
1.15848
1.15848
1.15848
1.15848
1.15848
1.15848
1.15848
1.15848
1.15848
1.15848
1.15848
1.15848
1.15848
1.15848
1.15848
1.15848
1.15848
1.15848
1.15848
1.15848
1.15848
1.15848
1.15848
1.15848
1.15848
1.15848
1.15848
1.15848
1.15848
1.15848
1.15848
1.15848
1.15848
1.15848
1.15848
1.15848
1.15848
1.15848
1.15848
1.15848
1.15848
1.15848
1.15848
1.15848
1.15848
1.15848
1.15848
1.15848
1.15848
1.15848
1.15848
1.15848
1.15848
1.15848
1.15848
1.15848
1.15848
1.15848
1.15848
1.15848
1.15848
1.15848
1.15848
1.15848
1.15848
1.15848
1.15848
1.15848
1.15848
1.15848
1.15848
1.15848
1.15848
1.15617
1.15365
1.15409
1.15411
1.15583
1.15761
1.15854
1.15878
1.1587
1.15853
1.15836
1.1582
1.15804
1.15788
1.15772
1.15757
1.15746
1.15743
1.1575
1.15767
1.15789
1.15813
1.15832
1.15842
1.15846
1.15847
1.15847
1.15847
1.15847
1.15847
1.15847
1.15847
1.15847
1.15847
1.15847
1.15847
1.15847
1.15847
1.15847
1.15847
1.15847
1.15847
1.15847
1.15847
1.15847
1.15847
1.15847
1.15847
1.15847
1.15847
1.15847
1.15847
1.15847
1.15847
1.15847
1.15847
1.15847
1.15847
1.15847
1.15847
1.15847
1.15847
1.15847
1.15847
1.15847
1.15847
1.15847
1.15847
1.15847
1.15847
1.15847
1.15847
1.15847
1.15847
1.15847
1.15847
1.15847
1.15847
1.15847
1.15847
1.15847
1.15847
1.15847
1.15847
1.15847
1.15847
1.15847
1.15847
1.15847
1.15847
1.15847
1.15847
1.15847
1.15847
1.15847
1.15847
1.15847
1.15847
1.15847
1.15847
1.15847
1.15847
1.15847
1.15847
1.15847
1.15847
1.15847
1.15847
1.15847
1.15847
1.15847
1.15847
1.15847
1.15847
1.15847
1.15847
1.15847
1.15847
1.15847
1.15847
1.15847
1.15847
1.15847
1.15847
1.15847
1.15847
1.15847
1.15847
1.15847
1.15847
1.15847
1.15847
1.15847
1.15847
1.15847
1.15847
1.15847
1.15847
1.15847
1.15847
1.15847
1.15847
1.15847
1.15847
1.15847
1.15847
1.15847
1.15847
1.15847
1.15847
1.15847
1.15847
1.15847
1.15847
1.15847
1.15847
1.15847
1.15847
1.15847
1.15847
1.15847
1.15847
1.15847
1.15847
1.15847
1.15847
1.15847
1.15847
1.15847
1.15847
1.15847
1.15847
1.15847
1.15847
1.15847
1.15847
1.15847
1.15847
1.15847
1.15847
1.15847
1.15847
1.15847
1.15847
1.15847
1.15847
1.15847
1.15847
1.15847
1.15847
1.15847
1.15847
1.15847
1.15847
1.15847
1.15847
1.15847
1.15847
1.15847
1.15847
1.16663
1.16758
1.16808
1.1656
1.16248
1.15968
1.15783
1.1569
1.1566
1.15662
1.15672
1.15676
1.15664
1.15634
1.15591
1.15545
1.15509
1.15494
1.15504
1.15543
1.15608
1.15689
1.15765
1.15816
1.15838
1.15845
1.15847
1.15847
1.15847
1.15847
1.15847
1.15847
1.15847
1.15847
1.15847
1.15847
1.15847
1.15847
1.15847
1.15847
1.15847
1.15847
1.15847
1.15847
1.15847
1.15847
1.15847
1.15847
1.15847
1.15847
1.15847
1.15847
1.15847
1.15847
1.15847
1.15847
1.15847
1.15847
1.15847
1.15847
1.15847
1.15847
1.15847
1.15847
1.15847
1.15847
1.15847
1.15847
1.15847
1.15847
1.15847
1.15847
1.15847
1.15847
1.15847
1.15847
1.15847
1.15847
1.15847
1.15847
1.15847
1.15847
1.15847
1.15847
1.15847
1.15847
1.15847
1.15847
1.15847
1.15847
1.15847
1.15847
1.15847
1.15847
1.15847
1.15847
1.15847
1.15847
1.15847
1.15847
1.15847
1.15847
1.15847
1.15847
1.15847
1.15847
1.15847
1.15847
1.15847
1.15847
1.15847
1.15847
1.15847
1.15847
1.15847
1.15847
1.15847
1.15847
1.15847
1.15847
1.15847
1.15847
1.15847
1.15847
1.15847
1.15847
1.15847
1.15847
1.15847
1.15847
1.15847
1.15847
1.15847
1.15847
1.15847
1.15847
1.15847
1.15847
1.15847
1.15847
1.15847
1.15847
1.15847
1.15847
1.15847
1.15847
1.15847
1.15847
1.15847
1.15847
1.15847
1.15847
1.15847
1.15847
1.15847
1.15847
1.15847
1.15847
1.15847
1.15847
1.15847
1.15847
1.15847
1.15847
1.15847
1.15847
1.15847
1.15847
1.15847
1.15847
1.15847
1.15847
1.15847
1.15847
1.15847
1.15847
1.15847
1.15847
1.15847
1.15847
1.15847
1.15847
1.15847
1.15847
1.15847
1.15847
1.15847
1.15847
1.15847
1.15847
1.15847
1.15847
1.15847
1.15847
1.15847
1.15847
1.15847
1.15847
1.15847
1.15847
1.13964
1.14092
1.14167
1.14309
1.14748
1.15445
1.15923
1.1607
1.1605
1.15965
1.15844
1.15703
1.15552
1.154
1.15256
1.1513
1.15032
1.14973
1.14962
1.15007
1.15119
1.15303
1.15523
1.15703
1.158
1.15835
1.15845
1.15846
1.15847
1.15847
1.15847
1.15847
1.15847
1.15847
1.15847
1.15847
1.15847
1.15847
1.15847
1.15847
1.15847
1.15847
1.15847
1.15847
1.15847
1.15847
1.15847
1.15847
1.15847
1.15847
1.15847
1.15847
1.15847
1.15847
1.15847
1.15847
1.15847
1.15847
1.15847
1.15847
1.15847
1.15847
1.15847
1.15847
1.15847
1.15847
1.15847
1.15847
1.15847
1.15847
1.15847
1.15847
1.15847
1.15847
1.15847
1.15847
1.15847
1.15847
1.15847
1.15847
1.15847
1.15847
1.15847
1.15847
1.15847
1.15847
1.15847
1.15847
1.15847
1.15847
1.15847
1.15847
1.15847
1.15847
1.15847
1.15847
1.15847
1.15847
1.15847
1.15847
1.15847
1.15847
1.15847
1.15847
1.15847
1.15847
1.15847
1.15847
1.15847
1.15847
1.15847
1.15847
1.15847
1.15847
1.15847
1.15847
1.15847
1.15847
1.15847
1.15847
1.15847
1.15847
1.15847
1.15847
1.15847
1.15847
1.15847
1.15847
1.15847
1.15847
1.15847
1.15847
1.15847
1.15847
1.15847
1.15847
1.15847
1.15847
1.15847
1.15847
1.15847
1.15847
1.15847
1.15847
1.15847
1.15847
1.15847
1.15847
1.15847
1.15847
1.15847
1.15847
1.15847
1.15847
1.15847
1.15847
1.15847
1.15847
1.15847
1.15847
1.15847
1.15847
1.15847
1.15847
1.15847
1.15847
1.15847
1.15847
1.15847
1.15847
1.15847
1.15847
1.15847
1.15847
1.15847
1.15847
1.15847
1.15847
1.15847
1.15847
1.15847
1.15847
1.15847
1.15847
1.15847
1.15847
1.15847
1.15847
1.15847
1.15847
1.15847
1.15847
1.15847
1.15847
1.15847
1.15847
1.15847
1.15847
1.15847
1.15847
1.13939
1.13938
1.13958
1.1397
1.14042
1.14204
1.14387
1.14553
1.14701
1.14839
1.14957
1.15038
1.15065
1.15045
1.14994
1.14922
1.14826
1.14686
1.14495
1.14315
1.1428
1.14488
1.14902
1.15353
1.1566
1.15795
1.15836
1.15844
1.15846
1.15846
1.15846
1.15846
1.15846
1.15846
1.15846
1.15846
1.15846
1.15846
1.15846
1.15846
1.15846
1.15846
1.15846
1.15846
1.15846
1.15846
1.15846
1.15846
1.15846
1.15846
1.15846
1.15846
1.15846
1.15846
1.15846
1.15846
1.15846
1.15846
1.15846
1.15846
1.15846
1.15846
1.15846
1.15846
1.15846
1.15846
1.15846
1.15846
1.15846
1.15846
1.15846
1.15846
1.15846
1.15846
1.15846
1.15846
1.15846
1.15846
1.15846
1.15846
1.15846
1.15846
1.15846
1.15846
1.15846
1.15846
1.15846
1.15846
1.15846
1.15846
1.15846
1.15846
1.15846
1.15846
1.15846
1.15846
1.15846
1.15846
1.15846
1.15846
1.15846
1.15846
1.15846
1.15846
1.15846
1.15846
1.15846
1.15846
1.15846
1.15846
1.15846
1.15846
1.15846
1.15846
1.15846
1.15846
1.15846
1.15846
1.15846
1.15846
1.15846
1.15846
1.15846
1.15846
1.15846
1.15846
1.15846
1.15846
1.15846
1.15846
1.15846
1.15846
1.15846
1.15846
1.15846
1.15846
1.15846
1.15846
1.15846
1.15846
1.15846
1.15846
1.15846
1.15846
1.15846
1.15846
1.15846
1.15846
1.15846
1.15846
1.15846
1.15846
1.15846
1.15846
1.15846
1.15846
1.15846
1.15846
1.15846
1.15846
1.15846
1.15846
1.15846
1.15846
1.15846
1.15846
1.15846
1.15846
1.15846
1.15846
1.15846
1.15846
1.15846
1.15846
1.15846
1.15846
1.15846
1.15846
1.15846
1.15846
1.15846
1.15846
1.15846
1.15846
1.15846
1.15846
1.15846
1.15846
1.15846
1.15846
1.15846
1.15846
1.15846
1.15846
1.15846
1.15846
1.15846
1.15846
1.15846
1.15846
1.1394
1.13935
1.13937
1.13941
1.13946
1.13964
1.13994
1.1403
1.14068
1.14106
1.14142
1.14175
1.14202
1.14215
1.14203
1.1417
1.14147
1.14157
1.14172
1.14109
1.13933
1.13811
1.14056
1.14682
1.15313
1.15674
1.15806
1.15839
1.15845
1.15846
1.15846
1.15846
1.15846
1.15846
1.15846
1.15846
1.15846
1.15846
1.15846
1.15846
1.15846
1.15846
1.15846
1.15846
1.15846
1.15846
1.15846
1.15846
1.15846
1.15846
1.15846
1.15846
1.15846
1.15846
1.15846
1.15846
1.15846
1.15846
1.15846
1.15846
1.15846
1.15846
1.15846
1.15846
1.15846
1.15846
1.15846
1.15846
1.15846
1.15846
1.15846
1.15846
1.15846
1.15846
1.15846
1.15846
1.15846
1.15846
1.15846
1.15846
1.15846
1.15846
1.15846
1.15846
1.15846
1.15846
1.15846
1.15846
1.15846
1.15846
1.15846
1.15846
1.15846
1.15846
1.15846
1.15846
1.15846
1.15846
1.15846
1.15846
1.15846
1.15846
1.15846
1.15846
1.15846
1.15846
1.15846
1.15846
1.15846
1.15846
1.15846
1.15846
1.15846
1.15846
1.15846
1.15846
1.15846
1.15846
1.15846
1.15846
1.15846
1.15846
1.15846
1.15846
1.15846
1.15846
1.15846
1.15846
1.15846
1.15846
1.15846
1.15846
1.15846
1.15846
1.15846
1.15846
1.15846
1.15846
1.15846
1.15846
1.15846
1.15846
1.15846
1.15846
1.15846
1.15846
1.15846
1.15846
1.15846
1.15846
1.15846
1.15846
1.15846
1.15846
1.15846
1.15846
1.15846
1.15846
1.15846
1.15846
1.15846
1.15846
1.15846
1.15846
1.15846
1.15846
1.15846
1.15846
1.15846
1.15846
1.15846
1.15846
1.15846
1.15846
1.15846
1.15846
1.15846
1.15846
1.15846
1.15846
1.15846
1.15846
1.15846
1.15846
1.15846
1.15846
1.15846
1.15846
1.15846
1.15846
1.15846
1.15846
1.15846
1.15846
1.15846
1.15846
1.15846
1.15846
1.15846
1.15846
1.13938
1.13936
1.13936
1.13939
1.13941
1.13941
1.1394
1.13939
1.13941
1.13945
1.1395
1.13958
1.13966
1.13971
1.13969
1.13963
1.13964
1.1397
1.13956
1.13893
1.13798
1.13773
1.13968
1.14439
1.15037
1.15511
1.1575
1.15826
1.15843
1.15845
1.15845
1.15845
1.15845
1.15845
1.15845
1.15845
1.15845
1.15845
1.15845
1.15845
1.15845
1.15845
1.15845
1.15845
1.15845
1.15845
1.15845
1.15845
1.15845
1.15845
1.15845
1.15845
1.15845
1.15845
1.15845
1.15845
1.15845
1.15845
1.15845
1.15845
1.15845
1.15845
1.15845
1.15845
1.15845
1.15845
1.15845
1.15845
1.15845
1.15845
1.15845
1.15845
1.15845
1.15845
1.15845
1.15845
1.15845
1.15845
1.15845
1.15845
1.15845
1.15845
1.15845
1.15845
1.15845
1.15845
1.15845
1.15845
1.15845
1.15845
1.15845
1.15845
1.15845
1.15845
1.15845
1.15845
1.15845
1.15845
1.15845
1.15845
1.15845
1.15845
1.15845
1.15845
1.15845
1.15845
1.15845
1.15845
1.15845
1.15845
1.15845
1.15845
1.15845
1.15845
1.15845
1.15845
1.15845
1.15845
1.15845
1.15845
1.15845
1.15845
1.15845
1.15845
1.15845
1.15845
1.15845
1.15845
1.15845
1.15845
1.15845
1.15845
1.15845
1.15845
1.15845
1.15845
1.15845
1.15845
1.15845
1.15845
1.15845
1.15845
1.15845
1.15845
1.15845
1.15845
1.15845
1.15845
1.15845
1.15845
1.15845
1.15845
1.15845
1.15845
1.15845
1.15845
1.15845
1.15845
1.15845
1.15845
1.15845
1.15845
1.15845
1.15845
1.15845
1.15845
1.15845
1.15845
1.15845
1.15845
1.15845
1.15845
1.15845
1.15845
1.15845
1.15845
1.15845
1.15845
1.15845
1.15845
1.15845
1.15845
1.15845
1.15845
1.15845
1.15845
1.15845
1.15845
1.15845
1.15845
1.15845
1.15845
1.15845
1.15845
1.15845
1.15845
1.15845
1.15845
1.15845
1.15845
)
;

boundaryField
{
    inletTop
    {
        type            calculated;
        value           nonuniform List<scalar> 4(1.13937 1.13938 1.13939 1.13939);
    }
    inletBottom
    {
        type            calculated;
        value           nonuniform List<scalar> 4(1.1586 1.15861 1.15861 1.15862);
    }
    outletTop
    {
        type            calculated;
        value           nonuniform List<scalar> 4(1.15847 1.15846 1.15846 1.15845);
    }
    walls
    {
        type            calculated;
        value           nonuniform List<scalar> 
464
(
1.16663
1.15617
1.15895
1.15835
1.15849
1.15849
1.15849
1.1585
1.1585
1.15851
1.15851
1.15852
1.15852
1.15853
1.15853
1.15853
1.15854
1.15854
1.15855
1.15855
1.15856
1.15856
1.15856
1.15857
1.15857
1.15858
1.15858
1.15859
1.15859
1.15859
1.1586
1.1586
1.15845
1.15845
1.15845
1.15845
1.15845
1.15845
1.15845
1.15845
1.15845
1.15845
1.15845
1.15845
1.15845
1.15845
1.15845
1.15845
1.15845
1.15845
1.15845
1.15845
1.15845
1.15845
1.15845
1.15845
1.15845
1.15845
1.15845
1.15845
1.15845
1.15845
1.15845
1.15845
1.15845
1.15845
1.15845
1.15845
1.15845
1.15845
1.15845
1.15845
1.15845
1.15845
1.15845
1.15845
1.15845
1.15845
1.15845
1.15845
1.15845
1.15845
1.15845
1.15845
1.15845
1.15845
1.15845
1.15845
1.15845
1.15845
1.15845
1.15845
1.15845
1.15845
1.15845
1.15845
1.15845
1.15845
1.15845
1.15845
1.15845
1.15845
1.15845
1.15845
1.15845
1.15845
1.15845
1.15845
1.15845
1.15845
1.15845
1.15845
1.15845
1.15845
1.15845
1.15845
1.15845
1.15845
1.15845
1.15845
1.15845
1.15845
1.15845
1.15845
1.15845
1.15845
1.15845
1.15845
1.15845
1.15845
1.15845
1.15845
1.15845
1.15845
1.15845
1.15845
1.15845
1.15845
1.15845
1.15845
1.15845
1.15845
1.15845
1.15845
1.15845
1.15845
1.15845
1.15845
1.15845
1.15845
1.15845
1.15845
1.15845
1.15845
1.15845
1.15845
1.15845
1.15845
1.15845
1.15845
1.15845
1.15845
1.15845
1.15845
1.15845
1.15845
1.15845
1.15845
1.15845
1.15845
1.15845
1.15845
1.15845
1.15845
1.15845
1.15845
1.15845
1.15845
1.15845
1.15845
1.15845
1.15845
1.15845
1.15845
1.15845
1.15845
1.15845
1.15845
1.15845
1.15845
1.15845
1.15845
1.15845
1.15845
1.15845
1.15845
1.15845
1.15845
1.15845
1.15845
1.15845
1.15845
1.15845
1.15842
1.15826
1.1575
1.15511
1.15037
1.14439
1.13968
1.13772
1.13797
1.13893
1.13955
1.13969
1.13963
1.13963
1.13969
1.13971
1.13966
1.13957
1.1395
1.13945
1.13941
1.13939
1.13939
1.1394
1.13941
1.13939
1.13936
1.13936
1.13938
1.15862
1.15862
1.15862
1.15862
1.15862
1.15862
1.15862
1.15862
1.15862
1.15863
1.15863
1.15863
1.15862
1.15862
1.15862
1.15862
1.15862
1.15862
1.15862
1.15862
1.15862
1.15862
1.15862
1.15862
1.15862
1.15862
1.15862
1.15862
1.15862
1.15862
1.15862
1.15862
1.15862
1.15862
1.15862
1.15862
1.15862
1.15862
1.15862
1.15862
1.15862
1.15862
1.15862
1.15862
1.15862
1.15862
1.15862
1.15862
1.15862
1.15862
1.15862
1.15862
1.15862
1.15862
1.15862
1.15862
1.15862
1.15862
1.15862
1.15862
1.15862
1.15862
1.15862
1.15862
1.15862
1.15862
1.15862
1.15862
1.15862
1.15862
1.15862
1.15862
1.15862
1.15862
1.15862
1.15862
1.15862
1.15862
1.15862
1.15862
1.15862
1.15862
1.15862
1.15862
1.15862
1.15862
1.15862
1.15862
1.15862
1.15862
1.15862
1.15862
1.15862
1.15862
1.15862
1.15862
1.15862
1.15862
1.15862
1.15862
1.15862
1.15862
1.15862
1.15862
1.15862
1.15862
1.15862
1.15862
1.15862
1.15862
1.15862
1.15862
1.15862
1.15862
1.15862
1.15862
1.15862
1.15862
1.15862
1.15862
1.15862
1.15862
1.15862
1.15862
1.15862
1.15862
1.15862
1.15862
1.15862
1.15862
1.15862
1.15862
1.15862
1.15862
1.15862
1.15862
1.15862
1.15862
1.15862
1.15862
1.15862
1.15862
1.15862
1.15862
1.15862
1.15862
1.15862
1.15862
1.15862
1.15862
1.15862
1.15862
1.15862
1.15862
1.15862
1.15862
1.15862
1.15862
1.15862
1.15862
1.15862
1.15862
1.15862
1.15862
1.15862
1.15862
1.15862
1.15862
1.15862
1.15862
1.15862
1.15862
1.15862
1.15862
1.15862
1.15862
1.15862
1.15862
1.15862
1.15862
1.15862
1.15862
1.15862
1.15862
1.15862
1.15862
1.15862
1.15862
1.15862
1.15862
1.15862
1.15862
1.15862
1.15862
1.15862
1.15862
1.15862
1.15862
1.15862
1.15862
1.15861
1.1586
1.1586
1.15859
1.15859
1.15858
1.15858
1.15858
1.15857
1.15857
1.15856
1.15856
1.15855
1.15855
1.15854
1.15854
1.15854
1.15853
1.15853
1.15852
1.15852
1.15851
1.15851
1.1585
1.1585
1.1585
1.15849
1.15849
1.15848
1.15848
1.15847
1.15847
)
;
    }
    front
    {
        type            empty;
    }
    back
    {
        type            empty;
    }
    outletBottom
    {
        type            calculated;
        value           nonuniform List<scalar> 4(1.15862 1.15862 1.15862 1.15861);
    }
}


// ************************************************************************* //
