/*--------------------------------*- C++ -*----------------------------------*\
  =========                 |
  \\      /  F ield         | OpenFOAM: The Open Source CFD Toolbox
   \\    /   O peration     | Website:  https://openfoam.org
    \\  /    A nd           | Version:  dev
     \\/     M anipulation  |
\*---------------------------------------------------------------------------*/
FoamFile
{
    version     2.0;
    format      ascii;
    class       volScalarField;
    location    "10";
    object      thermo:rho;
}
// * * * * * * * * * * * * * * * * * * * * * * * * * * * * * * * * * * * * * //

dimensions      [1 -3 0 0 0 0 0];

internalField   nonuniform List<scalar> 
8000
(
1.15862
1.15861
1.15861
1.1586
1.15862
1.15861
1.15861
1.1586
1.15862
1.15861
1.15861
1.1586
1.15862
1.15861
1.15861
1.1586
1.15862
1.15861
1.15861
1.1586
1.15862
1.15861
1.15861
1.1586
1.15862
1.15861
1.15861
1.1586
1.15862
1.15861
1.15861
1.1586
1.15862
1.15861
1.15861
1.1586
1.15862
1.15861
1.15861
1.1586
1.15862
1.15861
1.15861
1.15861
1.15862
1.15862
1.15861
1.15861
1.15862
1.15862
1.15861
1.15861
1.15862
1.15862
1.15861
1.15861
1.15862
1.15862
1.15861
1.15861
1.15862
1.15862
1.15861
1.15861
1.15862
1.15862
1.15861
1.15861
1.15862
1.15862
1.15861
1.15861
1.15862
1.15862
1.15861
1.15861
1.15862
1.15862
1.15861
1.15861
1.15862
1.15862
1.15861
1.15861
1.15862
1.15862
1.15861
1.15861
1.15862
1.15862
1.15861
1.15861
1.15862
1.15862
1.15861
1.15861
1.15862
1.15862
1.15861
1.15861
1.15862
1.15862
1.15861
1.15861
1.15862
1.15862
1.15861
1.15861
1.15862
1.15862
1.15861
1.15861
1.15862
1.15862
1.15861
1.15861
1.15862
1.15862
1.15861
1.15861
1.15862
1.15862
1.15861
1.15861
1.15862
1.15862
1.15861
1.15861
1.15862
1.15862
1.15861
1.15861
1.15862
1.15862
1.15861
1.15861
1.15862
1.15862
1.15861
1.15861
1.15862
1.15862
1.15861
1.15861
1.15862
1.15862
1.15861
1.15861
1.15862
1.15862
1.15861
1.15861
1.15862
1.15862
1.15861
1.15861
1.15862
1.15862
1.15861
1.15861
1.15862
1.15862
1.15861
1.15861
1.15862
1.15862
1.15861
1.15861
1.15862
1.15862
1.15861
1.15861
1.15862
1.15862
1.15861
1.15861
1.15862
1.15862
1.15861
1.15861
1.15862
1.15862
1.15861
1.15861
1.15862
1.15862
1.15861
1.15861
1.15862
1.15862
1.15861
1.15861
1.15862
1.15862
1.15861
1.15861
1.15862
1.15862
1.15861
1.15861
1.15862
1.15862
1.15861
1.15861
1.15862
1.15862
1.15861
1.15861
1.15862
1.15862
1.15861
1.15861
1.15862
1.15862
1.15861
1.15861
1.15862
1.15862
1.15861
1.15861
1.15862
1.15862
1.15861
1.15861
1.15862
1.15862
1.15861
1.15861
1.15862
1.15862
1.15861
1.15861
1.15862
1.15862
1.15861
1.15861
1.15862
1.15862
1.15861
1.15861
1.15862
1.15862
1.15861
1.15861
1.15862
1.15862
1.15861
1.15861
1.15862
1.15862
1.15861
1.15861
1.15862
1.15862
1.15861
1.15861
1.15862
1.15862
1.15861
1.15861
1.15862
1.15862
1.15861
1.15861
1.15862
1.15862
1.15861
1.15861
1.15862
1.15862
1.15861
1.15861
1.15862
1.15862
1.15861
1.15861
1.15862
1.15862
1.15861
1.15861
1.15862
1.15862
1.15861
1.15861
1.15862
1.15862
1.15861
1.15861
1.15862
1.15862
1.15861
1.15861
1.15862
1.15862
1.15861
1.15861
1.15862
1.15862
1.15861
1.15861
1.15862
1.15862
1.15861
1.15861
1.15862
1.15862
1.15861
1.15861
1.15862
1.15862
1.15861
1.15861
1.15862
1.15862
1.15861
1.15861
1.15862
1.15862
1.15861
1.15861
1.15862
1.15862
1.15861
1.15861
1.15862
1.15862
1.15861
1.15861
1.15862
1.15862
1.15861
1.15861
1.15862
1.15862
1.15861
1.15861
1.15862
1.15862
1.15861
1.15861
1.15862
1.15862
1.15861
1.15861
1.15862
1.15862
1.15861
1.15861
1.15862
1.15862
1.15861
1.15861
1.15862
1.15862
1.15861
1.15861
1.15862
1.15862
1.15861
1.15861
1.15862
1.15862
1.15861
1.15861
1.15862
1.15862
1.15861
1.15861
1.15862
1.15862
1.15861
1.15861
1.15862
1.15862
1.15861
1.15861
1.15862
1.15862
1.15861
1.15861
1.15862
1.15862
1.15861
1.15861
1.15862
1.15862
1.15861
1.15861
1.15862
1.15862
1.15861
1.15861
1.15862
1.15862
1.15861
1.15861
1.15862
1.15862
1.15861
1.15861
1.15862
1.15862
1.15861
1.15861
1.15862
1.15862
1.15861
1.15861
1.15862
1.15862
1.15861
1.15861
1.15862
1.15862
1.15861
1.15861
1.15862
1.15862
1.15861
1.15861
1.15862
1.15862
1.15861
1.15861
1.15862
1.15862
1.15861
1.15861
1.15862
1.15862
1.15861
1.15861
1.15862
1.15862
1.15861
1.15861
1.15862
1.15862
1.15861
1.15861
1.15862
1.15862
1.15861
1.15861
1.15862
1.15862
1.15861
1.15861
1.15862
1.15862
1.15861
1.15861
1.15862
1.15862
1.15861
1.15861
1.15862
1.15862
1.15861
1.15861
1.15862
1.15862
1.15861
1.15861
1.15862
1.15862
1.15861
1.15861
1.15862
1.15862
1.15861
1.15861
1.15862
1.15862
1.15861
1.15861
1.15862
1.15862
1.15861
1.15861
1.15862
1.15862
1.15861
1.15861
1.15862
1.15862
1.15861
1.15861
1.15862
1.15862
1.15861
1.15861
1.15862
1.15862
1.15861
1.15861
1.15862
1.15862
1.15861
1.15861
1.15862
1.15862
1.15861
1.15861
1.15862
1.15862
1.15861
1.15861
1.15862
1.15862
1.15861
1.15861
1.15862
1.15862
1.15861
1.15861
1.15862
1.15862
1.15861
1.15861
1.15862
1.15862
1.15861
1.15861
1.15862
1.15862
1.15861
1.15861
1.15862
1.15862
1.15861
1.15861
1.15862
1.15862
1.15861
1.15861
1.15862
1.15862
1.15861
1.15861
1.15862
1.15862
1.15861
1.15861
1.15862
1.15862
1.15861
1.15861
1.15862
1.15862
1.15861
1.15861
1.15862
1.15862
1.15861
1.15861
1.15862
1.15862
1.15861
1.15861
1.15862
1.15862
1.15861
1.15861
1.15862
1.15862
1.15861
1.15861
1.15862
1.15862
1.15861
1.15861
1.15862
1.15862
1.15861
1.15861
1.15862
1.15862
1.15861
1.15861
1.15862
1.15862
1.15861
1.15861
1.15862
1.15862
1.15861
1.15861
1.15862
1.15862
1.15861
1.15861
1.15862
1.15862
1.15861
1.15861
1.15862
1.15862
1.15861
1.15861
1.15862
1.15862
1.15861
1.15861
1.15862
1.15862
1.15861
1.15861
1.15862
1.15862
1.15861
1.15861
1.15862
1.15862
1.15861
1.15861
1.15862
1.15862
1.15861
1.15861
1.15862
1.15862
1.15861
1.15861
1.15862
1.15862
1.15861
1.15861
1.15862
1.15862
1.15861
1.15861
1.15862
1.15862
1.15861
1.15861
1.15862
1.15862
1.15861
1.15861
1.15862
1.15862
1.15861
1.15861
1.15862
1.15862
1.15861
1.15861
1.15862
1.15862
1.15861
1.15861
1.15862
1.15862
1.15861
1.15861
1.15862
1.15862
1.15861
1.15861
1.15862
1.15862
1.15861
1.15861
1.15862
1.15862
1.15861
1.15861
1.15862
1.15862
1.15861
1.15861
1.15862
1.15862
1.15861
1.15861
1.15862
1.15862
1.15861
1.15861
1.15862
1.15862
1.15861
1.15861
1.15862
1.15862
1.15861
1.15861
1.15862
1.15862
1.15861
1.15861
1.15862
1.15862
1.15861
1.15861
1.15862
1.15862
1.15861
1.15861
1.15862
1.15862
1.15861
1.15861
1.15862
1.15862
1.15861
1.15861
1.15862
1.15862
1.15861
1.15861
1.15862
1.15862
1.15861
1.15861
1.15862
1.15862
1.15861
1.15861
1.15862
1.15862
1.15861
1.15861
1.15862
1.15862
1.15861
1.15861
1.15862
1.15862
1.15861
1.15861
1.15862
1.15862
1.15861
1.15861
1.15862
1.15862
1.15861
1.15861
1.15862
1.15862
1.15861
1.15861
1.15862
1.15862
1.15861
1.15861
1.15862
1.15862
1.15861
1.15861
1.15862
1.15862
1.15861
1.15861
1.15862
1.15862
1.15861
1.15861
1.15862
1.15862
1.15861
1.15861
1.15862
1.15862
1.15861
1.15861
1.15862
1.15862
1.15861
1.15861
1.15862
1.15862
1.15861
1.15861
1.15862
1.15862
1.15861
1.15861
1.15862
1.15862
1.15861
1.15861
1.15862
1.15862
1.15861
1.15861
1.15862
1.15862
1.15861
1.15861
1.15862
1.15862
1.15861
1.15861
1.15862
1.15862
1.15862
1.15861
1.1586
1.15861
1.1586
1.1586
1.1586
1.1586
1.1586
1.1586
1.1586
1.1586
1.1586
1.1586
1.1586
1.1586
1.1586
1.1586
1.1586
1.1586
1.1586
1.1586
1.1586
1.1586
1.1586
1.1586
1.1586
1.1586
1.1586
1.1586
1.1586
1.1586
1.1586
1.1586
1.1586
1.1586
1.1586
1.1586
1.1586
1.1586
1.1586
1.1586
1.1586
1.1586
1.1586
1.1586
1.1586
1.1586
1.1586
1.1586
1.1586
1.1586
1.1586
1.1586
1.1586
1.1586
1.1586
1.1586
1.1586
1.1586
1.1586
1.1586
1.1586
1.1586
1.1586
1.1586
1.1586
1.1586
1.1586
1.1586
1.1586
1.1586
1.1586
1.1586
1.1586
1.1586
1.1586
1.1586
1.1586
1.1586
1.1586
1.1586
1.1586
1.1586
1.1586
1.1586
1.1586
1.1586
1.1586
1.1586
1.1586
1.1586
1.1586
1.1586
1.1586
1.1586
1.1586
1.1586
1.1586
1.1586
1.1586
1.1586
1.1586
1.1586
1.1586
1.1586
1.1586
1.1586
1.1586
1.1586
1.1586
1.1586
1.1586
1.1586
1.1586
1.1586
1.1586
1.1586
1.1586
1.1586
1.1586
1.1586
1.1586
1.1586
1.1586
1.1586
1.1586
1.1586
1.1586
1.1586
1.1586
1.1586
1.1586
1.1586
1.1586
1.1586
1.1586
1.1586
1.1586
1.1586
1.1586
1.1586
1.1586
1.1586
1.1586
1.1586
1.1586
1.1586
1.1586
1.1586
1.1586
1.1586
1.1586
1.1586
1.1586
1.1586
1.1586
1.1586
1.1586
1.1586
1.1586
1.1586
1.1586
1.1586
1.1586
1.1586
1.1586
1.1586
1.1586
1.1586
1.1586
1.1586
1.1586
1.1586
1.1586
1.1586
1.1586
1.1586
1.1586
1.1586
1.1586
1.1586
1.1586
1.1586
1.1586
1.1586
1.1586
1.1586
1.1586
1.1586
1.1586
1.1586
1.1586
1.1586
1.1586
1.1586
1.15861
1.15861
1.15861
1.15861
1.15861
1.15861
1.1586
1.1586
1.1586
1.1586
1.1586
1.1586
1.15859
1.15859
1.15859
1.15859
1.1586
1.1586
1.1586
1.1586
1.1586
1.1586
1.1586
1.1586
1.1586
1.1586
1.1586
1.1586
1.1586
1.1586
1.1586
1.1586
1.1586
1.1586
1.1586
1.1586
1.1586
1.1586
1.1586
1.1586
1.1586
1.1586
1.1586
1.1586
1.1586
1.1586
1.1586
1.1586
1.1586
1.1586
1.1586
1.1586
1.1586
1.1586
1.1586
1.1586
1.1586
1.1586
1.1586
1.1586
1.1586
1.1586
1.1586
1.1586
1.1586
1.1586
1.1586
1.1586
1.1586
1.1586
1.1586
1.1586
1.1586
1.1586
1.1586
1.1586
1.1586
1.1586
1.1586
1.1586
1.1586
1.1586
1.1586
1.1586
1.1586
1.1586
1.1586
1.1586
1.1586
1.1586
1.1586
1.1586
1.1586
1.1586
1.1586
1.1586
1.1586
1.1586
1.1586
1.1586
1.1586
1.1586
1.1586
1.1586
1.1586
1.1586
1.1586
1.1586
1.1586
1.1586
1.1586
1.1586
1.1586
1.1586
1.1586
1.1586
1.1586
1.1586
1.1586
1.1586
1.1586
1.1586
1.1586
1.1586
1.1586
1.1586
1.1586
1.1586
1.1586
1.1586
1.1586
1.1586
1.1586
1.1586
1.1586
1.1586
1.1586
1.1586
1.1586
1.1586
1.1586
1.1586
1.1586
1.1586
1.1586
1.1586
1.1586
1.1586
1.1586
1.1586
1.1586
1.1586
1.1586
1.1586
1.1586
1.1586
1.1586
1.1586
1.1586
1.1586
1.1586
1.1586
1.1586
1.1586
1.1586
1.1586
1.1586
1.1586
1.1586
1.1586
1.1586
1.1586
1.1586
1.1586
1.1586
1.1586
1.1586
1.1586
1.1586
1.1586
1.1586
1.1586
1.1586
1.1586
1.1586
1.1586
1.1586
1.1586
1.1586
1.1586
1.1586
1.1586
1.1586
1.1586
1.1586
1.1586
1.1586
1.1586
1.1586
1.1586
1.1586
1.1586
1.1586
1.1586
1.1586
1.1586
1.1586
1.15859
1.15859
1.15859
1.15859
1.15859
1.15858
1.15858
1.15859
1.15859
1.15859
1.15859
1.15859
1.15859
1.15859
1.15859
1.15859
1.15859
1.15859
1.15859
1.15859
1.15859
1.15859
1.15859
1.15859
1.15859
1.15859
1.15859
1.15859
1.15859
1.15859
1.15859
1.15859
1.15859
1.15859
1.15859
1.15859
1.15859
1.15859
1.15859
1.15859
1.15859
1.15859
1.15859
1.15859
1.15859
1.15859
1.15859
1.15859
1.15859
1.15859
1.15859
1.15859
1.15859
1.15859
1.15859
1.15859
1.15859
1.15859
1.15859
1.15859
1.15859
1.15859
1.15859
1.15859
1.15859
1.15859
1.15859
1.15859
1.15859
1.15859
1.15859
1.15859
1.15859
1.15859
1.15859
1.15859
1.15859
1.15859
1.15859
1.15859
1.15859
1.15859
1.15859
1.15859
1.15859
1.15859
1.15859
1.15859
1.15859
1.15859
1.15859
1.15859
1.15859
1.15859
1.15859
1.15859
1.15859
1.15859
1.15859
1.15859
1.15859
1.15859
1.15859
1.15859
1.15859
1.15859
1.15859
1.15859
1.15859
1.15859
1.15859
1.15859
1.15859
1.15859
1.15859
1.15859
1.15859
1.15859
1.15859
1.15859
1.15859
1.15859
1.15859
1.15859
1.15859
1.15859
1.15859
1.15859
1.15859
1.15859
1.15859
1.15859
1.15859
1.15859
1.15859
1.15859
1.15859
1.15859
1.15859
1.15859
1.15859
1.15859
1.15859
1.15859
1.15859
1.15859
1.15859
1.15859
1.15859
1.15859
1.15859
1.15859
1.15859
1.15859
1.15859
1.15859
1.15859
1.15859
1.15859
1.15859
1.15859
1.15859
1.15859
1.15859
1.15859
1.1586
1.1586
1.1586
1.1586
1.1586
1.1586
1.1586
1.1586
1.1586
1.1586
1.1586
1.1586
1.1586
1.1586
1.1586
1.1586
1.1586
1.1586
1.1586
1.1586
1.1586
1.1586
1.1586
1.1586
1.1586
1.1586
1.1586
1.1586
1.1586
1.1586
1.1586
1.1586
1.1586
1.1586
1.15859
1.15859
1.15859
1.15859
1.15858
1.15858
1.15858
1.15858
1.15859
1.15859
1.15859
1.15859
1.15859
1.15859
1.15859
1.15859
1.15859
1.15859
1.15859
1.15859
1.15859
1.15859
1.15859
1.15859
1.15859
1.15859
1.15859
1.15859
1.15859
1.15859
1.15859
1.15859
1.15859
1.15859
1.15859
1.15859
1.15859
1.15859
1.15859
1.15859
1.15859
1.15859
1.15859
1.15859
1.15859
1.15859
1.15859
1.15859
1.15859
1.15859
1.15859
1.15859
1.15859
1.15859
1.15859
1.15859
1.15859
1.15859
1.15859
1.15859
1.15859
1.15859
1.15859
1.15859
1.15859
1.15859
1.15859
1.15859
1.15859
1.15859
1.15859
1.15859
1.15859
1.15859
1.15859
1.15859
1.15859
1.15859
1.15859
1.15859
1.15859
1.15859
1.15859
1.15859
1.15859
1.15859
1.15859
1.15859
1.15859
1.15859
1.15859
1.15859
1.15859
1.15859
1.15859
1.15859
1.15859
1.15859
1.15859
1.15859
1.15859
1.15859
1.15859
1.15859
1.15859
1.15859
1.15859
1.15859
1.15859
1.15859
1.15859
1.15859
1.15859
1.15859
1.15859
1.15859
1.15859
1.15859
1.15859
1.15859
1.15859
1.15859
1.15859
1.15859
1.15859
1.15859
1.15859
1.15859
1.15859
1.15859
1.15859
1.15859
1.15859
1.15859
1.15859
1.15859
1.15859
1.15859
1.15859
1.15859
1.15859
1.15859
1.15859
1.15859
1.15859
1.15859
1.15859
1.15859
1.15859
1.15859
1.15859
1.15859
1.15859
1.15859
1.15859
1.15859
1.15859
1.15859
1.15859
1.15859
1.15859
1.15859
1.15859
1.15859
1.15859
1.15859
1.15859
1.15859
1.15859
1.15859
1.15859
1.15859
1.15859
1.15859
1.15859
1.15859
1.15859
1.15859
1.15859
1.15859
1.15859
1.15859
1.15859
1.15859
1.15859
1.15859
1.15859
1.15859
1.15859
1.15859
1.15859
1.15859
1.15859
1.15859
1.15859
1.15859
1.15859
1.15859
1.15859
1.15859
1.15859
1.15859
1.15858
1.15858
1.15858
1.15858
1.15858
1.15858
1.15858
1.15858
1.15858
1.15859
1.15859
1.15859
1.15859
1.15859
1.15859
1.15859
1.15859
1.15859
1.15859
1.15859
1.15859
1.15859
1.15859
1.15859
1.15859
1.15859
1.15859
1.15859
1.15859
1.15859
1.15859
1.15859
1.15859
1.15859
1.15859
1.15859
1.15859
1.15859
1.15859
1.15859
1.15859
1.15859
1.15859
1.15859
1.15859
1.15859
1.15859
1.15859
1.15859
1.15859
1.15859
1.15859
1.15859
1.15859
1.15859
1.15859
1.15859
1.15859
1.15859
1.15859
1.15859
1.15859
1.15859
1.15859
1.15859
1.15859
1.15859
1.15859
1.15859
1.15859
1.15859
1.15859
1.15859
1.15859
1.15859
1.15859
1.15859
1.15859
1.15859
1.15859
1.15859
1.15859
1.15859
1.15859
1.15859
1.15859
1.15859
1.15859
1.15859
1.15859
1.15859
1.15859
1.15859
1.15859
1.15859
1.15859
1.15859
1.15859
1.15859
1.15859
1.15859
1.15859
1.15859
1.15859
1.15859
1.15859
1.15859
1.15859
1.15859
1.15859
1.15859
1.15859
1.15859
1.15859
1.15859
1.15859
1.15859
1.15859
1.15859
1.15859
1.15859
1.15859
1.15859
1.15859
1.15859
1.15859
1.15859
1.15859
1.15859
1.15859
1.15859
1.15859
1.15859
1.15859
1.15859
1.15859
1.15859
1.15859
1.15859
1.15859
1.15859
1.15859
1.15859
1.15859
1.15859
1.15859
1.15859
1.15859
1.15859
1.15859
1.15859
1.15859
1.15859
1.15859
1.15859
1.15859
1.15859
1.15859
1.15859
1.15859
1.15859
1.15859
1.15859
1.15859
1.15859
1.15859
1.15859
1.15859
1.15859
1.15859
1.15859
1.15859
1.15859
1.15859
1.15859
1.15859
1.15859
1.15859
1.15859
1.15859
1.15859
1.15859
1.15859
1.15859
1.15859
1.15859
1.15859
1.15859
1.15859
1.15859
1.15859
1.15859
1.15859
1.15859
1.15859
1.15859
1.15859
1.15859
1.15858
1.15858
1.15858
1.15858
1.15858
1.15858
1.15858
1.15858
1.15858
1.15858
1.15858
1.15858
1.15858
1.15858
1.15858
1.15858
1.15858
1.15858
1.15858
1.15858
1.15858
1.15858
1.15858
1.15858
1.15858
1.15858
1.15858
1.15858
1.15858
1.15858
1.15858
1.15858
1.15858
1.15858
1.15858
1.15858
1.15858
1.15858
1.15858
1.15858
1.15858
1.15858
1.15858
1.15858
1.15858
1.15858
1.15858
1.15858
1.15858
1.15858
1.15858
1.15858
1.15858
1.15858
1.15858
1.15858
1.15858
1.15858
1.15858
1.15858
1.15858
1.15858
1.15858
1.15858
1.15858
1.15858
1.15858
1.15858
1.15858
1.15858
1.15858
1.15858
1.15858
1.15858
1.15858
1.15858
1.15858
1.15858
1.15858
1.15858
1.15858
1.15858
1.15858
1.15858
1.15858
1.15858
1.15858
1.15858
1.15858
1.15858
1.15858
1.15858
1.15858
1.15858
1.15858
1.15858
1.15858
1.15858
1.15858
1.15858
1.15858
1.15858
1.15858
1.15858
1.15858
1.15858
1.15858
1.15858
1.15858
1.15858
1.15858
1.15858
1.15858
1.15858
1.15858
1.15858
1.15858
1.15858
1.15858
1.15858
1.15858
1.15858
1.15858
1.15858
1.15858
1.15858
1.15858
1.15858
1.15858
1.15858
1.15858
1.15858
1.15858
1.15858
1.15858
1.15858
1.15858
1.15858
1.15858
1.15858
1.15858
1.15858
1.15858
1.15858
1.15858
1.15858
1.15858
1.15858
1.15858
1.15858
1.15858
1.15858
1.15858
1.15858
1.15858
1.15858
1.15858
1.15858
1.15858
1.15858
1.15858
1.15858
1.15858
1.15858
1.15858
1.15858
1.15858
1.15858
1.15858
1.15858
1.15858
1.15858
1.15858
1.15858
1.15858
1.15858
1.15858
1.15858
1.15858
1.15858
1.15858
1.15858
1.15858
1.15858
1.15858
1.15858
1.15858
1.15858
1.15858
1.15858
1.15858
1.15858
1.15858
1.15858
1.15858
1.15858
1.15858
1.15858
1.15858
1.15858
1.15858
1.15858
1.15858
1.15858
1.15858
1.15858
1.15858
1.15858
1.15858
1.15858
1.15858
1.15858
1.15858
1.15858
1.15858
1.15858
1.15858
1.15858
1.15858
1.15858
1.15858
1.15858
1.15858
1.15858
1.15858
1.15858
1.15858
1.15858
1.15858
1.15858
1.15858
1.15858
1.15858
1.15858
1.15858
1.15858
1.15858
1.15858
1.15858
1.15858
1.15858
1.15858
1.15858
1.15858
1.15858
1.15858
1.15858
1.15858
1.15858
1.15858
1.15858
1.15858
1.15858
1.15858
1.15858
1.15858
1.15858
1.15858
1.15858
1.15858
1.15858
1.15858
1.15858
1.15858
1.15858
1.15858
1.15858
1.15858
1.15858
1.15858
1.15858
1.15858
1.15858
1.15858
1.15858
1.15858
1.15858
1.15858
1.15858
1.15858
1.15858
1.15858
1.15858
1.15858
1.15858
1.15858
1.15858
1.15858
1.15858
1.15858
1.15858
1.15858
1.15858
1.15858
1.15858
1.15858
1.15858
1.15858
1.15858
1.15858
1.15858
1.15858
1.15858
1.15858
1.15858
1.15858
1.15858
1.15858
1.15858
1.15858
1.15858
1.15858
1.15858
1.15858
1.15858
1.15858
1.15858
1.15858
1.15858
1.15858
1.15858
1.15858
1.15858
1.15858
1.15858
1.15858
1.15858
1.15858
1.15858
1.15858
1.15858
1.15858
1.15858
1.15858
1.15858
1.15858
1.15858
1.15858
1.15858
1.15858
1.15858
1.15858
1.15858
1.15858
1.15858
1.15858
1.15858
1.15858
1.15858
1.15858
1.15858
1.15858
1.15858
1.15858
1.15858
1.15858
1.15858
1.15858
1.15858
1.15858
1.15858
1.15858
1.15858
1.15858
1.15858
1.15858
1.15858
1.15858
1.15858
1.15858
1.15858
1.15858
1.15858
1.15858
1.15858
1.15858
1.15858
1.15858
1.15858
1.15858
1.15858
1.15858
1.15858
1.15858
1.15858
1.15858
1.15858
1.15858
1.15858
1.15858
1.15858
1.15858
1.15858
1.15858
1.15858
1.15858
1.15858
1.15858
1.15858
1.15858
1.15857
1.15857
1.15857
1.15857
1.15857
1.15857
1.15857
1.15857
1.15857
1.15857
1.15857
1.15857
1.15857
1.15857
1.15857
1.15857
1.15857
1.15857
1.15857
1.15857
1.15857
1.15857
1.15857
1.15857
1.15857
1.15857
1.15857
1.15857
1.15857
1.15857
1.15857
1.15857
1.15857
1.15857
1.15857
1.15857
1.15857
1.15857
1.15857
1.15857
1.15857
1.15857
1.15857
1.15857
1.15857
1.15857
1.15857
1.15857
1.15857
1.15857
1.15857
1.15857
1.15857
1.15857
1.15857
1.15857
1.15857
1.15857
1.15857
1.15857
1.15857
1.15857
1.15857
1.15857
1.15857
1.15857
1.15857
1.15857
1.15857
1.15857
1.15857
1.15857
1.15857
1.15857
1.15857
1.15857
1.15857
1.15857
1.15857
1.15857
1.15857
1.15857
1.15857
1.15857
1.15857
1.15857
1.15857
1.15857
1.15857
1.15857
1.15857
1.15857
1.15857
1.15857
1.15857
1.15857
1.15857
1.15857
1.15857
1.15857
1.15857
1.15857
1.15857
1.15857
1.15857
1.15857
1.15857
1.15857
1.15857
1.15857
1.15857
1.15857
1.15857
1.15857
1.15857
1.15857
1.15857
1.15857
1.15857
1.15857
1.15857
1.15857
1.15857
1.15857
1.15857
1.15857
1.15857
1.15857
1.15857
1.15857
1.15857
1.15857
1.15857
1.15857
1.15857
1.15857
1.15857
1.15857
1.15857
1.15857
1.15857
1.15857
1.15857
1.15857
1.15857
1.15857
1.15857
1.15857
1.15857
1.15857
1.15857
1.15857
1.15857
1.15857
1.15857
1.15857
1.15857
1.15857
1.15857
1.15857
1.15857
1.15857
1.15857
1.15857
1.15857
1.15857
1.15857
1.15857
1.15857
1.15857
1.15857
1.15857
1.15857
1.15857
1.15857
1.15857
1.15857
1.15857
1.15857
1.15857
1.15857
1.15857
1.15857
1.15857
1.15857
1.15857
1.15857
1.15857
1.15857
1.15857
1.15857
1.15857
1.15857
1.15858
1.15858
1.15858
1.15858
1.15858
1.15858
1.15858
1.15857
1.15857
1.15857
1.15857
1.15857
1.15857
1.15857
1.15857
1.15857
1.15857
1.15857
1.15857
1.15857
1.15857
1.15857
1.15857
1.15857
1.15857
1.15857
1.15857
1.15857
1.15857
1.15857
1.15857
1.15857
1.15857
1.15857
1.15857
1.15857
1.15857
1.15857
1.15857
1.15857
1.15857
1.15857
1.15857
1.15857
1.15857
1.15857
1.15857
1.15857
1.15857
1.15857
1.15857
1.15857
1.15857
1.15857
1.15857
1.15857
1.15857
1.15857
1.15857
1.15857
1.15857
1.15857
1.15857
1.15857
1.15857
1.15857
1.15857
1.15857
1.15857
1.15857
1.15857
1.15857
1.15857
1.15857
1.15857
1.15857
1.15857
1.15857
1.15857
1.15857
1.15857
1.15857
1.15857
1.15857
1.15857
1.15857
1.15857
1.15857
1.15857
1.15857
1.15857
1.15857
1.15857
1.15857
1.15857
1.15857
1.15857
1.15857
1.15857
1.15857
1.15857
1.15857
1.15857
1.15857
1.15857
1.15857
1.15857
1.15857
1.15857
1.15857
1.15857
1.15857
1.15857
1.15857
1.15857
1.15857
1.15857
1.15857
1.15857
1.15857
1.15857
1.15857
1.15857
1.15857
1.15857
1.15857
1.15857
1.15857
1.15857
1.15857
1.15857
1.15857
1.15857
1.15857
1.15857
1.15857
1.15857
1.15857
1.15857
1.15857
1.15857
1.15857
1.15857
1.15857
1.15857
1.15857
1.15857
1.15857
1.15857
1.15857
1.15857
1.15857
1.15857
1.15857
1.15857
1.15857
1.15857
1.15857
1.15857
1.15857
1.15857
1.15857
1.15857
1.15857
1.15857
1.15857
1.15857
1.15857
1.15857
1.15857
1.15857
1.15857
1.15857
1.15857
1.15857
1.15857
1.15857
1.15857
1.15857
1.15857
1.15857
1.15857
1.15857
1.15857
1.15857
1.15857
1.15857
1.15857
1.15857
1.15857
1.15857
1.15857
1.15857
1.15857
1.15857
1.15857
1.15857
1.15857
1.15857
1.15857
1.15857
1.15857
1.15857
1.15857
1.15857
1.15857
1.15857
1.15856
1.15856
1.15856
1.15856
1.15856
1.15856
1.15856
1.15856
1.15856
1.15856
1.15856
1.15856
1.15856
1.15856
1.15856
1.15856
1.15856
1.15856
1.15856
1.15856
1.15856
1.15856
1.15856
1.15856
1.15856
1.15856
1.15856
1.15856
1.15856
1.15856
1.15856
1.15856
1.15856
1.15856
1.15856
1.15856
1.15856
1.15856
1.15856
1.15856
1.15856
1.15856
1.15856
1.15856
1.15856
1.15856
1.15856
1.15856
1.15856
1.15856
1.15856
1.15856
1.15856
1.15856
1.15856
1.15856
1.15856
1.15856
1.15856
1.15856
1.15856
1.15856
1.15856
1.15856
1.15856
1.15856
1.15856
1.15856
1.15856
1.15856
1.15856
1.15856
1.15856
1.15856
1.15856
1.15856
1.15856
1.15856
1.15856
1.15856
1.15856
1.15856
1.15856
1.15856
1.15856
1.15856
1.15856
1.15856
1.15856
1.15856
1.15856
1.15856
1.15856
1.15856
1.15856
1.15856
1.15856
1.15856
1.15856
1.15856
1.15856
1.15856
1.15856
1.15856
1.15856
1.15856
1.15856
1.15856
1.15856
1.15856
1.15856
1.15856
1.15856
1.15856
1.15856
1.15856
1.15856
1.15856
1.15856
1.15856
1.15856
1.15856
1.15856
1.15856
1.15856
1.15856
1.15856
1.15856
1.15856
1.15856
1.15856
1.15856
1.15856
1.15856
1.15856
1.15856
1.15856
1.15856
1.15856
1.15856
1.15856
1.15856
1.15856
1.15856
1.15856
1.15856
1.15856
1.15856
1.15856
1.15856
1.15856
1.15856
1.15856
1.15856
1.15856
1.15856
1.15856
1.15856
1.15856
1.15856
1.15856
1.15856
1.15856
1.15856
1.15856
1.15856
1.15856
1.15856
1.15856
1.15856
1.15856
1.15856
1.15857
1.15857
1.15857
1.15857
1.15857
1.15857
1.15857
1.15857
1.15857
1.15857
1.15857
1.15857
1.15857
1.15857
1.15857
1.15857
1.15857
1.15857
1.15857
1.15857
1.15857
1.15857
1.15857
1.15857
1.15857
1.15857
1.15857
1.15857
1.15856
1.15856
1.15856
1.15856
1.15856
1.15856
1.15856
1.15856
1.15856
1.15856
1.15856
1.15856
1.15856
1.15856
1.15856
1.15856
1.15856
1.15856
1.15856
1.15856
1.15856
1.15856
1.15856
1.15856
1.15856
1.15856
1.15856
1.15856
1.15856
1.15856
1.15856
1.15856
1.15856
1.15856
1.15856
1.15856
1.15856
1.15856
1.15856
1.15856
1.15856
1.15856
1.15856
1.15856
1.15856
1.15856
1.15856
1.15856
1.15856
1.15856
1.15856
1.15856
1.15856
1.15856
1.15856
1.15856
1.15856
1.15856
1.15856
1.15856
1.15856
1.15856
1.15856
1.15856
1.15856
1.15856
1.15856
1.15856
1.15856
1.15856
1.15856
1.15856
1.15856
1.15856
1.15856
1.15856
1.15856
1.15856
1.15856
1.15856
1.15856
1.15856
1.15856
1.15856
1.15856
1.15856
1.15856
1.15856
1.15856
1.15856
1.15856
1.15856
1.15856
1.15856
1.15856
1.15856
1.15856
1.15856
1.15856
1.15856
1.15856
1.15856
1.15856
1.15856
1.15856
1.15856
1.15856
1.15856
1.15856
1.15856
1.15856
1.15856
1.15856
1.15856
1.15856
1.15856
1.15856
1.15856
1.15856
1.15856
1.15856
1.15856
1.15856
1.15856
1.15856
1.15856
1.15856
1.15856
1.15856
1.15856
1.15856
1.15856
1.15856
1.15856
1.15856
1.15856
1.15856
1.15856
1.15856
1.15856
1.15856
1.15856
1.15856
1.15856
1.15856
1.15856
1.15856
1.15856
1.15856
1.15856
1.15856
1.15856
1.15856
1.15856
1.15856
1.15856
1.15856
1.15856
1.15856
1.15856
1.15856
1.15856
1.15856
1.15856
1.15856
1.15856
1.15856
1.15856
1.15856
1.15856
1.15856
1.15856
1.15856
1.15856
1.15856
1.15856
1.15856
1.15856
1.15856
1.15856
1.15856
1.15856
1.15856
1.15856
1.15856
1.15856
1.15856
1.15856
1.15856
1.15856
1.15856
1.15856
1.15856
1.15856
1.15856
1.15856
1.15856
1.15856
1.15856
1.15856
1.15856
1.15856
1.15856
1.15856
1.15856
1.15856
1.15856
1.15856
1.15856
1.15856
1.15856
1.15856
1.15856
1.15856
1.15856
1.15856
1.15856
1.15856
1.15856
1.15856
1.15856
1.15856
1.15856
1.15856
1.15856
1.15856
1.15856
1.15856
1.15856
1.15856
1.15856
1.15856
1.15856
1.15856
1.15856
1.15856
1.15856
1.15856
1.15856
1.15856
1.15856
1.15856
1.15856
1.15856
1.15856
1.15856
1.15856
1.15856
1.15856
1.15856
1.15856
1.15856
1.15856
1.15856
1.15856
1.15856
1.15856
1.15856
1.15856
1.15856
1.15856
1.15856
1.15856
1.15856
1.15856
1.15856
1.15856
1.15856
1.15856
1.15856
1.15856
1.15856
1.15856
1.15856
1.15856
1.15856
1.15856
1.15856
1.15856
1.15856
1.15856
1.15856
1.15856
1.15856
1.15856
1.15856
1.15856
1.15856
1.15856
1.15856
1.15856
1.15856
1.15856
1.15856
1.15856
1.15856
1.15856
1.15856
1.15856
1.15856
1.15856
1.15856
1.15856
1.15856
1.15856
1.15856
1.15856
1.15856
1.15856
1.15856
1.15856
1.15856
1.15856
1.15856
1.15856
1.15856
1.15856
1.15856
1.15856
1.15856
1.15856
1.15856
1.15856
1.15856
1.15856
1.15856
1.15856
1.15856
1.15856
1.15856
1.15856
1.15856
1.15856
1.15856
1.15856
1.15856
1.15856
1.15856
1.15856
1.15856
1.15856
1.15856
1.15856
1.15856
1.15856
1.15856
1.15856
1.15856
1.15856
1.15856
1.15856
1.15856
1.15856
1.15856
1.15856
1.15856
1.15856
1.15856
1.15856
1.15856
1.15856
1.15856
1.15856
1.15856
1.15856
1.15856
1.15856
1.15856
1.15856
1.15856
1.15856
1.15856
1.15856
1.15856
1.15856
1.15856
1.15856
1.15856
1.15856
1.15856
1.15856
1.15856
1.15856
1.15856
1.15856
1.15856
1.15856
1.15856
1.15856
1.15856
1.15856
1.15856
1.15856
1.15856
1.15856
1.15856
1.15856
1.15856
1.15856
1.15856
1.15855
1.15855
1.15855
1.15855
1.15855
1.15855
1.15855
1.15855
1.15855
1.15855
1.15855
1.15855
1.15855
1.15855
1.15855
1.15855
1.15855
1.15855
1.15855
1.15855
1.15855
1.15855
1.15855
1.15855
1.15855
1.15855
1.15855
1.15855
1.15855
1.15855
1.15855
1.15855
1.15855
1.15855
1.15855
1.15855
1.15855
1.15855
1.15855
1.15855
1.15855
1.15855
1.15855
1.15855
1.15855
1.15855
1.15855
1.15855
1.15855
1.15855
1.15855
1.15855
1.15855
1.15855
1.15855
1.15855
1.15855
1.15855
1.15855
1.15855
1.15855
1.15855
1.15855
1.15855
1.15855
1.15855
1.15855
1.15855
1.15855
1.15855
1.15855
1.15855
1.15855
1.15855
1.15855
1.15855
1.15855
1.15855
1.15855
1.15855
1.15855
1.15855
1.15855
1.15855
1.15855
1.15855
1.15855
1.15855
1.15855
1.15855
1.15855
1.15855
1.15855
1.15855
1.15855
1.15855
1.15855
1.15855
1.15855
1.15855
1.15855
1.15855
1.15855
1.15855
1.15855
1.15855
1.15855
1.15855
1.15855
1.15855
1.15855
1.15855
1.15855
1.15855
1.15855
1.15855
1.15855
1.15855
1.15855
1.15855
1.15855
1.15855
1.15855
1.15855
1.15855
1.15855
1.15855
1.15855
1.15855
1.15855
1.15855
1.15855
1.15855
1.15855
1.15855
1.15855
1.15855
1.15855
1.15855
1.15855
1.15855
1.15855
1.15855
1.15855
1.15855
1.15855
1.15855
1.15855
1.15855
1.15855
1.15855
1.15855
1.15855
1.15855
1.15855
1.15855
1.15855
1.15855
1.15855
1.15855
1.15855
1.15855
1.15855
1.15855
1.15855
1.15855
1.15855
1.15855
1.15855
1.15855
1.15855
1.15855
1.15855
1.15855
1.15855
1.15855
1.15855
1.15855
1.15855
1.15855
1.15855
1.15855
1.15855
1.15855
1.15855
1.15855
1.15855
1.15855
1.15855
1.15855
1.15855
1.15855
1.15855
1.15855
1.15855
1.15855
1.15855
1.15855
1.15855
1.15855
1.15855
1.15855
1.15855
1.15855
1.15855
1.15855
1.15855
1.15855
1.15855
1.15855
1.15855
1.15855
1.15855
1.15855
1.15855
1.15855
1.15855
1.15855
1.15855
1.15855
1.15855
1.15855
1.15855
1.15855
1.15855
1.15855
1.15855
1.15855
1.15855
1.15855
1.15855
1.15855
1.15855
1.15855
1.15855
1.15855
1.15855
1.15855
1.15855
1.15855
1.15855
1.15855
1.15855
1.15855
1.15855
1.15855
1.15855
1.15855
1.15855
1.15855
1.15855
1.15855
1.15855
1.15855
1.15855
1.15855
1.15855
1.15855
1.15855
1.15855
1.15855
1.15855
1.15855
1.15855
1.15855
1.15855
1.15855
1.15855
1.15855
1.15855
1.15855
1.15855
1.15855
1.15855
1.15855
1.15855
1.15855
1.15855
1.15855
1.15855
1.15855
1.15855
1.15855
1.15855
1.15855
1.15855
1.15855
1.15855
1.15855
1.15855
1.15855
1.15855
1.15855
1.15855
1.15855
1.15855
1.15855
1.15855
1.15855
1.15855
1.15855
1.15855
1.15855
1.15855
1.15855
1.15855
1.15855
1.15855
1.15855
1.15855
1.15855
1.15855
1.15855
1.15855
1.15855
1.15855
1.15855
1.15855
1.15855
1.15855
1.15855
1.15855
1.15855
1.15855
1.15855
1.15855
1.15855
1.15855
1.15855
1.15855
1.15855
1.15855
1.15855
1.15855
1.15855
1.15855
1.15855
1.15855
1.15855
1.15855
1.15855
1.15855
1.15855
1.15855
1.15855
1.15855
1.15855
1.15855
1.15855
1.15855
1.15855
1.15855
1.15855
1.15855
1.15855
1.15855
1.15855
1.15855
1.15855
1.15855
1.15855
1.15855
1.15855
1.15855
1.15855
1.15855
1.15855
1.15855
1.15855
1.15855
1.15855
1.15855
1.15855
1.15855
1.15855
1.15855
1.15855
1.15855
1.15855
1.15855
1.15855
1.15855
1.15855
1.15855
1.15855
1.15855
1.15855
1.15855
1.15855
1.15855
1.15855
1.15855
1.15855
1.15855
1.15855
1.15855
1.15855
1.15855
1.15855
1.15855
1.15854
1.15854
1.15854
1.15854
1.15854
1.15854
1.15854
1.15854
1.15854
1.15854
1.15854
1.15854
1.15854
1.15854
1.15854
1.15854
1.15854
1.15854
1.15854
1.15854
1.15854
1.15854
1.15854
1.15854
1.15854
1.15854
1.15854
1.15854
1.15854
1.15854
1.15854
1.15854
1.15854
1.15854
1.15854
1.15854
1.15854
1.15854
1.15854
1.15854
1.15854
1.15854
1.15854
1.15854
1.15854
1.15854
1.15854
1.15854
1.15854
1.15854
1.15854
1.15854
1.15854
1.15854
1.15854
1.15854
1.15854
1.15854
1.15854
1.15854
1.15854
1.15854
1.15854
1.15854
1.15854
1.15854
1.15854
1.15854
1.15854
1.15854
1.15854
1.15854
1.15854
1.15854
1.15854
1.15854
1.15854
1.15854
1.15854
1.15854
1.15854
1.15854
1.15854
1.15854
1.15854
1.15854
1.15854
1.15854
1.15854
1.15854
1.15854
1.15854
1.15854
1.15854
1.15854
1.15854
1.15854
1.15854
1.15854
1.15854
1.15854
1.15854
1.15854
1.15854
1.15854
1.15854
1.15854
1.15854
1.15854
1.15854
1.15854
1.15854
1.15854
1.15854
1.15854
1.15854
1.15854
1.15854
1.15854
1.15854
1.15854
1.15854
1.15854
1.15854
1.15854
1.15854
1.15854
1.15854
1.15854
1.15854
1.15854
1.15854
1.15854
1.15854
1.15854
1.15854
1.15854
1.15854
1.15854
1.15854
1.15854
1.15854
1.15854
1.15854
1.15854
1.15854
1.15854
1.15854
1.15854
1.15854
1.15854
1.15854
1.15854
1.15854
1.15854
1.15854
1.15854
1.15854
1.15854
1.15854
1.15854
1.15854
1.15854
1.15854
1.15854
1.15854
1.15854
1.15854
1.15854
1.15854
1.15854
1.15854
1.15854
1.15854
1.15854
1.15854
1.15854
1.15854
1.15854
1.15854
1.15854
1.15854
1.15854
1.15854
1.15854
1.15854
1.15854
1.15854
1.15854
1.15854
1.15854
1.15854
1.15854
1.15854
1.15854
1.15854
1.15854
1.15854
1.15854
1.15854
1.15854
1.15854
1.15854
1.15854
1.15854
1.15854
1.15854
1.15854
1.15854
1.15854
1.15854
1.15854
1.15854
1.15854
1.15854
1.15854
1.15854
1.15854
1.15854
1.15854
1.15854
1.15854
1.15854
1.15854
1.15854
1.15854
1.15854
1.15854
1.15854
1.15854
1.15854
1.15854
1.15854
1.15854
1.15854
1.15854
1.15854
1.15854
1.15854
1.15854
1.15854
1.15854
1.15854
1.15854
1.15854
1.15854
1.15854
1.15854
1.15854
1.15854
1.15854
1.15854
1.15854
1.15854
1.15854
1.15854
1.15854
1.15854
1.15854
1.15854
1.15854
1.15854
1.15854
1.15854
1.15854
1.15854
1.15854
1.15854
1.15854
1.15854
1.15854
1.15854
1.15854
1.15854
1.15854
1.15854
1.15854
1.15854
1.15854
1.15854
1.15854
1.15854
1.15854
1.15854
1.15854
1.15854
1.15854
1.15854
1.15854
1.15854
1.15854
1.15854
1.15854
1.15854
1.15854
1.15854
1.15854
1.15854
1.15854
1.15854
1.15854
1.15854
1.15854
1.15854
1.15854
1.15854
1.15854
1.15854
1.15854
1.15854
1.15854
1.15854
1.15854
1.15854
1.15854
1.15854
1.15854
1.15854
1.15854
1.15854
1.15854
1.15854
1.15854
1.15854
1.15854
1.15854
1.15854
1.15854
1.15854
1.15854
1.15854
1.15854
1.15854
1.15854
1.15854
1.15854
1.15854
1.15854
1.15854
1.15854
1.15854
1.15854
1.15854
1.15854
1.15854
1.15854
1.15854
1.15854
1.15854
1.15854
1.15854
1.15854
1.15854
1.15854
1.15854
1.15854
1.15854
1.15854
1.15854
1.15854
1.15854
1.15854
1.15854
1.15854
1.15854
1.15854
1.15854
1.15854
1.15854
1.15854
1.15854
1.15854
1.15854
1.15854
1.15854
1.15854
1.15854
1.15854
1.15854
1.15854
1.15854
1.15854
1.15854
1.15854
1.15854
1.15854
1.15854
1.15854
1.15854
1.15854
1.15854
1.15854
1.15854
1.15854
1.15854
1.15854
1.15854
1.15854
1.15854
1.15854
1.15853
1.15853
1.15853
1.15853
1.15853
1.15853
1.15853
1.15853
1.15853
1.15853
1.15853
1.15853
1.15853
1.15853
1.15853
1.15853
1.15853
1.15853
1.15853
1.15853
1.15853
1.15853
1.15853
1.15853
1.15853
1.15853
1.15853
1.15853
1.15853
1.15853
1.15853
1.15853
1.15853
1.15853
1.15853
1.15853
1.15853
1.15853
1.15853
1.15853
1.15853
1.15853
1.15853
1.15853
1.15853
1.15853
1.15853
1.15853
1.15853
1.15853
1.15853
1.15853
1.15853
1.15853
1.15853
1.15853
1.15853
1.15853
1.15853
1.15853
1.15853
1.15853
1.15853
1.15853
1.15853
1.15853
1.15853
1.15853
1.15853
1.15853
1.15853
1.15853
1.15853
1.15853
1.15853
1.15853
1.15853
1.15853
1.15853
1.15853
1.15853
1.15853
1.15853
1.15853
1.15853
1.15853
1.15853
1.15853
1.15853
1.15853
1.15853
1.15853
1.15853
1.15853
1.15853
1.15853
1.15853
1.15853
1.15853
1.15853
1.15853
1.15853
1.15853
1.15853
1.15853
1.15853
1.15853
1.15853
1.15853
1.15853
1.15853
1.15853
1.15853
1.15853
1.15853
1.15853
1.15853
1.15853
1.15853
1.15853
1.15853
1.15853
1.15853
1.15853
1.15853
1.15853
1.15853
1.15853
1.15853
1.15853
1.15853
1.15853
1.15853
1.15853
1.15853
1.15853
1.15853
1.15853
1.15853
1.15853
1.15853
1.15853
1.15853
1.15853
1.15853
1.15853
1.15853
1.15853
1.15853
1.15853
1.15853
1.15853
1.15853
1.15853
1.15853
1.15853
1.15853
1.15853
1.15853
1.15853
1.15853
1.15853
1.15853
1.15853
1.15853
1.15853
1.15853
1.15853
1.15853
1.15853
1.15853
1.15853
1.15853
1.15853
1.15853
1.15853
1.15853
1.15853
1.15854
1.15854
1.15854
1.15854
1.15854
1.15854
1.15854
1.15854
1.15854
1.15854
1.15854
1.15854
1.15854
1.15854
1.15854
1.15854
1.15854
1.15854
1.15854
1.15854
1.15854
1.15854
1.15853
1.15853
1.15853
1.15853
1.15853
1.15853
1.15853
1.15853
1.15853
1.15853
1.15853
1.15853
1.15853
1.15853
1.15853
1.15853
1.15853
1.15853
1.15853
1.15853
1.15853
1.15853
1.15853
1.15853
1.15853
1.15853
1.15853
1.15853
1.15853
1.15853
1.15853
1.15853
1.15853
1.15853
1.15853
1.15853
1.15853
1.15853
1.15853
1.15853
1.15853
1.15853
1.15853
1.15853
1.15853
1.15853
1.15853
1.15853
1.15853
1.15853
1.15853
1.15853
1.15853
1.15853
1.15853
1.15853
1.15853
1.15853
1.15853
1.15853
1.15853
1.15853
1.15853
1.15853
1.15853
1.15853
1.15853
1.15853
1.15853
1.15853
1.15853
1.15853
1.15853
1.15853
1.15853
1.15853
1.15853
1.15853
1.15853
1.15853
1.15853
1.15853
1.15853
1.15853
1.15853
1.15853
1.15853
1.15853
1.15853
1.15853
1.15853
1.15853
1.15853
1.15853
1.15853
1.15853
1.15853
1.15853
1.15853
1.15853
1.15853
1.15853
1.15853
1.15853
1.15853
1.15853
1.15853
1.15853
1.15853
1.15853
1.15853
1.15853
1.15853
1.15853
1.15853
1.15853
1.15853
1.15853
1.15853
1.15853
1.15853
1.15853
1.15853
1.15853
1.15853
1.15853
1.15853
1.15853
1.15853
1.15853
1.15853
1.15853
1.15853
1.15853
1.15853
1.15853
1.15853
1.15853
1.15853
1.15853
1.15853
1.15853
1.15853
1.15853
1.15853
1.15853
1.15853
1.15853
1.15853
1.15853
1.15853
1.15853
1.15853
1.15853
1.15853
1.15853
1.15853
1.15853
1.15853
1.15853
1.15853
1.15853
1.15853
1.15853
1.15853
1.15853
1.15853
1.15853
1.15853
1.15853
1.15853
1.15853
1.15853
1.15853
1.15853
1.15853
1.15853
1.15853
1.15853
1.15853
1.15853
1.15853
1.15853
1.15853
1.15853
1.15853
1.15853
1.15853
1.15853
1.15853
1.15853
1.15853
1.15853
1.15853
1.15853
1.15853
1.15853
1.15853
1.15853
1.15853
1.15853
1.15853
1.15853
1.15853
1.15853
1.15853
1.15853
1.15853
1.15853
1.15853
1.15853
1.15853
1.15853
1.15853
1.15853
1.15853
1.15853
1.15853
1.15853
1.15853
1.15853
1.15853
1.15853
1.15853
1.15853
1.15853
1.15853
1.15853
1.15853
1.15853
1.15853
1.15853
1.15853
1.15853
1.15853
1.15853
1.15853
1.15853
1.15853
1.15853
1.15853
1.15853
1.15853
1.15853
1.15853
1.15853
1.15853
1.15853
1.15853
1.15853
1.15853
1.15853
1.15853
1.15853
1.15853
1.15853
1.15853
1.15853
1.15853
1.15853
1.15853
1.15853
1.15853
1.15853
1.15853
1.15853
1.15853
1.15853
1.15853
1.15853
1.15853
1.15853
1.15853
1.15853
1.15853
1.15853
1.15853
1.15853
1.15853
1.15853
1.15853
1.15853
1.15853
1.15853
1.15853
1.15853
1.15853
1.15853
1.15853
1.15853
1.15853
1.15853
1.15853
1.15853
1.15853
1.15853
1.15853
1.15853
1.15853
1.15853
1.15853
1.15853
1.15853
1.15853
1.15853
1.15853
1.15853
1.15853
1.15853
1.15853
1.15853
1.15853
1.15853
1.15853
1.15853
1.15853
1.15853
1.15853
1.15853
1.15853
1.15853
1.15853
1.15853
1.15853
1.15853
1.15853
1.15853
1.15853
1.15853
1.15853
1.15853
1.15853
1.15853
1.15853
1.15853
1.15853
1.15853
1.15853
1.15853
1.15853
1.15853
1.15853
1.15853
1.15853
1.15853
1.15853
1.15853
1.15853
1.15853
1.15853
1.15853
1.15853
1.15853
1.15853
1.15853
1.15853
1.15853
1.15853
1.15853
1.15853
1.15853
1.15853
1.15853
1.15853
1.15853
1.15853
1.15853
1.15853
1.15853
1.15853
1.15853
1.15853
1.15853
1.15853
1.15853
1.15853
1.15853
1.15853
1.15853
1.15853
1.15853
1.15853
1.15853
1.15853
1.15853
1.15853
1.15853
1.15853
1.15853
1.15853
1.15853
1.15853
1.15853
1.15853
1.15853
1.15853
1.15853
1.15853
1.15853
1.15853
1.15852
1.15852
1.15852
1.15852
1.15852
1.15852
1.15852
1.15852
1.15852
1.15852
1.15852
1.15852
1.15852
1.15852
1.15852
1.15852
1.15852
1.15852
1.15852
1.15852
1.15852
1.15852
1.15852
1.15852
1.15852
1.15852
1.15852
1.15852
1.15852
1.15852
1.15852
1.15852
1.15852
1.15852
1.15852
1.15852
1.15852
1.15852
1.15852
1.15852
1.15852
1.15852
1.15852
1.15852
1.15852
1.15852
1.15852
1.15852
1.15852
1.15852
1.15852
1.15852
1.15852
1.15852
1.15852
1.15852
1.15852
1.15852
1.15852
1.15852
1.15852
1.15852
1.15852
1.15852
1.15852
1.15852
1.15852
1.15852
1.15852
1.15852
1.15852
1.15852
1.15852
1.15852
1.15852
1.15852
1.15852
1.15852
1.15852
1.15852
1.15852
1.15852
1.15852
1.15852
1.15852
1.15852
1.15852
1.15852
1.15852
1.15852
1.15852
1.15852
1.15852
1.15852
1.15852
1.15852
1.15852
1.15852
1.15852
1.15852
1.15852
1.15852
1.15852
1.15852
1.15852
1.15852
1.15852
1.15852
1.15852
1.15852
1.15852
1.15852
1.15852
1.15852
1.15852
1.15852
1.15852
1.15852
1.15852
1.15852
1.15852
1.15852
1.15852
1.15852
1.15852
1.15852
1.15852
1.15852
1.15852
1.15852
1.15852
1.15852
1.15852
1.15852
1.15852
1.15852
1.15852
1.15852
1.15852
1.15852
1.15852
1.15852
1.15852
1.15852
1.15852
1.15852
1.15852
1.15852
1.15852
1.15852
1.15852
1.15852
1.15852
1.15852
1.15852
1.15852
1.15852
1.15852
1.15852
1.15852
1.15852
1.15852
1.15852
1.15852
1.15852
1.15852
1.15852
1.15852
1.15852
1.15852
1.15852
1.15852
1.15852
1.15852
1.15852
1.15852
1.15852
1.15852
1.15852
1.15852
1.15852
1.15852
1.15852
1.15852
1.15852
1.15852
1.15852
1.15852
1.15852
1.15852
1.15852
1.15852
1.15852
1.15852
1.15852
1.15852
1.15852
1.15852
1.15852
1.15852
1.15852
1.15852
1.15852
1.15852
1.15852
1.15852
1.15852
1.15852
1.15852
1.15852
1.15852
1.15852
1.15852
1.15852
1.15852
1.15852
1.15852
1.15852
1.15852
1.15852
1.15852
1.15852
1.15852
1.15852
1.15852
1.15852
1.15852
1.15852
1.15852
1.15852
1.15852
1.15852
1.15852
1.15852
1.15852
1.15852
1.15852
1.15852
1.15852
1.15852
1.15852
1.15852
1.15852
1.15852
1.15852
1.15852
1.15852
1.15852
1.15852
1.15852
1.15852
1.15852
1.15852
1.15852
1.15852
1.15852
1.15852
1.15852
1.15852
1.15852
1.15852
1.15852
1.15852
1.15852
1.15852
1.15852
1.15852
1.15852
1.15852
1.15852
1.15852
1.15852
1.15852
1.15852
1.15852
1.15852
1.15852
1.15852
1.15852
1.15852
1.15852
1.15852
1.15852
1.15852
1.15852
1.15852
1.15852
1.15852
1.15852
1.15852
1.15852
1.15852
1.15852
1.15852
1.15852
1.15852
1.15852
1.15852
1.15852
1.15852
1.15852
1.15852
1.15852
1.15852
1.15852
1.15852
1.15852
1.15852
1.15852
1.15852
1.15852
1.15852
1.15852
1.15852
1.15852
1.15852
1.15852
1.15852
1.15852
1.15852
1.15852
1.15852
1.15852
1.15852
1.15852
1.15852
1.15852
1.15852
1.15852
1.15852
1.15852
1.15852
1.15852
1.15852
1.15852
1.15852
1.15852
1.15852
1.15852
1.15852
1.15852
1.15852
1.15852
1.15852
1.15852
1.15852
1.15852
1.15852
1.15852
1.15852
1.15852
1.15852
1.15852
1.15852
1.15852
1.15852
1.15852
1.15852
1.15852
1.15852
1.15852
1.15852
1.15852
1.15852
1.15852
1.15852
1.15852
1.15852
1.15852
1.15852
1.15852
1.15852
1.15852
1.15852
1.15852
1.15852
1.15852
1.15852
1.15852
1.15852
1.15852
1.15852
1.15852
1.15852
1.15852
1.15852
1.15852
1.15852
1.15852
1.15852
1.15852
1.15852
1.15852
1.15852
1.15852
1.15852
1.15852
1.15852
1.15852
1.15852
1.15851
1.15851
1.15851
1.15851
1.15851
1.15851
1.15851
1.15851
1.15851
1.15851
1.15851
1.15851
1.15851
1.15851
1.15851
1.15851
1.15851
1.15851
1.15851
1.15851
1.15851
1.15851
1.15851
1.15851
1.15851
1.15851
1.15851
1.15851
1.15851
1.15851
1.15851
1.15851
1.15851
1.15851
1.15851
1.15851
1.15851
1.15851
1.15851
1.15851
1.15851
1.15851
1.15851
1.15851
1.15851
1.15851
1.15851
1.15851
1.15851
1.15851
1.15851
1.15851
1.15851
1.15851
1.15851
1.15851
1.15851
1.15851
1.15851
1.15851
1.15851
1.15851
1.15851
1.15851
1.15851
1.15851
1.15851
1.15851
1.15851
1.15851
1.15851
1.15851
1.15851
1.15851
1.15851
1.15851
1.15851
1.15851
1.15851
1.15851
1.15851
1.15851
1.15851
1.15851
1.15851
1.15851
1.15851
1.15851
1.15851
1.15851
1.15851
1.15851
1.15851
1.15851
1.15851
1.15851
1.15851
1.15851
1.15851
1.15851
1.15851
1.15851
1.15851
1.15851
1.15851
1.15851
1.15851
1.15851
1.15851
1.15851
1.15851
1.15851
1.15851
1.15851
1.15851
1.15851
1.15851
1.15851
1.15851
1.15851
1.15851
1.15851
1.15851
1.15851
1.15851
1.15851
1.15851
1.15851
1.15851
1.15851
1.15851
1.15851
1.15851
1.15851
1.15851
1.15851
1.15851
1.15851
1.15851
1.15851
1.15851
1.15851
1.15851
1.15851
1.15851
1.15851
1.15851
1.15851
1.15851
1.15851
1.15851
1.15851
1.15851
1.15851
1.15851
1.15851
1.15851
1.15851
1.15851
1.15851
1.15851
1.15851
1.15851
1.15851
1.15851
1.15851
1.15851
1.15851
1.15851
1.15851
1.15851
1.15851
1.15851
1.15851
1.15851
1.15851
1.15851
1.15851
1.15851
1.15851
1.15851
1.15851
1.15851
1.15851
1.15851
1.15851
1.15851
1.15851
1.15851
1.15851
1.15851
1.15851
1.15851
1.15851
1.15851
1.15851
1.15851
1.15851
1.15851
1.15851
1.15851
1.15851
1.15851
1.15851
1.15851
1.15851
1.15851
1.15851
1.15851
1.15851
1.15851
1.15851
1.15851
1.15851
1.15851
1.15851
1.15851
1.15851
1.15851
1.15851
1.15851
1.15851
1.15851
1.15851
1.15851
1.15851
1.15851
1.15851
1.15851
1.15851
1.15851
1.15851
1.15851
1.15851
1.15851
1.15851
1.15851
1.15851
1.15851
1.15851
1.15851
1.15851
1.15851
1.15851
1.15851
1.15851
1.15851
1.15851
1.15851
1.15851
1.15851
1.15851
1.15851
1.15851
1.15851
1.15851
1.15851
1.15851
1.15851
1.15851
1.15851
1.15851
1.15851
1.15851
1.15851
1.15851
1.15851
1.15851
1.15851
1.15851
1.15851
1.15851
1.15851
1.15851
1.15851
1.15851
1.15851
1.15851
1.15851
1.15851
1.15851
1.15851
1.15851
1.15851
1.15851
1.15851
1.15851
1.15851
1.15851
1.15851
1.15851
1.15851
1.15851
1.15851
1.15851
1.15851
1.15851
1.15851
1.15851
1.15851
1.15851
1.15851
1.15851
1.15851
1.15851
1.15851
1.15851
1.15851
1.15851
1.15851
1.15851
1.15851
1.15851
1.15851
1.15851
1.15851
1.15851
1.15851
1.15851
1.15851
1.15851
1.15851
1.15851
1.15851
1.15851
1.15851
1.15851
1.15851
1.15851
1.15851
1.15851
1.15851
1.15851
1.15851
1.15851
1.15851
1.15851
1.15851
1.15851
1.15851
1.15851
1.15851
1.15851
1.15851
1.15851
1.15851
1.15851
1.15851
1.15851
1.15851
1.15851
1.15851
1.15851
1.15851
1.15851
1.15851
1.15851
1.15851
1.15851
1.15851
1.15851
1.15851
1.15851
1.15851
1.15851
1.15851
1.15851
1.15851
1.15851
1.15851
1.15851
1.15851
1.15851
1.15851
1.15851
1.15851
1.15851
1.15851
1.15851
1.15851
1.15851
1.15851
1.15851
1.15851
1.15851
1.15851
1.15851
1.15851
1.15851
1.15851
1.15851
1.15851
1.15851
1.15851
1.15851
1.15851
1.15851
1.15851
1.15851
1.15851
1.1585
1.1585
1.1585
1.1585
1.1585
1.1585
1.1585
1.1585
1.1585
1.1585
1.1585
1.1585
1.1585
1.1585
1.1585
1.1585
1.1585
1.1585
1.1585
1.1585
1.1585
1.1585
1.1585
1.1585
1.1585
1.1585
1.1585
1.1585
1.1585
1.1585
1.1585
1.1585
1.1585
1.1585
1.1585
1.1585
1.1585
1.1585
1.1585
1.1585
1.1585
1.1585
1.1585
1.1585
1.1585
1.1585
1.1585
1.1585
1.1585
1.1585
1.1585
1.1585
1.1585
1.1585
1.1585
1.1585
1.1585
1.1585
1.1585
1.1585
1.1585
1.1585
1.1585
1.1585
1.1585
1.1585
1.1585
1.1585
1.1585
1.1585
1.1585
1.1585
1.1585
1.1585
1.1585
1.1585
1.1585
1.1585
1.1585
1.1585
1.1585
1.1585
1.1585
1.1585
1.1585
1.1585
1.1585
1.1585
1.1585
1.1585
1.1585
1.1585
1.1585
1.1585
1.1585
1.1585
1.1585
1.1585
1.1585
1.1585
1.1585
1.1585
1.1585
1.1585
1.1585
1.1585
1.1585
1.1585
1.1585
1.1585
1.1585
1.1585
1.1585
1.1585
1.1585
1.1585
1.1585
1.1585
1.1585
1.1585
1.1585
1.1585
1.1585
1.1585
1.1585
1.1585
1.1585
1.1585
1.1585
1.1585
1.1585
1.1585
1.1585
1.1585
1.1585
1.1585
1.1585
1.1585
1.1585
1.1585
1.1585
1.1585
1.1585
1.1585
1.1585
1.1585
1.1585
1.1585
1.1585
1.1585
1.1585
1.1585
1.1585
1.1585
1.1585
1.1585
1.1585
1.1585
1.1585
1.1585
1.1585
1.1585
1.1585
1.1585
1.1585
1.1585
1.1585
1.1585
1.1585
1.1585
1.1585
1.1585
1.1585
1.1585
1.1585
1.1585
1.1585
1.1585
1.1585
1.1585
1.1585
1.1585
1.1585
1.1585
1.1585
1.1585
1.1585
1.1585
1.1585
1.1585
1.1585
1.1585
1.15851
1.15851
1.15851
1.15851
1.15851
1.15851
1.15851
1.15851
1.1585
1.1585
1.1585
1.1585
1.1585
1.1585
1.1585
1.1585
1.1585
1.1585
1.1585
1.1585
1.1585
1.1585
1.1585
1.1585
1.1585
1.1585
1.1585
1.1585
1.1585
1.1585
1.1585
1.1585
1.1585
1.1585
1.1585
1.1585
1.1585
1.1585
1.1585
1.1585
1.1585
1.1585
1.1585
1.1585
1.1585
1.1585
1.1585
1.1585
1.1585
1.1585
1.1585
1.1585
1.1585
1.1585
1.1585
1.1585
1.1585
1.1585
1.1585
1.1585
1.1585
1.1585
1.1585
1.1585
1.1585
1.1585
1.1585
1.1585
1.1585
1.1585
1.1585
1.1585
1.1585
1.1585
1.1585
1.1585
1.1585
1.1585
1.1585
1.1585
1.1585
1.1585
1.1585
1.1585
1.1585
1.1585
1.1585
1.1585
1.1585
1.1585
1.1585
1.1585
1.1585
1.1585
1.1585
1.1585
1.1585
1.1585
1.1585
1.1585
1.1585
1.1585
1.1585
1.1585
1.1585
1.1585
1.1585
1.1585
1.1585
1.1585
1.1585
1.1585
1.1585
1.1585
1.1585
1.1585
1.1585
1.1585
1.1585
1.1585
1.1585
1.1585
1.1585
1.1585
1.1585
1.1585
1.1585
1.1585
1.1585
1.1585
1.1585
1.1585
1.1585
1.1585
1.1585
1.1585
1.1585
1.1585
1.1585
1.1585
1.1585
1.1585
1.1585
1.1585
1.1585
1.1585
1.1585
1.1585
1.1585
1.1585
1.1585
1.1585
1.1585
1.1585
1.1585
1.1585
1.1585
1.1585
1.1585
1.1585
1.1585
1.1585
1.1585
1.1585
1.1585
1.1585
1.1585
1.1585
1.1585
1.1585
1.1585
1.1585
1.1585
1.1585
1.1585
1.1585
1.1585
1.1585
1.1585
1.1585
1.1585
1.1585
1.1585
1.1585
1.1585
1.1585
1.1585
1.1585
1.1585
1.1585
1.1585
1.1585
1.1585
1.1585
1.1585
1.1585
1.1585
1.1585
1.1585
1.1585
1.1585
1.1585
1.1585
1.1585
1.1585
1.1585
1.1585
1.1585
1.15849
1.1585
1.1585
1.1585
1.1585
1.1585
1.1585
1.1585
1.1585
1.1585
1.1585
1.1585
1.1585
1.1585
1.1585
1.1585
1.1585
1.1585
1.1585
1.1585
1.1585
1.1585
1.1585
1.1585
1.1585
1.1585
1.1585
1.1585
1.1585
1.1585
1.1585
1.1585
1.1585
1.1585
1.1585
1.1585
1.1585
1.1585
1.1585
1.1585
1.1585
1.1585
1.1585
1.1585
1.1585
1.1585
1.1585
1.1585
1.1585
1.1585
1.1585
1.1585
1.1585
1.1585
1.1585
1.1585
1.1585
1.1585
1.1585
1.1585
1.1585
1.1585
1.1585
1.1585
1.1585
1.1585
1.1585
1.1585
1.1585
1.1585
1.1585
1.1585
1.1585
1.1585
1.1585
1.1585
1.1585
1.1585
1.1585
1.1585
1.1585
1.1585
1.1585
1.1585
1.1585
1.1585
1.1585
1.1585
1.1585
1.1585
1.1585
1.1585
1.1585
1.1585
1.1585
1.1585
1.1585
1.1585
1.1585
1.1585
1.1585
1.1585
1.1585
1.1585
1.1585
1.1585
1.1585
1.1585
1.1585
1.1585
1.1585
1.1585
1.1585
1.1585
1.1585
1.1585
1.1585
1.1585
1.1585
1.1585
1.1585
1.1585
1.1585
1.1585
1.1585
1.1585
1.1585
1.1585
1.1585
1.1585
1.1585
1.1585
1.1585
1.1585
1.1585
1.1585
1.1585
1.1585
1.1585
1.1585
1.1585
1.1585
1.1585
1.1585
1.1585
1.1585
1.1585
1.1585
1.1585
1.1585
1.1585
1.1585
1.1585
1.1585
1.1585
1.1585
1.1585
1.1585
1.1585
1.1585
1.1585
1.1585
1.1585
1.1585
1.1585
1.1585
1.1585
1.1585
1.1585
1.1585
1.1585
1.1585
1.1585
1.1585
1.1585
1.1585
1.1585
1.1585
1.1585
1.1585
1.1585
1.1585
1.1585
1.1585
1.1585
1.1585
1.1585
1.1585
1.1585
1.1585
1.1585
1.1585
1.1585
1.1585
1.1585
1.1585
1.1585
1.1585
1.1585
1.1585
1.15849
1.15846
1.15847
1.15848
1.15849
1.15849
1.15849
1.15849
1.15849
1.15849
1.15849
1.15849
1.15849
1.15849
1.15849
1.15849
1.15849
1.15849
1.15849
1.15849
1.15849
1.15849
1.15849
1.15849
1.15849
1.15849
1.15849
1.15849
1.15849
1.15849
1.15849
1.15849
1.15849
1.15849
1.15849
1.15849
1.15849
1.15849
1.15849
1.15849
1.15849
1.15849
1.15849
1.15849
1.15849
1.15849
1.15849
1.15849
1.15849
1.15849
1.15849
1.15849
1.15849
1.15849
1.15849
1.15849
1.15849
1.15849
1.15849
1.15849
1.15849
1.15849
1.15849
1.15849
1.15849
1.15849
1.15849
1.15849
1.15849
1.15849
1.15849
1.15849
1.15849
1.15849
1.15849
1.15849
1.15849
1.15849
1.15849
1.15849
1.15849
1.15849
1.15849
1.15849
1.15849
1.15849
1.15849
1.15849
1.15849
1.15849
1.15849
1.15849
1.15849
1.15849
1.15849
1.15849
1.15849
1.15849
1.15849
1.15849
1.15849
1.15849
1.15849
1.15849
1.15849
1.15849
1.15849
1.15849
1.15849
1.15849
1.15849
1.15849
1.15849
1.15849
1.15849
1.15849
1.15849
1.15849
1.15849
1.15849
1.15849
1.15849
1.15849
1.15849
1.15849
1.15849
1.15849
1.15849
1.15849
1.15849
1.15849
1.15849
1.15849
1.15849
1.15849
1.15849
1.15849
1.15849
1.15849
1.15849
1.15849
1.15849
1.15849
1.15849
1.15849
1.15849
1.15849
1.15849
1.15849
1.15849
1.15849
1.15849
1.15849
1.15849
1.15849
1.15849
1.15849
1.15849
1.15849
1.15849
1.15849
1.15849
1.15849
1.15849
1.15849
1.15849
1.15849
1.15849
1.15849
1.15849
1.15849
1.15849
1.15849
1.15849
1.15849
1.15849
1.15849
1.15849
1.15849
1.15849
1.15849
1.15849
1.15849
1.15849
1.15849
1.15849
1.15849
1.15849
1.15849
1.15849
1.15849
1.15849
1.15849
1.15849
1.15849
1.15849
1.15849
1.15849
1.15849
1.15849
1.15849
1.15866
1.15862
1.15856
1.15851
1.15849
1.15849
1.15849
1.15849
1.15849
1.15849
1.15849
1.15849
1.15849
1.15849
1.15849
1.15848
1.15848
1.15848
1.15848
1.15848
1.15848
1.15848
1.15849
1.15849
1.15849
1.15849
1.15849
1.15849
1.15849
1.15849
1.15849
1.15849
1.15849
1.15849
1.15849
1.15849
1.15849
1.15849
1.15849
1.15849
1.15849
1.15849
1.15849
1.15849
1.15849
1.15849
1.15849
1.15849
1.15849
1.15849
1.15849
1.15849
1.15849
1.15849
1.15849
1.15849
1.15849
1.15849
1.15849
1.15849
1.15849
1.15849
1.15849
1.15849
1.15849
1.15849
1.15849
1.15849
1.15849
1.15849
1.15849
1.15849
1.15849
1.15849
1.15849
1.15849
1.15849
1.15849
1.15849
1.15849
1.15849
1.15849
1.15849
1.15849
1.15849
1.15849
1.15849
1.15849
1.15849
1.15849
1.15849
1.15849
1.15849
1.15849
1.15849
1.15849
1.15849
1.15849
1.15849
1.15849
1.15849
1.15849
1.15849
1.15849
1.15849
1.15849
1.15849
1.15849
1.15849
1.15849
1.15849
1.15849
1.15849
1.15849
1.15849
1.15849
1.15849
1.15849
1.15849
1.15849
1.15849
1.15849
1.15849
1.15849
1.15849
1.15849
1.15849
1.15849
1.15849
1.15849
1.15849
1.15849
1.15849
1.15849
1.15849
1.15849
1.15849
1.15849
1.15849
1.15849
1.15849
1.15849
1.15849
1.15849
1.15849
1.15849
1.15849
1.15849
1.15849
1.15849
1.15849
1.15849
1.15849
1.15849
1.15849
1.15849
1.15849
1.15849
1.15849
1.15849
1.15849
1.15849
1.15849
1.15849
1.15849
1.15849
1.15849
1.15849
1.15849
1.15849
1.15849
1.15849
1.15849
1.15849
1.15849
1.15849
1.15849
1.15849
1.15849
1.15849
1.15849
1.15849
1.15849
1.15849
1.15849
1.15849
1.15849
1.15849
1.15849
1.15849
1.15849
1.15849
1.15849
1.15849
1.15849
1.15849
1.15849
1.15849
1.15849
1.15831
1.15792
1.15784
1.158
1.1583
1.15845
1.1585
1.1585
1.1585
1.15849
1.15849
1.15848
1.15848
1.15847
1.15847
1.15846
1.15845
1.15845
1.15844
1.15844
1.15844
1.15845
1.15846
1.15847
1.15848
1.15848
1.15848
1.15848
1.15848
1.15848
1.15848
1.15848
1.15848
1.15848
1.15848
1.15848
1.15848
1.15848
1.15848
1.15848
1.15848
1.15848
1.15848
1.15848
1.15848
1.15848
1.15848
1.15848
1.15848
1.15848
1.15848
1.15848
1.15848
1.15848
1.15848
1.15848
1.15848
1.15848
1.15848
1.15848
1.15848
1.15848
1.15848
1.15848
1.15848
1.15848
1.15848
1.15848
1.15848
1.15848
1.15848
1.15848
1.15848
1.15848
1.15848
1.15848
1.15848
1.15848
1.15848
1.15848
1.15848
1.15848
1.15848
1.15848
1.15848
1.15848
1.15848
1.15848
1.15848
1.15848
1.15848
1.15848
1.15848
1.15848
1.15848
1.15848
1.15848
1.15848
1.15848
1.15848
1.15848
1.15848
1.15848
1.15848
1.15848
1.15848
1.15848
1.15848
1.15848
1.15848
1.15848
1.15848
1.15848
1.15848
1.15848
1.15848
1.15848
1.15848
1.15848
1.15848
1.15848
1.15848
1.15848
1.15848
1.15848
1.15848
1.15848
1.15848
1.15848
1.15848
1.15848
1.15848
1.15848
1.15848
1.15848
1.15848
1.15848
1.15848
1.15848
1.15848
1.15848
1.15848
1.15848
1.15848
1.15848
1.15848
1.15848
1.15848
1.15848
1.15848
1.15848
1.15848
1.15848
1.15848
1.15848
1.15848
1.15848
1.15848
1.15848
1.15848
1.15848
1.15848
1.15848
1.15848
1.15848
1.15848
1.15848
1.15848
1.15848
1.15848
1.15848
1.15848
1.15848
1.15848
1.15848
1.15848
1.15848
1.15848
1.15848
1.15848
1.15848
1.15848
1.15848
1.15848
1.15848
1.15848
1.15848
1.15848
1.15848
1.15848
1.15848
1.15848
1.15848
1.15848
1.15848
1.15848
1.15848
1.15848
1.15848
1.15848
1.15882
1.16117
1.16088
1.16042
1.15931
1.15866
1.15842
1.15836
1.15837
1.1584
1.15842
1.15843
1.15842
1.15841
1.15839
1.15835
1.15831
1.15827
1.15824
1.15822
1.15822
1.15825
1.1583
1.15837
1.15842
1.15846
1.15847
1.15848
1.15848
1.15848
1.15848
1.15848
1.15848
1.15848
1.15848
1.15848
1.15848
1.15848
1.15848
1.15848
1.15848
1.15848
1.15848
1.15848
1.15848
1.15848
1.15848
1.15848
1.15848
1.15848
1.15848
1.15848
1.15848
1.15848
1.15848
1.15848
1.15848
1.15848
1.15848
1.15848
1.15848
1.15848
1.15848
1.15848
1.15848
1.15848
1.15848
1.15848
1.15848
1.15848
1.15848
1.15848
1.15848
1.15848
1.15848
1.15848
1.15848
1.15848
1.15848
1.15848
1.15848
1.15848
1.15848
1.15848
1.15848
1.15848
1.15848
1.15848
1.15848
1.15848
1.15848
1.15848
1.15848
1.15848
1.15848
1.15848
1.15848
1.15848
1.15848
1.15848
1.15848
1.15848
1.15848
1.15848
1.15848
1.15848
1.15848
1.15848
1.15848
1.15848
1.15848
1.15848
1.15848
1.15848
1.15848
1.15848
1.15848
1.15848
1.15848
1.15848
1.15848
1.15848
1.15848
1.15848
1.15848
1.15848
1.15848
1.15848
1.15848
1.15848
1.15848
1.15848
1.15848
1.15848
1.15848
1.15848
1.15848
1.15848
1.15848
1.15848
1.15848
1.15848
1.15848
1.15848
1.15848
1.15848
1.15848
1.15848
1.15848
1.15848
1.15848
1.15848
1.15848
1.15848
1.15848
1.15848
1.15848
1.15848
1.15848
1.15848
1.15848
1.15848
1.15848
1.15848
1.15848
1.15848
1.15848
1.15848
1.15848
1.15848
1.15848
1.15848
1.15848
1.15848
1.15848
1.15848
1.15848
1.15848
1.15848
1.15848
1.15848
1.15848
1.15848
1.15848
1.15848
1.15848
1.15848
1.15848
1.15848
1.15848
1.15848
1.15848
1.15848
1.15848
1.15848
1.15848
1.15848
1.15848
1.15848
1.15848
1.15656
1.1534
1.15457
1.15367
1.1551
1.15721
1.15851
1.15894
1.15893
1.15879
1.15862
1.15847
1.15832
1.15819
1.15805
1.1579
1.15774
1.15757
1.15743
1.15734
1.15734
1.15743
1.15761
1.15786
1.15812
1.15832
1.15842
1.15846
1.15847
1.15847
1.15847
1.15847
1.15847
1.15847
1.15847
1.15847
1.15847
1.15847
1.15847
1.15847
1.15847
1.15847
1.15847
1.15847
1.15847
1.15847
1.15847
1.15847
1.15847
1.15847
1.15847
1.15847
1.15847
1.15847
1.15847
1.15847
1.15847
1.15847
1.15847
1.15847
1.15847
1.15847
1.15847
1.15847
1.15847
1.15847
1.15847
1.15847
1.15847
1.15847
1.15847
1.15847
1.15847
1.15847
1.15847
1.15847
1.15847
1.15847
1.15847
1.15847
1.15847
1.15847
1.15847
1.15847
1.15847
1.15847
1.15847
1.15847
1.15847
1.15847
1.15847
1.15847
1.15847
1.15847
1.15847
1.15847
1.15847
1.15847
1.15847
1.15847
1.15847
1.15847
1.15847
1.15847
1.15847
1.15847
1.15847
1.15847
1.15847
1.15847
1.15847
1.15847
1.15847
1.15847
1.15847
1.15847
1.15847
1.15847
1.15847
1.15847
1.15847
1.15847
1.15847
1.15847
1.15847
1.15847
1.15847
1.15847
1.15847
1.15847
1.15847
1.15847
1.15847
1.15847
1.15847
1.15847
1.15847
1.15847
1.15847
1.15847
1.15847
1.15847
1.15847
1.15847
1.15847
1.15847
1.15847
1.15847
1.15847
1.15847
1.15847
1.15847
1.15847
1.15847
1.15847
1.15847
1.15847
1.15847
1.15847
1.15847
1.15847
1.15847
1.15847
1.15847
1.15847
1.15847
1.15847
1.15847
1.15847
1.15847
1.15847
1.15847
1.15847
1.15847
1.15847
1.15847
1.15847
1.15847
1.15847
1.15847
1.15847
1.15847
1.15847
1.15847
1.15847
1.15847
1.15847
1.15847
1.15847
1.15847
1.15847
1.15847
1.15847
1.15847
1.15847
1.15847
1.15847
1.15847
1.15847
1.15847
1.16756
1.16757
1.16812
1.16562
1.1632
1.16009
1.15799
1.15696
1.15657
1.15654
1.15666
1.15683
1.15695
1.15695
1.1568
1.15648
1.15604
1.15556
1.15513
1.15483
1.15474
1.15489
1.15532
1.15601
1.15685
1.15764
1.15815
1.15838
1.15845
1.15847
1.15847
1.15847
1.15847
1.15847
1.15847
1.15847
1.15847
1.15847
1.15847
1.15847
1.15847
1.15847
1.15847
1.15847
1.15847
1.15847
1.15847
1.15847
1.15847
1.15847
1.15847
1.15847
1.15847
1.15847
1.15847
1.15847
1.15847
1.15847
1.15847
1.15847
1.15847
1.15847
1.15847
1.15847
1.15847
1.15847
1.15847
1.15847
1.15847
1.15847
1.15847
1.15847
1.15847
1.15847
1.15847
1.15847
1.15847
1.15847
1.15847
1.15847
1.15847
1.15847
1.15847
1.15847
1.15847
1.15847
1.15847
1.15847
1.15847
1.15847
1.15847
1.15847
1.15847
1.15847
1.15847
1.15847
1.15847
1.15847
1.15847
1.15847
1.15847
1.15847
1.15847
1.15847
1.15847
1.15847
1.15847
1.15847
1.15847
1.15847
1.15847
1.15847
1.15847
1.15847
1.15847
1.15847
1.15847
1.15847
1.15847
1.15847
1.15847
1.15847
1.15847
1.15847
1.15847
1.15847
1.15847
1.15847
1.15847
1.15847
1.15847
1.15847
1.15847
1.15847
1.15847
1.15847
1.15847
1.15847
1.15847
1.15847
1.15847
1.15847
1.15847
1.15847
1.15847
1.15847
1.15847
1.15847
1.15847
1.15847
1.15847
1.15847
1.15847
1.15847
1.15847
1.15847
1.15847
1.15847
1.15847
1.15847
1.15847
1.15847
1.15847
1.15847
1.15847
1.15847
1.15847
1.15847
1.15847
1.15847
1.15847
1.15847
1.15847
1.15847
1.15847
1.15847
1.15847
1.15847
1.15847
1.15847
1.15847
1.15847
1.15847
1.15847
1.15847
1.15847
1.15847
1.15847
1.15847
1.15847
1.15847
1.15847
1.15847
1.15847
1.15847
1.15847
1.15847
1.15847
1.15847
1.15847
1.13946
1.14069
1.1412
1.14231
1.14492
1.15152
1.15828
1.16111
1.16125
1.16058
1.15972
1.15871
1.15761
1.15643
1.15521
1.15398
1.15276
1.15162
1.15063
1.14988
1.14946
1.14946
1.14996
1.15111
1.15299
1.15523
1.15704
1.15801
1.15836
1.15845
1.15846
1.15847
1.15847
1.15847
1.15847
1.15847
1.15847
1.15847
1.15847
1.15847
1.15847
1.15847
1.15847
1.15847
1.15847
1.15847
1.15847
1.15847
1.15847
1.15847
1.15847
1.15847
1.15847
1.15847
1.15847
1.15847
1.15847
1.15847
1.15847
1.15847
1.15847
1.15847
1.15847
1.15847
1.15847
1.15847
1.15847
1.15847
1.15847
1.15847
1.15847
1.15847
1.15847
1.15847
1.15847
1.15847
1.15847
1.15847
1.15847
1.15847
1.15847
1.15847
1.15847
1.15847
1.15847
1.15847
1.15847
1.15847
1.15847
1.15847
1.15847
1.15847
1.15847
1.15847
1.15847
1.15847
1.15847
1.15847
1.15847
1.15847
1.15847
1.15847
1.15847
1.15847
1.15847
1.15847
1.15847
1.15847
1.15847
1.15847
1.15847
1.15847
1.15847
1.15847
1.15847
1.15847
1.15847
1.15847
1.15847
1.15847
1.15847
1.15847
1.15847
1.15847
1.15847
1.15847
1.15847
1.15847
1.15847
1.15847
1.15847
1.15847
1.15847
1.15847
1.15847
1.15847
1.15847
1.15847
1.15847
1.15847
1.15847
1.15847
1.15847
1.15847
1.15847
1.15847
1.15847
1.15847
1.15847
1.15847
1.15847
1.15847
1.15847
1.15847
1.15847
1.15847
1.15847
1.15847
1.15847
1.15847
1.15847
1.15847
1.15847
1.15847
1.15847
1.15847
1.15847
1.15847
1.15847
1.15847
1.15847
1.15847
1.15847
1.15847
1.15847
1.15847
1.15847
1.15847
1.15847
1.15847
1.15847
1.15847
1.15847
1.15847
1.15847
1.15847
1.15847
1.15847
1.15847
1.15847
1.15847
1.15847
1.15847
1.15847
1.15847
1.15847
1.15847
1.15847
1.15847
1.15847
1.13941
1.13936
1.1395
1.13971
1.13995
1.14131
1.14303
1.14452
1.14577
1.14699
1.14833
1.1497
1.15083
1.1515
1.15162
1.1513
1.15069
1.1499
1.14902
1.14801
1.14668
1.14489
1.14317
1.14285
1.14496
1.14915
1.15365
1.15666
1.15797
1.15836
1.15845
1.15846
1.15846
1.15846
1.15846
1.15846
1.15846
1.15846
1.15846
1.15846
1.15846
1.15846
1.15846
1.15846
1.15846
1.15846
1.15846
1.15846
1.15846
1.15846
1.15846
1.15846
1.15846
1.15846
1.15846
1.15846
1.15846
1.15846
1.15846
1.15846
1.15846
1.15846
1.15846
1.15846
1.15846
1.15846
1.15846
1.15846
1.15846
1.15846
1.15846
1.15846
1.15846
1.15846
1.15846
1.15846
1.15846
1.15846
1.15846
1.15846
1.15846
1.15846
1.15846
1.15846
1.15846
1.15846
1.15846
1.15846
1.15846
1.15846
1.15846
1.15846
1.15846
1.15846
1.15846
1.15846
1.15846
1.15846
1.15846
1.15846
1.15846
1.15846
1.15846
1.15846
1.15846
1.15846
1.15846
1.15846
1.15846
1.15846
1.15846
1.15846
1.15846
1.15846
1.15846
1.15846
1.15846
1.15846
1.15846
1.15846
1.15846
1.15846
1.15846
1.15846
1.15846
1.15846
1.15846
1.15846
1.15846
1.15846
1.15846
1.15846
1.15846
1.15846
1.15846
1.15846
1.15846
1.15846
1.15846
1.15846
1.15846
1.15846
1.15846
1.15846
1.15846
1.15846
1.15846
1.15846
1.15846
1.15846
1.15846
1.15846
1.15846
1.15846
1.15846
1.15846
1.15846
1.15846
1.15846
1.15846
1.15846
1.15846
1.15846
1.15846
1.15846
1.15846
1.15846
1.15846
1.15846
1.15846
1.15846
1.15846
1.15846
1.15846
1.15846
1.15846
1.15846
1.15846
1.15846
1.15846
1.15846
1.15846
1.15846
1.15846
1.15846
1.15846
1.15846
1.15846
1.15846
1.15846
1.15846
1.15846
1.15846
1.15846
1.15846
1.15846
1.15846
1.15846
1.15846
1.15846
1.13939
1.13938
1.13936
1.1394
1.13939
1.13953
1.13979
1.14009
1.14039
1.1407
1.14105
1.14142
1.1418
1.14215
1.14241
1.14253
1.14245
1.1421
1.14163
1.14138
1.14154
1.14171
1.14108
1.13936
1.1383
1.14094
1.14723
1.15337
1.15683
1.15808
1.15839
1.15845
1.15846
1.15846
1.15846
1.15846
1.15846
1.15846
1.15846
1.15846
1.15846
1.15846
1.15846
1.15846
1.15846
1.15846
1.15846
1.15846
1.15846
1.15846
1.15846
1.15846
1.15846
1.15846
1.15846
1.15846
1.15846
1.15846
1.15846
1.15846
1.15846
1.15846
1.15846
1.15846
1.15846
1.15846
1.15846
1.15846
1.15846
1.15846
1.15846
1.15846
1.15846
1.15846
1.15846
1.15846
1.15846
1.15846
1.15846
1.15846
1.15846
1.15846
1.15846
1.15846
1.15846
1.15846
1.15846
1.15846
1.15846
1.15846
1.15846
1.15846
1.15846
1.15846
1.15846
1.15846
1.15846
1.15846
1.15846
1.15846
1.15846
1.15846
1.15846
1.15846
1.15846
1.15846
1.15846
1.15846
1.15846
1.15846
1.15846
1.15846
1.15846
1.15846
1.15846
1.15846
1.15846
1.15846
1.15846
1.15846
1.15846
1.15846
1.15846
1.15846
1.15846
1.15846
1.15846
1.15846
1.15846
1.15846
1.15846
1.15846
1.15846
1.15846
1.15846
1.15846
1.15846
1.15846
1.15846
1.15846
1.15846
1.15846
1.15846
1.15846
1.15846
1.15846
1.15846
1.15846
1.15846
1.15846
1.15846
1.15846
1.15846
1.15846
1.15846
1.15846
1.15846
1.15846
1.15846
1.15846
1.15846
1.15846
1.15846
1.15846
1.15846
1.15846
1.15846
1.15846
1.15846
1.15846
1.15846
1.15846
1.15846
1.15846
1.15846
1.15846
1.15846
1.15846
1.15846
1.15846
1.15846
1.15846
1.15846
1.15846
1.15846
1.15846
1.15846
1.15846
1.15846
1.15846
1.15846
1.15846
1.15846
1.15846
1.15846
1.15846
1.15846
1.15846
1.15846
1.15846
1.13938
1.13938
1.13936
1.13936
1.13937
1.13939
1.13942
1.13944
1.13945
1.13946
1.13948
1.13951
1.13956
1.13961
1.13966
1.13971
1.13971
1.13966
1.13962
1.13966
1.1397
1.13947
1.1388
1.13796
1.13795
1.14015
1.14492
1.15076
1.15531
1.15757
1.15828
1.15843
1.15845
1.15845
1.15845
1.15845
1.15845
1.15845
1.15845
1.15845
1.15845
1.15845
1.15845
1.15845
1.15845
1.15845
1.15845
1.15845
1.15845
1.15845
1.15845
1.15845
1.15845
1.15845
1.15845
1.15845
1.15845
1.15845
1.15845
1.15845
1.15845
1.15845
1.15845
1.15845
1.15845
1.15845
1.15845
1.15845
1.15845
1.15845
1.15845
1.15845
1.15845
1.15845
1.15845
1.15845
1.15845
1.15845
1.15845
1.15845
1.15845
1.15845
1.15845
1.15845
1.15845
1.15845
1.15845
1.15845
1.15845
1.15845
1.15845
1.15845
1.15845
1.15845
1.15845
1.15845
1.15845
1.15845
1.15845
1.15845
1.15845
1.15845
1.15845
1.15845
1.15845
1.15845
1.15845
1.15845
1.15845
1.15845
1.15845
1.15845
1.15845
1.15845
1.15845
1.15845
1.15845
1.15845
1.15845
1.15845
1.15845
1.15845
1.15845
1.15845
1.15845
1.15845
1.15845
1.15845
1.15845
1.15845
1.15845
1.15845
1.15845
1.15845
1.15845
1.15845
1.15845
1.15845
1.15845
1.15845
1.15845
1.15845
1.15845
1.15845
1.15845
1.15845
1.15845
1.15845
1.15845
1.15845
1.15845
1.15845
1.15845
1.15845
1.15845
1.15845
1.15845
1.15845
1.15845
1.15845
1.15845
1.15845
1.15845
1.15845
1.15845
1.15845
1.15845
1.15845
1.15845
1.15845
1.15845
1.15845
1.15845
1.15845
1.15845
1.15845
1.15845
1.15845
1.15845
1.15845
1.15845
1.15845
1.15845
1.15845
1.15845
1.15845
1.15845
1.15845
1.15845
1.15845
1.15845
1.15845
1.15845
1.15845
1.15845
1.15845
1.15845
1.15845
1.15845
1.15845
)
;

boundaryField
{
    inletTop
    {
        type            calculated;
        value           nonuniform List<scalar> 4(1.13937 1.13938 1.13939 1.13939);
    }
    inletBottom
    {
        type            calculated;
        value           nonuniform List<scalar> 4(1.1586 1.15861 1.15861 1.15862);
    }
    outletTop
    {
        type            calculated;
        value           nonuniform List<scalar> 4(1.15847 1.15846 1.15846 1.15845);
    }
    walls
    {
        type            calculated;
        value           nonuniform List<scalar> 
464
(
1.16756
1.15656
1.15882
1.15831
1.15849
1.15849
1.15849
1.1585
1.1585
1.15851
1.15851
1.15852
1.15852
1.15853
1.15853
1.15853
1.15854
1.15854
1.15855
1.15855
1.15856
1.15856
1.15856
1.15857
1.15857
1.15858
1.15858
1.15859
1.15859
1.1586
1.1586
1.1586
1.15845
1.15845
1.15845
1.15845
1.15845
1.15845
1.15845
1.15845
1.15845
1.15845
1.15845
1.15845
1.15845
1.15845
1.15845
1.15845
1.15845
1.15845
1.15845
1.15845
1.15845
1.15845
1.15845
1.15845
1.15845
1.15845
1.15845
1.15845
1.15845
1.15845
1.15845
1.15845
1.15845
1.15845
1.15845
1.15845
1.15845
1.15845
1.15845
1.15845
1.15845
1.15845
1.15845
1.15845
1.15845
1.15845
1.15845
1.15845
1.15845
1.15845
1.15845
1.15845
1.15845
1.15845
1.15845
1.15845
1.15845
1.15845
1.15845
1.15845
1.15845
1.15845
1.15845
1.15845
1.15845
1.15845
1.15845
1.15845
1.15845
1.15845
1.15845
1.15845
1.15845
1.15845
1.15845
1.15845
1.15845
1.15845
1.15845
1.15845
1.15845
1.15845
1.15845
1.15845
1.15845
1.15845
1.15845
1.15845
1.15845
1.15845
1.15845
1.15845
1.15845
1.15845
1.15845
1.15845
1.15845
1.15845
1.15845
1.15845
1.15845
1.15845
1.15845
1.15845
1.15845
1.15845
1.15845
1.15845
1.15845
1.15845
1.15845
1.15845
1.15845
1.15845
1.15845
1.15845
1.15845
1.15845
1.15845
1.15845
1.15845
1.15845
1.15845
1.15845
1.15845
1.15845
1.15845
1.15845
1.15845
1.15845
1.15845
1.15845
1.15845
1.15845
1.15845
1.15845
1.15845
1.15845
1.15845
1.15845
1.15845
1.15845
1.15845
1.15845
1.15845
1.15845
1.15845
1.15845
1.15845
1.15845
1.15845
1.15845
1.15845
1.15845
1.15845
1.15845
1.15845
1.15845
1.15845
1.15845
1.15845
1.15845
1.15845
1.15845
1.15845
1.15845
1.15845
1.15845
1.15842
1.15828
1.15756
1.15531
1.15076
1.14492
1.14015
1.13795
1.13795
1.1388
1.13947
1.13969
1.13966
1.13962
1.13966
1.13971
1.1397
1.13966
1.1396
1.13955
1.13951
1.13948
1.13946
1.13945
1.13943
1.13941
1.13939
1.13937
1.13936
1.13936
1.13938
1.13937
1.15862
1.15862
1.15862
1.15862
1.15862
1.15862
1.15862
1.15862
1.15862
1.15862
1.15863
1.15863
1.15863
1.15862
1.15862
1.15862
1.15862
1.15862
1.15862
1.15862
1.15862
1.15862
1.15862
1.15862
1.15862
1.15862
1.15862
1.15862
1.15862
1.15862
1.15862
1.15862
1.15862
1.15862
1.15862
1.15862
1.15862
1.15862
1.15862
1.15862
1.15862
1.15862
1.15862
1.15862
1.15862
1.15862
1.15862
1.15862
1.15862
1.15862
1.15862
1.15862
1.15862
1.15862
1.15862
1.15862
1.15862
1.15862
1.15862
1.15862
1.15862
1.15862
1.15862
1.15862
1.15862
1.15862
1.15862
1.15862
1.15862
1.15862
1.15862
1.15862
1.15862
1.15862
1.15862
1.15862
1.15862
1.15862
1.15862
1.15862
1.15862
1.15862
1.15862
1.15862
1.15862
1.15862
1.15862
1.15862
1.15862
1.15862
1.15862
1.15862
1.15862
1.15862
1.15862
1.15862
1.15862
1.15862
1.15862
1.15862
1.15862
1.15862
1.15862
1.15862
1.15862
1.15862
1.15862
1.15862
1.15862
1.15862
1.15862
1.15862
1.15862
1.15862
1.15862
1.15862
1.15862
1.15862
1.15862
1.15862
1.15862
1.15862
1.15862
1.15862
1.15862
1.15862
1.15862
1.15862
1.15862
1.15862
1.15862
1.15862
1.15862
1.15862
1.15862
1.15862
1.15862
1.15862
1.15862
1.15862
1.15862
1.15862
1.15862
1.15862
1.15862
1.15862
1.15862
1.15862
1.15862
1.15862
1.15862
1.15862
1.15862
1.15862
1.15862
1.15862
1.15862
1.15862
1.15862
1.15862
1.15862
1.15862
1.15862
1.15862
1.15862
1.15862
1.15862
1.15862
1.15862
1.15862
1.15862
1.15862
1.15862
1.15862
1.15862
1.15862
1.15862
1.15862
1.15862
1.15862
1.15862
1.15862
1.15862
1.15862
1.15862
1.15862
1.15862
1.15862
1.15862
1.15862
1.15862
1.15863
1.15862
1.15863
1.15862
1.15863
1.15862
1.15862
1.15862
1.15862
1.15861
1.1586
1.1586
1.15859
1.15859
1.15858
1.15858
1.15858
1.15857
1.15857
1.15856
1.15856
1.15855
1.15855
1.15854
1.15854
1.15854
1.15853
1.15853
1.15852
1.15852
1.15851
1.15851
1.15851
1.1585
1.1585
1.15849
1.15849
1.15848
1.15848
1.15847
1.15847
)
;
    }
    front
    {
        type            empty;
    }
    back
    {
        type            empty;
    }
    outletBottom
    {
        type            calculated;
        value           nonuniform List<scalar> 4(1.15862 1.15862 1.15862 1.15861);
    }
}


// ************************************************************************* //
