/*--------------------------------*- C++ -*----------------------------------*\
  =========                 |
  \\      /  F ield         | OpenFOAM: The Open Source CFD Toolbox
   \\    /   O peration     | Website:  https://openfoam.org
    \\  /    A nd           | Version:  dev
     \\/     M anipulation  |
\*---------------------------------------------------------------------------*/
FoamFile
{
    version     2.0;
    format      ascii;
    class       volScalarField;
    location    "10";
    object      thermo:pSatH2O;
}
// * * * * * * * * * * * * * * * * * * * * * * * * * * * * * * * * * * * * * //

dimensions      [1 -1 -2 0 0 0 0];

internalField   nonuniform List<scalar> 
8000
(
3525.68
3525.68
3525.69
3525.68
3525.69
3525.69
3525.69
3525.67
3525.68
3525.69
3525.68
3525.64
3525.67
3525.66
3525.68
3525.62
3525.7
3525.67
3525.7
3525.65
3525.67
3525.68
3525.65
3525.72
3525.65
3525.63
3525.56
3525.78
3525.68
3525.62
3525.52
3525.73
3525.68
3525.67
3525.52
3525.58
3525.6
3525.68
3525.48
3525.43
3525.54
3525.62
3525.43
3525.34
3525.54
3525.56
3525.41
3525.31
3525.57
3525.53
3525.4
3525.3
3525.6
3525.53
3525.41
3525.3
3525.62
3525.52
3525.41
3525.29
3525.62
3525.52
3525.4
3525.29
3525.62
3525.52
3525.4
3525.28
3525.62
3525.52
3525.4
3525.28
3525.62
3525.52
3525.4
3525.28
3525.62
3525.51
3525.4
3525.28
3525.62
3525.51
3525.39
3525.27
3525.62
3525.51
3525.39
3525.27
3525.62
3525.51
3525.39
3525.27
3525.62
3525.51
3525.39
3525.27
3525.62
3525.51
3525.39
3525.27
3525.62
3525.51
3525.39
3525.27
3525.62
3525.51
3525.39
3525.27
3525.62
3525.51
3525.39
3525.27
3525.62
3525.51
3525.39
3525.27
3525.62
3525.51
3525.39
3525.27
3525.62
3525.51
3525.39
3525.27
3525.62
3525.51
3525.39
3525.27
3525.62
3525.51
3525.39
3525.27
3525.62
3525.51
3525.39
3525.27
3525.62
3525.51
3525.39
3525.27
3525.62
3525.51
3525.39
3525.27
3525.62
3525.51
3525.39
3525.27
3525.62
3525.51
3525.39
3525.27
3525.62
3525.51
3525.39
3525.27
3525.62
3525.51
3525.39
3525.27
3525.62
3525.51
3525.39
3525.27
3525.62
3525.51
3525.39
3525.27
3525.62
3525.51
3525.39
3525.27
3525.62
3525.51
3525.39
3525.27
3525.62
3525.51
3525.39
3525.27
3525.62
3525.51
3525.39
3525.26
3525.62
3525.51
3525.39
3525.26
3525.62
3525.51
3525.39
3525.26
3525.62
3525.51
3525.39
3525.26
3525.62
3525.51
3525.39
3525.26
3525.62
3525.51
3525.39
3525.26
3525.62
3525.51
3525.39
3525.26
3525.62
3525.51
3525.39
3525.26
3525.62
3525.51
3525.39
3525.26
3525.62
3525.51
3525.39
3525.26
3525.62
3525.51
3525.39
3525.26
3525.62
3525.51
3525.39
3525.26
3525.62
3525.51
3525.39
3525.26
3525.62
3525.51
3525.39
3525.26
3525.62
3525.51
3525.39
3525.26
3525.62
3525.51
3525.39
3525.26
3525.62
3525.51
3525.39
3525.26
3525.62
3525.51
3525.39
3525.26
3525.62
3525.51
3525.39
3525.26
3525.62
3525.51
3525.39
3525.26
3525.62
3525.51
3525.39
3525.26
3525.62
3525.51
3525.38
3525.26
3525.62
3525.51
3525.38
3525.26
3525.62
3525.51
3525.38
3525.26
3525.62
3525.51
3525.38
3525.26
3525.62
3525.51
3525.38
3525.26
3525.62
3525.51
3525.38
3525.26
3525.62
3525.51
3525.38
3525.26
3525.62
3525.51
3525.38
3525.26
3525.62
3525.51
3525.38
3525.26
3525.62
3525.51
3525.38
3525.26
3525.62
3525.51
3525.38
3525.26
3525.62
3525.51
3525.38
3525.26
3525.62
3525.51
3525.38
3525.26
3525.62
3525.51
3525.38
3525.26
3525.62
3525.51
3525.38
3525.26
3525.62
3525.51
3525.38
3525.26
3525.62
3525.51
3525.38
3525.26
3525.62
3525.51
3525.38
3525.26
3525.62
3525.51
3525.38
3525.26
3525.62
3525.51
3525.38
3525.26
3525.62
3525.51
3525.38
3525.26
3525.62
3525.51
3525.38
3525.26
3525.62
3525.51
3525.38
3525.26
3525.62
3525.51
3525.38
3525.26
3525.62
3525.51
3525.38
3525.26
3525.62
3525.51
3525.38
3525.26
3525.62
3525.51
3525.38
3525.26
3525.62
3525.51
3525.38
3525.26
3525.62
3525.51
3525.38
3525.26
3525.62
3525.51
3525.38
3525.26
3525.62
3525.51
3525.38
3525.26
3525.62
3525.51
3525.38
3525.26
3525.62
3525.51
3525.38
3525.26
3525.62
3525.51
3525.38
3525.26
3525.62
3525.51
3525.38
3525.26
3525.62
3525.51
3525.38
3525.26
3525.62
3525.51
3525.38
3525.26
3525.62
3525.51
3525.38
3525.26
3525.62
3525.51
3525.38
3525.26
3525.62
3525.51
3525.38
3525.26
3525.62
3525.51
3525.38
3525.26
3525.62
3525.51
3525.38
3525.26
3525.62
3525.51
3525.38
3525.26
3525.62
3525.51
3525.38
3525.26
3525.62
3525.51
3525.38
3525.26
3525.62
3525.51
3525.38
3525.26
3525.62
3525.51
3525.38
3525.26
3525.62
3525.51
3525.38
3525.26
3525.62
3525.51
3525.38
3525.26
3525.62
3525.51
3525.38
3525.26
3525.62
3525.51
3525.38
3525.26
3525.62
3525.51
3525.38
3525.26
3525.62
3525.51
3525.38
3525.26
3525.62
3525.51
3525.38
3525.26
3525.62
3525.51
3525.38
3525.26
3525.62
3525.51
3525.39
3525.26
3525.62
3525.51
3525.39
3525.26
3525.62
3525.51
3525.39
3525.26
3525.62
3525.51
3525.39
3525.26
3525.62
3525.51
3525.39
3525.26
3525.62
3525.51
3525.39
3525.26
3525.62
3525.51
3525.39
3525.26
3525.62
3525.51
3525.39
3525.26
3525.62
3525.51
3525.39
3525.26
3525.62
3525.51
3525.39
3525.26
3525.62
3525.51
3525.39
3525.26
3525.62
3525.51
3525.39
3525.26
3525.62
3525.51
3525.39
3525.26
3525.62
3525.51
3525.39
3525.26
3525.62
3525.51
3525.39
3525.26
3525.62
3525.51
3525.39
3525.26
3525.62
3525.51
3525.39
3525.26
3525.62
3525.51
3525.39
3525.26
3525.62
3525.51
3525.39
3525.26
3525.62
3525.51
3525.39
3525.26
3525.62
3525.51
3525.39
3525.26
3525.62
3525.51
3525.39
3525.26
3525.62
3525.51
3525.39
3525.26
3525.62
3525.51
3525.39
3525.26
3525.62
3525.51
3525.39
3525.26
3525.62
3525.51
3525.39
3525.26
3525.62
3525.51
3525.39
3525.26
3525.62
3525.51
3525.39
3525.26
3525.62
3525.51
3525.39
3525.26
3525.62
3525.51
3525.39
3525.26
3525.62
3525.51
3525.39
3525.26
3525.62
3525.51
3525.39
3525.26
3525.62
3525.51
3525.39
3525.26
3525.62
3525.51
3525.39
3525.26
3525.62
3525.51
3525.39
3525.26
3525.62
3525.51
3525.39
3525.26
3525.62
3525.51
3525.39
3525.26
3525.62
3525.51
3525.39
3525.26
3525.62
3525.51
3525.39
3525.26
3525.62
3525.51
3525.39
3525.26
3525.62
3525.51
3525.39
3525.26
3525.62
3525.51
3525.39
3525.26
3525.62
3525.51
3525.39
3525.26
3525.62
3525.51
3525.38
3525.26
3525.62
3525.51
3525.38
3525.26
3525.62
3525.51
3525.38
3525.26
3525.62
3525.51
3525.38
3525.26
3525.62
3525.51
3525.38
3525.26
3525.62
3525.51
3525.38
3525.26
3525.62
3525.51
3525.38
3525.26
3525.62
3525.51
3525.38
3525.26
3525.62
3525.51
3525.38
3525.26
3525.62
3525.51
3525.38
3525.26
3525.62
3525.51
3525.38
3525.26
3525.62
3525.51
3525.38
3525.26
3525.62
3525.51
3525.38
3525.26
3525.62
3525.5
3525.38
3525.26
3525.62
3525.5
3525.38
3525.26
3525.62
3525.5
3525.38
3525.25
3525.62
3525.5
3525.38
3525.25
3525.62
3525.5
3525.38
3525.25
3525.62
3525.5
3525.38
3525.25
3525.62
3525.5
3525.38
3525.25
3525.62
3525.5
3525.37
3525.25
3525.61
3525.5
3525.37
3525.24
3525.62
3525.5
3525.37
3525.24
3525.6
3525.49
3525.37
3525.24
3525.64
3525.5
3525.36
3525.24
3525.58
3525.48
3525.37
3525.22
3525.65
3525.5
3525.34
3525.23
3525.58
3525.47
3525.37
3525.21
3525.65
3525.5
3525.33
3525.22
3525.57
3525.46
3525.36
3525.19
3525.64
3525.5
3525.31
3525.19
3525.58
3525.43
3525.33
3525.17
3525.63
3525.49
3525.29
3525.15
3525.58
3525.4
3525.27
3525.14
3525.61
3525.46
3525.26
3525.08
3525.57
3525.37
3525.18
3525.04
3525.1
3525.06
3525.1
3525.17
3525.24
3525.33
3525.42
3525.47
3525.47
3525.39
3525.29
3525.23
3525.2
3525.19
3525.18
3525.17
3525.17
3525.16
3525.16
3525.16
3525.15
3525.15
3525.15
3525.15
3525.15
3525.15
3525.15
3525.15
3525.15
3525.15
3525.15
3525.15
3525.15
3525.14
3525.14
3525.14
3525.14
3525.14
3525.14
3525.14
3525.14
3525.14
3525.14
3525.14
3525.14
3525.14
3525.14
3525.14
3525.14
3525.14
3525.14
3525.14
3525.14
3525.14
3525.14
3525.14
3525.14
3525.14
3525.14
3525.14
3525.14
3525.14
3525.14
3525.14
3525.14
3525.14
3525.14
3525.14
3525.14
3525.14
3525.14
3525.14
3525.14
3525.14
3525.14
3525.14
3525.14
3525.14
3525.14
3525.14
3525.14
3525.14
3525.14
3525.14
3525.14
3525.14
3525.14
3525.14
3525.14
3525.14
3525.14
3525.14
3525.14
3525.14
3525.14
3525.14
3525.14
3525.14
3525.14
3525.14
3525.14
3525.14
3525.14
3525.14
3525.14
3525.14
3525.14
3525.14
3525.14
3525.14
3525.14
3525.14
3525.14
3525.14
3525.14
3525.14
3525.14
3525.14
3525.14
3525.14
3525.14
3525.14
3525.14
3525.14
3525.14
3525.14
3525.14
3525.14
3525.14
3525.14
3525.14
3525.14
3525.14
3525.14
3525.14
3525.14
3525.14
3525.14
3525.14
3525.14
3525.14
3525.14
3525.14
3525.14
3525.14
3525.14
3525.14
3525.14
3525.14
3525.14
3525.14
3525.14
3525.14
3525.14
3525.14
3525.14
3525.14
3525.14
3525.14
3525.14
3525.14
3525.14
3525.14
3525.14
3525.14
3525.14
3525.14
3525.14
3525.14
3525.14
3525.14
3525.14
3525.14
3525.14
3525.13
3525.13
3525.13
3525.13
3525.13
3525.13
3525.13
3525.13
3525.12
3525.12
3525.12
3525.12
3525.11
3525.11
3525.1
3525.1
3525.09
3525.09
3525.07
3525.07
3525.06
3525.03
3525.02
3524.98
3524.96
3524.94
3525.09
3525.09
3525.14
3525.21
3525.21
3525.23
3525.34
3525.49
3525.5
3525.35
3525.2
3525.12
3525.08
3525.07
3525.06
3525.05
3525.05
3525.04
3525.04
3525.04
3525.03
3525.03
3525.03
3525.03
3525.03
3525.03
3525.03
3525.03
3525.03
3525.02
3525.02
3525.02
3525.02
3525.02
3525.02
3525.02
3525.02
3525.02
3525.02
3525.02
3525.02
3525.02
3525.02
3525.02
3525.02
3525.02
3525.02
3525.02
3525.02
3525.02
3525.02
3525.02
3525.02
3525.02
3525.02
3525.02
3525.02
3525.02
3525.02
3525.02
3525.02
3525.02
3525.02
3525.02
3525.02
3525.02
3525.02
3525.02
3525.02
3525.02
3525.02
3525.02
3525.02
3525.02
3525.02
3525.02
3525.02
3525.02
3525.02
3525.02
3525.02
3525.02
3525.02
3525.02
3525.02
3525.02
3525.02
3525.02
3525.02
3525.02
3525.02
3525.02
3525.02
3525.02
3525.02
3525.02
3525.02
3525.02
3525.02
3525.02
3525.02
3525.02
3525.02
3525.02
3525.02
3525.02
3525.02
3525.02
3525.02
3525.02
3525.02
3525.02
3525.02
3525.02
3525.02
3525.02
3525.02
3525.02
3525.02
3525.02
3525.02
3525.02
3525.02
3525.02
3525.02
3525.02
3525.02
3525.02
3525.02
3525.02
3525.02
3525.02
3525.02
3525.02
3525.02
3525.02
3525.02
3525.02
3525.02
3525.02
3525.02
3525.02
3525.02
3525.02
3525.02
3525.02
3525.02
3525.02
3525.02
3525.02
3525.02
3525.02
3525.02
3525.02
3525.02
3525.02
3525.02
3525.02
3525.02
3525.02
3525.02
3525.02
3525.02
3525.02
3525.02
3525.02
3525.02
3525.02
3525.02
3525.01
3525.01
3525.01
3525.01
3525.01
3525.01
3525.01
3525.01
3525.01
3525.01
3525.01
3525
3525
3525
3525
3524.99
3524.99
3524.99
3524.98
3524.98
3524.97
3524.96
3524.96
3524.94
3524.94
3524.92
3524.91
3524.88
3524.87
3524.84
3524.83
3524.87
3524.95
3525.02
3525.17
3525.28
3525.36
3525.45
3525.47
3525.34
3525.16
3525.04
3524.98
3524.96
3524.95
3524.94
3524.93
3524.93
3524.92
3524.92
3524.92
3524.91
3524.91
3524.91
3524.91
3524.91
3524.91
3524.9
3524.9
3524.9
3524.9
3524.9
3524.9
3524.9
3524.9
3524.9
3524.9
3524.9
3524.9
3524.9
3524.9
3524.9
3524.9
3524.9
3524.9
3524.9
3524.9
3524.9
3524.9
3524.9
3524.9
3524.9
3524.9
3524.9
3524.9
3524.9
3524.9
3524.9
3524.9
3524.9
3524.9
3524.9
3524.9
3524.9
3524.9
3524.9
3524.9
3524.9
3524.9
3524.9
3524.9
3524.9
3524.9
3524.9
3524.9
3524.9
3524.9
3524.9
3524.9
3524.9
3524.9
3524.9
3524.9
3524.9
3524.9
3524.9
3524.9
3524.9
3524.9
3524.9
3524.9
3524.9
3524.9
3524.9
3524.9
3524.9
3524.9
3524.9
3524.9
3524.9
3524.9
3524.9
3524.9
3524.9
3524.9
3524.9
3524.9
3524.9
3524.9
3524.9
3524.9
3524.9
3524.9
3524.9
3524.9
3524.9
3524.9
3524.9
3524.9
3524.9
3524.9
3524.9
3524.9
3524.9
3524.9
3524.9
3524.9
3524.9
3524.9
3524.9
3524.9
3524.9
3524.9
3524.9
3524.9
3524.9
3524.9
3524.9
3524.9
3524.9
3524.9
3524.9
3524.9
3524.9
3524.9
3524.9
3524.9
3524.9
3524.9
3524.9
3524.9
3524.9
3524.9
3524.9
3524.9
3524.9
3524.9
3524.9
3524.9
3524.9
3524.9
3524.9
3524.9
3524.89
3524.89
3524.89
3524.89
3524.89
3524.89
3524.89
3524.89
3524.89
3524.89
3524.89
3524.89
3524.89
3524.89
3524.89
3524.88
3524.88
3524.88
3524.88
3524.88
3524.87
3524.87
3524.87
3524.87
3524.86
3524.86
3524.85
3524.84
3524.84
3524.83
3524.82
3524.8
3524.8
3524.77
3524.77
3524.74
3524.72
3524.72
3524.82
3524.85
3524.88
3524.98
3525.12
3525.21
3525.23
3525.17
3525.04
3524.93
3524.88
3524.85
3524.84
3524.83
3524.82
3524.81
3524.81
3524.8
3524.8
3524.79
3524.79
3524.79
3524.79
3524.79
3524.78
3524.78
3524.78
3524.78
3524.78
3524.78
3524.78
3524.78
3524.78
3524.78
3524.78
3524.78
3524.78
3524.78
3524.78
3524.78
3524.78
3524.78
3524.78
3524.78
3524.78
3524.78
3524.78
3524.78
3524.78
3524.78
3524.78
3524.78
3524.78
3524.78
3524.78
3524.78
3524.78
3524.78
3524.78
3524.78
3524.78
3524.78
3524.78
3524.77
3524.77
3524.77
3524.77
3524.77
3524.77
3524.77
3524.77
3524.77
3524.77
3524.77
3524.77
3524.77
3524.77
3524.77
3524.77
3524.77
3524.77
3524.77
3524.77
3524.77
3524.77
3524.77
3524.77
3524.77
3524.77
3524.77
3524.77
3524.77
3524.77
3524.77
3524.77
3524.77
3524.77
3524.77
3524.77
3524.77
3524.77
3524.77
3524.77
3524.77
3524.77
3524.77
3524.77
3524.77
3524.77
3524.77
3524.77
3524.77
3524.77
3524.77
3524.77
3524.77
3524.77
3524.77
3524.77
3524.77
3524.77
3524.77
3524.77
3524.77
3524.78
3524.78
3524.78
3524.78
3524.78
3524.78
3524.78
3524.78
3524.78
3524.78
3524.78
3524.78
3524.78
3524.78
3524.78
3524.78
3524.78
3524.78
3524.78
3524.78
3524.78
3524.78
3524.78
3524.78
3524.77
3524.77
3524.77
3524.77
3524.77
3524.77
3524.77
3524.77
3524.77
3524.77
3524.77
3524.77
3524.77
3524.77
3524.77
3524.77
3524.77
3524.77
3524.77
3524.77
3524.77
3524.77
3524.77
3524.77
3524.77
3524.77
3524.76
3524.76
3524.76
3524.76
3524.76
3524.76
3524.76
3524.75
3524.75
3524.75
3524.74
3524.74
3524.74
3524.73
3524.72
3524.72
3524.71
3524.7
3524.69
3524.69
3524.66
3524.66
3524.64
3524.63
3524.62
3524.61
3524.68
3524.71
3524.75
3524.79
3524.86
3524.91
3524.91
3524.86
3524.8
3524.76
3524.74
3524.72
3524.71
3524.7
3524.7
3524.69
3524.68
3524.68
3524.68
3524.67
3524.67
3524.67
3524.67
3524.66
3524.66
3524.66
3524.66
3524.66
3524.66
3524.66
3524.66
3524.66
3524.66
3524.66
3524.66
3524.66
3524.66
3524.66
3524.66
3524.66
3524.65
3524.65
3524.65
3524.65
3524.65
3524.65
3524.65
3524.65
3524.65
3524.65
3524.65
3524.65
3524.65
3524.65
3524.65
3524.65
3524.65
3524.65
3524.65
3524.65
3524.65
3524.65
3524.65
3524.65
3524.65
3524.65
3524.65
3524.65
3524.65
3524.65
3524.65
3524.65
3524.65
3524.65
3524.65
3524.65
3524.65
3524.65
3524.65
3524.65
3524.65
3524.65
3524.65
3524.65
3524.65
3524.65
3524.65
3524.65
3524.65
3524.65
3524.65
3524.65
3524.65
3524.65
3524.65
3524.65
3524.65
3524.65
3524.65
3524.65
3524.65
3524.65
3524.65
3524.65
3524.65
3524.65
3524.65
3524.65
3524.65
3524.65
3524.65
3524.65
3524.65
3524.65
3524.65
3524.65
3524.65
3524.65
3524.65
3524.65
3524.65
3524.65
3524.65
3524.65
3524.65
3524.65
3524.65
3524.65
3524.65
3524.65
3524.65
3524.65
3524.65
3524.65
3524.65
3524.65
3524.65
3524.65
3524.65
3524.65
3524.65
3524.65
3524.65
3524.65
3524.65
3524.65
3524.65
3524.65
3524.65
3524.65
3524.65
3524.65
3524.65
3524.65
3524.65
3524.65
3524.65
3524.65
3524.65
3524.65
3524.65
3524.65
3524.65
3524.65
3524.65
3524.65
3524.65
3524.65
3524.65
3524.65
3524.65
3524.64
3524.64
3524.64
3524.64
3524.64
3524.64
3524.64
3524.64
3524.63
3524.63
3524.63
3524.63
3524.62
3524.62
3524.62
3524.61
3524.61
3524.6
3524.59
3524.59
3524.58
3524.57
3524.55
3524.55
3524.53
3524.52
3524.51
3524.5
3524.5
3524.56
3524.58
3524.6
3524.63
3524.66
3524.68
3524.67
3524.66
3524.63
3524.62
3524.6
3524.59
3524.59
3524.58
3524.57
3524.57
3524.56
3524.56
3524.55
3524.55
3524.55
3524.55
3524.54
3524.54
3524.54
3524.54
3524.54
3524.54
3524.54
3524.54
3524.54
3524.54
3524.53
3524.53
3524.53
3524.53
3524.53
3524.53
3524.53
3524.53
3524.53
3524.53
3524.53
3524.53
3524.53
3524.53
3524.53
3524.53
3524.53
3524.53
3524.53
3524.53
3524.53
3524.53
3524.53
3524.53
3524.53
3524.53
3524.53
3524.53
3524.53
3524.53
3524.53
3524.53
3524.53
3524.53
3524.53
3524.53
3524.53
3524.53
3524.53
3524.53
3524.53
3524.53
3524.53
3524.53
3524.53
3524.53
3524.53
3524.53
3524.53
3524.53
3524.53
3524.53
3524.53
3524.53
3524.53
3524.53
3524.53
3524.53
3524.53
3524.53
3524.53
3524.53
3524.53
3524.53
3524.53
3524.53
3524.53
3524.53
3524.53
3524.53
3524.53
3524.53
3524.53
3524.53
3524.53
3524.53
3524.53
3524.53
3524.53
3524.53
3524.53
3524.53
3524.53
3524.53
3524.53
3524.53
3524.53
3524.53
3524.53
3524.53
3524.53
3524.53
3524.53
3524.53
3524.53
3524.53
3524.53
3524.53
3524.53
3524.53
3524.53
3524.53
3524.53
3524.53
3524.53
3524.53
3524.53
3524.53
3524.53
3524.53
3524.53
3524.53
3524.53
3524.53
3524.53
3524.53
3524.53
3524.53
3524.53
3524.53
3524.53
3524.53
3524.53
3524.53
3524.53
3524.53
3524.53
3524.53
3524.53
3524.53
3524.53
3524.53
3524.53
3524.53
3524.53
3524.53
3524.52
3524.52
3524.52
3524.52
3524.52
3524.52
3524.52
3524.52
3524.52
3524.51
3524.51
3524.51
3524.51
3524.5
3524.5
3524.5
3524.5
3524.49
3524.49
3524.48
3524.48
3524.47
3524.46
3524.46
3524.44
3524.44
3524.42
3524.42
3524.41
3524.4
3524.39
3524.39
3524.45
3524.46
3524.47
3524.49
3524.5
3524.51
3524.51
3524.5
3524.49
3524.48
3524.47
3524.47
3524.46
3524.45
3524.45
3524.44
3524.44
3524.43
3524.43
3524.43
3524.43
3524.42
3524.42
3524.42
3524.42
3524.42
3524.42
3524.42
3524.41
3524.41
3524.41
3524.41
3524.41
3524.41
3524.41
3524.41
3524.41
3524.41
3524.41
3524.41
3524.41
3524.41
3524.41
3524.41
3524.41
3524.41
3524.41
3524.41
3524.41
3524.41
3524.41
3524.41
3524.41
3524.41
3524.41
3524.41
3524.41
3524.41
3524.41
3524.41
3524.41
3524.41
3524.41
3524.41
3524.41
3524.41
3524.41
3524.41
3524.41
3524.41
3524.41
3524.41
3524.41
3524.41
3524.41
3524.41
3524.41
3524.41
3524.41
3524.41
3524.41
3524.41
3524.41
3524.41
3524.41
3524.41
3524.41
3524.41
3524.41
3524.41
3524.41
3524.41
3524.41
3524.41
3524.41
3524.41
3524.41
3524.41
3524.41
3524.41
3524.41
3524.41
3524.41
3524.41
3524.41
3524.41
3524.41
3524.41
3524.41
3524.41
3524.41
3524.41
3524.41
3524.41
3524.41
3524.41
3524.41
3524.41
3524.41
3524.41
3524.41
3524.41
3524.41
3524.41
3524.41
3524.41
3524.41
3524.41
3524.41
3524.41
3524.41
3524.41
3524.41
3524.41
3524.41
3524.41
3524.41
3524.41
3524.41
3524.41
3524.41
3524.41
3524.41
3524.41
3524.41
3524.41
3524.41
3524.41
3524.41
3524.41
3524.41
3524.41
3524.41
3524.41
3524.41
3524.41
3524.41
3524.41
3524.41
3524.41
3524.41
3524.41
3524.41
3524.4
3524.4
3524.4
3524.4
3524.4
3524.4
3524.4
3524.4
3524.4
3524.4
3524.4
3524.4
3524.39
3524.39
3524.39
3524.39
3524.39
3524.38
3524.38
3524.38
3524.38
3524.37
3524.37
3524.36
3524.36
3524.35
3524.35
3524.34
3524.33
3524.33
3524.31
3524.31
3524.3
3524.29
3524.29
3524.27
3524.28
3524.32
3524.33
3524.34
3524.35
3524.36
3524.36
3524.36
3524.36
3524.36
3524.35
3524.34
3524.34
3524.33
3524.33
3524.32
3524.32
3524.31
3524.31
3524.31
3524.31
3524.3
3524.3
3524.3
3524.3
3524.3
3524.29
3524.29
3524.29
3524.29
3524.29
3524.29
3524.29
3524.29
3524.29
3524.29
3524.29
3524.29
3524.29
3524.29
3524.29
3524.29
3524.29
3524.29
3524.29
3524.29
3524.29
3524.29
3524.29
3524.29
3524.29
3524.29
3524.29
3524.29
3524.29
3524.29
3524.29
3524.29
3524.29
3524.29
3524.29
3524.29
3524.29
3524.29
3524.29
3524.29
3524.29
3524.29
3524.29
3524.29
3524.29
3524.29
3524.29
3524.29
3524.29
3524.29
3524.29
3524.29
3524.29
3524.29
3524.29
3524.29
3524.29
3524.29
3524.29
3524.29
3524.29
3524.29
3524.29
3524.29
3524.29
3524.29
3524.29
3524.29
3524.29
3524.29
3524.29
3524.29
3524.29
3524.29
3524.29
3524.29
3524.29
3524.29
3524.29
3524.29
3524.29
3524.29
3524.29
3524.29
3524.29
3524.29
3524.29
3524.29
3524.29
3524.29
3524.29
3524.29
3524.29
3524.29
3524.29
3524.29
3524.29
3524.29
3524.29
3524.29
3524.29
3524.29
3524.29
3524.29
3524.29
3524.29
3524.29
3524.29
3524.29
3524.29
3524.29
3524.29
3524.29
3524.29
3524.29
3524.29
3524.29
3524.29
3524.29
3524.29
3524.29
3524.29
3524.29
3524.29
3524.29
3524.29
3524.29
3524.29
3524.29
3524.29
3524.29
3524.28
3524.28
3524.28
3524.28
3524.28
3524.28
3524.28
3524.28
3524.28
3524.28
3524.28
3524.28
3524.28
3524.28
3524.28
3524.28
3524.28
3524.27
3524.27
3524.27
3524.27
3524.27
3524.27
3524.26
3524.26
3524.26
3524.26
3524.25
3524.25
3524.24
3524.24
3524.24
3524.23
3524.22
3524.22
3524.21
3524.2
3524.2
3524.19
3524.18
3524.17
3524.17
3524.17
3524.16
3524.2
3524.21
3524.21
3524.22
3524.22
3524.23
3524.23
3524.23
3524.22
3524.22
3524.22
3524.21
3524.21
3524.2
3524.2
3524.19
3524.19
3524.19
3524.18
3524.18
3524.18
3524.18
3524.18
3524.17
3524.17
3524.17
3524.17
3524.17
3524.17
3524.17
3524.17
3524.17
3524.17
3524.17
3524.17
3524.17
3524.17
3524.17
3524.17
3524.17
3524.17
3524.17
3524.17
3524.17
3524.17
3524.17
3524.17
3524.17
3524.17
3524.17
3524.17
3524.17
3524.17
3524.17
3524.17
3524.17
3524.17
3524.17
3524.16
3524.16
3524.16
3524.16
3524.16
3524.16
3524.16
3524.16
3524.16
3524.16
3524.16
3524.16
3524.16
3524.16
3524.16
3524.16
3524.16
3524.16
3524.16
3524.16
3524.16
3524.16
3524.16
3524.16
3524.16
3524.16
3524.16
3524.16
3524.16
3524.16
3524.16
3524.16
3524.16
3524.16
3524.16
3524.16
3524.16
3524.16
3524.16
3524.16
3524.16
3524.16
3524.16
3524.16
3524.16
3524.16
3524.16
3524.16
3524.16
3524.16
3524.16
3524.16
3524.16
3524.16
3524.16
3524.16
3524.16
3524.16
3524.16
3524.16
3524.16
3524.16
3524.16
3524.16
3524.16
3524.16
3524.16
3524.16
3524.16
3524.16
3524.16
3524.16
3524.16
3524.16
3524.16
3524.16
3524.16
3524.16
3524.16
3524.16
3524.16
3524.16
3524.16
3524.16
3524.16
3524.16
3524.16
3524.16
3524.16
3524.16
3524.16
3524.16
3524.16
3524.16
3524.16
3524.16
3524.16
3524.16
3524.16
3524.16
3524.16
3524.16
3524.16
3524.16
3524.16
3524.16
3524.16
3524.16
3524.16
3524.16
3524.16
3524.16
3524.15
3524.15
3524.15
3524.15
3524.15
3524.15
3524.15
3524.14
3524.14
3524.14
3524.14
3524.14
3524.13
3524.13
3524.13
3524.12
3524.12
3524.11
3524.11
3524.1
3524.1
3524.09
3524.08
3524.08
3524.07
3524.06
3524.06
3524.05
3524.05
3524.05
3524.08
3524.08
3524.09
3524.09
3524.09
3524.1
3524.1
3524.1
3524.09
3524.09
3524.09
3524.08
3524.08
3524.08
3524.07
3524.07
3524.07
3524.06
3524.06
3524.06
3524.06
3524.05
3524.05
3524.05
3524.05
3524.05
3524.05
3524.05
3524.05
3524.05
3524.05
3524.05
3524.05
3524.04
3524.04
3524.04
3524.04
3524.04
3524.04
3524.04
3524.04
3524.04
3524.04
3524.04
3524.04
3524.04
3524.04
3524.04
3524.04
3524.04
3524.04
3524.04
3524.04
3524.04
3524.04
3524.04
3524.04
3524.04
3524.04
3524.04
3524.04
3524.04
3524.04
3524.04
3524.04
3524.04
3524.04
3524.04
3524.04
3524.04
3524.04
3524.04
3524.04
3524.04
3524.04
3524.04
3524.04
3524.04
3524.04
3524.04
3524.04
3524.04
3524.04
3524.04
3524.04
3524.04
3524.04
3524.04
3524.04
3524.04
3524.04
3524.04
3524.04
3524.04
3524.04
3524.04
3524.04
3524.04
3524.04
3524.04
3524.04
3524.04
3524.04
3524.04
3524.04
3524.04
3524.04
3524.04
3524.04
3524.04
3524.04
3524.04
3524.04
3524.04
3524.04
3524.04
3524.04
3524.04
3524.04
3524.04
3524.04
3524.04
3524.04
3524.04
3524.04
3524.04
3524.04
3524.04
3524.04
3524.04
3524.04
3524.04
3524.04
3524.04
3524.04
3524.04
3524.04
3524.04
3524.04
3524.04
3524.04
3524.04
3524.04
3524.04
3524.04
3524.04
3524.04
3524.04
3524.04
3524.04
3524.04
3524.04
3524.04
3524.04
3524.04
3524.04
3524.04
3524.04
3524.04
3524.04
3524.04
3524.04
3524.04
3524.04
3524.04
3524.04
3524.04
3524.04
3524.03
3524.03
3524.03
3524.03
3524.03
3524.03
3524.03
3524.03
3524.02
3524.02
3524.02
3524.02
3524.02
3524.01
3524.01
3524.01
3524
3524
3524
3523.99
3523.99
3523.98
3523.98
3523.97
3523.96
3523.96
3523.95
3523.95
3523.94
3523.94
3523.94
3523.94
3523.96
3523.96
3523.96
3523.96
3523.96
3523.97
3523.97
3523.97
3523.96
3523.96
3523.96
3523.96
3523.95
3523.95
3523.95
3523.94
3523.94
3523.94
3523.94
3523.93
3523.93
3523.93
3523.93
3523.93
3523.93
3523.93
3523.93
3523.92
3523.92
3523.92
3523.92
3523.92
3523.92
3523.92
3523.92
3523.92
3523.92
3523.92
3523.92
3523.92
3523.92
3523.92
3523.92
3523.92
3523.92
3523.92
3523.92
3523.92
3523.92
3523.92
3523.92
3523.92
3523.92
3523.92
3523.92
3523.92
3523.92
3523.92
3523.92
3523.92
3523.92
3523.92
3523.92
3523.92
3523.92
3523.92
3523.92
3523.92
3523.92
3523.92
3523.92
3523.92
3523.92
3523.92
3523.92
3523.92
3523.92
3523.92
3523.92
3523.92
3523.92
3523.92
3523.92
3523.92
3523.92
3523.92
3523.92
3523.92
3523.92
3523.92
3523.92
3523.92
3523.92
3523.92
3523.92
3523.92
3523.92
3523.92
3523.92
3523.92
3523.92
3523.92
3523.92
3523.92
3523.92
3523.92
3523.92
3523.92
3523.92
3523.92
3523.92
3523.92
3523.92
3523.92
3523.92
3523.92
3523.92
3523.92
3523.92
3523.92
3523.92
3523.92
3523.92
3523.92
3523.92
3523.92
3523.92
3523.92
3523.92
3523.92
3523.92
3523.92
3523.92
3523.92
3523.92
3523.92
3523.92
3523.92
3523.92
3523.92
3523.92
3523.92
3523.92
3523.92
3523.92
3523.92
3523.92
3523.92
3523.92
3523.92
3523.92
3523.92
3523.92
3523.92
3523.92
3523.92
3523.92
3523.92
3523.92
3523.92
3523.92
3523.92
3523.92
3523.92
3523.91
3523.91
3523.91
3523.91
3523.91
3523.91
3523.91
3523.91
3523.91
3523.91
3523.91
3523.9
3523.9
3523.9
3523.9
3523.9
3523.89
3523.89
3523.89
3523.88
3523.88
3523.88
3523.87
3523.87
3523.87
3523.86
3523.86
3523.85
3523.85
3523.84
3523.84
3523.83
3523.83
3523.82
3523.82
3523.82
3523.83
3523.83
3523.84
3523.84
3523.84
3523.84
3523.84
3523.84
3523.84
3523.83
3523.83
3523.83
3523.83
3523.82
3523.82
3523.82
3523.82
3523.81
3523.81
3523.81
3523.81
3523.81
3523.81
3523.81
3523.8
3523.8
3523.8
3523.8
3523.8
3523.8
3523.8
3523.8
3523.8
3523.8
3523.8
3523.8
3523.8
3523.8
3523.8
3523.8
3523.8
3523.8
3523.8
3523.8
3523.8
3523.8
3523.8
3523.8
3523.8
3523.8
3523.8
3523.8
3523.8
3523.8
3523.8
3523.8
3523.8
3523.8
3523.8
3523.8
3523.8
3523.8
3523.8
3523.8
3523.8
3523.8
3523.8
3523.8
3523.8
3523.8
3523.8
3523.8
3523.8
3523.8
3523.8
3523.8
3523.8
3523.8
3523.8
3523.8
3523.8
3523.8
3523.8
3523.8
3523.8
3523.8
3523.8
3523.8
3523.8
3523.8
3523.8
3523.8
3523.8
3523.8
3523.8
3523.8
3523.8
3523.8
3523.8
3523.8
3523.8
3523.8
3523.8
3523.8
3523.8
3523.8
3523.8
3523.8
3523.8
3523.8
3523.8
3523.8
3523.8
3523.8
3523.8
3523.8
3523.8
3523.8
3523.8
3523.8
3523.8
3523.8
3523.8
3523.8
3523.8
3523.8
3523.8
3523.8
3523.8
3523.8
3523.8
3523.8
3523.8
3523.8
3523.8
3523.8
3523.8
3523.8
3523.8
3523.8
3523.8
3523.8
3523.8
3523.8
3523.8
3523.8
3523.8
3523.8
3523.8
3523.8
3523.8
3523.8
3523.8
3523.8
3523.8
3523.8
3523.8
3523.8
3523.8
3523.8
3523.79
3523.79
3523.79
3523.79
3523.79
3523.79
3523.79
3523.79
3523.79
3523.79
3523.79
3523.79
3523.79
3523.78
3523.78
3523.78
3523.78
3523.78
3523.78
3523.77
3523.77
3523.77
3523.77
3523.76
3523.76
3523.76
3523.75
3523.75
3523.74
3523.74
3523.74
3523.73
3523.73
3523.72
3523.72
3523.71
3523.71
3523.71
3523.71
3523.71
3523.71
3523.71
3523.71
3523.71
3523.71
3523.71
3523.71
3523.71
3523.71
3523.71
3523.71
3523.7
3523.7
3523.7
3523.7
3523.69
3523.69
3523.69
3523.69
3523.69
3523.69
3523.68
3523.68
3523.68
3523.68
3523.68
3523.68
3523.68
3523.68
3523.68
3523.68
3523.68
3523.68
3523.68
3523.68
3523.68
3523.68
3523.68
3523.68
3523.68
3523.68
3523.68
3523.68
3523.68
3523.68
3523.68
3523.68
3523.68
3523.68
3523.68
3523.68
3523.68
3523.68
3523.68
3523.68
3523.68
3523.68
3523.68
3523.68
3523.68
3523.68
3523.68
3523.68
3523.68
3523.68
3523.68
3523.68
3523.68
3523.68
3523.68
3523.68
3523.68
3523.68
3523.68
3523.68
3523.68
3523.68
3523.68
3523.68
3523.68
3523.68
3523.68
3523.68
3523.68
3523.68
3523.68
3523.68
3523.68
3523.68
3523.68
3523.68
3523.68
3523.68
3523.68
3523.68
3523.68
3523.68
3523.68
3523.68
3523.68
3523.68
3523.68
3523.68
3523.68
3523.68
3523.68
3523.68
3523.68
3523.68
3523.68
3523.68
3523.68
3523.68
3523.68
3523.68
3523.68
3523.68
3523.68
3523.68
3523.68
3523.68
3523.68
3523.68
3523.68
3523.68
3523.68
3523.68
3523.68
3523.68
3523.68
3523.68
3523.68
3523.68
3523.68
3523.68
3523.68
3523.68
3523.68
3523.68
3523.68
3523.68
3523.68
3523.68
3523.68
3523.68
3523.68
3523.68
3523.68
3523.68
3523.68
3523.68
3523.68
3523.68
3523.68
3523.67
3523.67
3523.67
3523.67
3523.67
3523.67
3523.67
3523.67
3523.67
3523.67
3523.67
3523.67
3523.67
3523.67
3523.67
3523.67
3523.67
3523.66
3523.66
3523.66
3523.66
3523.66
3523.66
3523.66
3523.65
3523.65
3523.65
3523.65
3523.64
3523.64
3523.64
3523.64
3523.63
3523.63
3523.62
3523.62
3523.62
3523.61
3523.61
3523.6
3523.6
3523.6
3523.59
3523.59
3523.59
3523.59
3523.58
3523.58
3523.58
3523.58
3523.58
3523.58
3523.58
3523.58
3523.58
3523.58
3523.58
3523.58
3523.58
3523.57
3523.57
3523.57
3523.57
3523.57
3523.56
3523.56
3523.56
3523.56
3523.56
3523.56
3523.56
3523.56
3523.56
3523.56
3523.56
3523.56
3523.55
3523.55
3523.55
3523.55
3523.55
3523.55
3523.55
3523.55
3523.55
3523.55
3523.55
3523.55
3523.55
3523.55
3523.55
3523.55
3523.55
3523.55
3523.55
3523.55
3523.55
3523.55
3523.55
3523.55
3523.55
3523.55
3523.55
3523.55
3523.55
3523.55
3523.55
3523.55
3523.55
3523.55
3523.55
3523.55
3523.55
3523.55
3523.55
3523.55
3523.55
3523.55
3523.55
3523.55
3523.55
3523.55
3523.55
3523.55
3523.55
3523.55
3523.55
3523.55
3523.55
3523.55
3523.55
3523.55
3523.55
3523.55
3523.55
3523.55
3523.55
3523.55
3523.55
3523.55
3523.55
3523.55
3523.55
3523.55
3523.55
3523.55
3523.55
3523.55
3523.55
3523.55
3523.55
3523.55
3523.55
3523.55
3523.55
3523.55
3523.55
3523.55
3523.55
3523.55
3523.55
3523.55
3523.55
3523.55
3523.55
3523.55
3523.55
3523.55
3523.55
3523.55
3523.55
3523.55
3523.55
3523.55
3523.55
3523.55
3523.55
3523.55
3523.55
3523.55
3523.55
3523.55
3523.55
3523.55
3523.55
3523.55
3523.55
3523.55
3523.55
3523.55
3523.55
3523.55
3523.55
3523.55
3523.55
3523.55
3523.55
3523.55
3523.55
3523.55
3523.55
3523.55
3523.55
3523.55
3523.55
3523.55
3523.55
3523.55
3523.55
3523.55
3523.55
3523.55
3523.55
3523.55
3523.55
3523.54
3523.54
3523.54
3523.54
3523.54
3523.54
3523.54
3523.54
3523.53
3523.53
3523.53
3523.53
3523.53
3523.52
3523.52
3523.52
3523.51
3523.51
3523.51
3523.5
3523.5
3523.5
3523.49
3523.49
3523.49
3523.48
3523.48
3523.48
3523.48
3523.47
3523.48
3523.46
3523.46
3523.46
3523.46
3523.46
3523.46
3523.46
3523.46
3523.46
3523.45
3523.45
3523.45
3523.45
3523.45
3523.45
3523.44
3523.44
3523.44
3523.44
3523.44
3523.44
3523.44
3523.43
3523.43
3523.43
3523.43
3523.43
3523.43
3523.43
3523.43
3523.43
3523.43
3523.43
3523.43
3523.43
3523.43
3523.43
3523.43
3523.43
3523.43
3523.43
3523.43
3523.43
3523.43
3523.43
3523.43
3523.43
3523.43
3523.43
3523.43
3523.43
3523.43
3523.43
3523.43
3523.43
3523.43
3523.43
3523.43
3523.43
3523.43
3523.43
3523.43
3523.43
3523.43
3523.43
3523.43
3523.43
3523.43
3523.43
3523.43
3523.43
3523.43
3523.43
3523.43
3523.43
3523.43
3523.43
3523.43
3523.43
3523.43
3523.43
3523.43
3523.43
3523.43
3523.43
3523.43
3523.43
3523.43
3523.43
3523.43
3523.43
3523.43
3523.43
3523.43
3523.43
3523.43
3523.43
3523.43
3523.43
3523.43
3523.43
3523.43
3523.43
3523.43
3523.43
3523.43
3523.43
3523.43
3523.43
3523.43
3523.43
3523.43
3523.43
3523.43
3523.43
3523.43
3523.43
3523.43
3523.43
3523.43
3523.43
3523.43
3523.43
3523.43
3523.43
3523.43
3523.43
3523.43
3523.43
3523.43
3523.43
3523.43
3523.43
3523.43
3523.43
3523.43
3523.43
3523.43
3523.43
3523.43
3523.43
3523.43
3523.43
3523.43
3523.43
3523.43
3523.43
3523.43
3523.43
3523.43
3523.43
3523.43
3523.43
3523.43
3523.43
3523.43
3523.43
3523.43
3523.43
3523.43
3523.43
3523.43
3523.43
3523.43
3523.43
3523.43
3523.43
3523.42
3523.42
3523.42
3523.42
3523.42
3523.42
3523.42
3523.42
3523.42
3523.41
3523.41
3523.41
3523.41
3523.41
3523.4
3523.4
3523.4
3523.4
3523.39
3523.39
3523.39
3523.38
3523.38
3523.38
3523.37
3523.37
3523.37
3523.37
3523.36
3523.36
3523.36
3523.36
3523.36
3523.33
3523.33
3523.33
3523.33
3523.33
3523.33
3523.33
3523.33
3523.33
3523.33
3523.33
3523.33
3523.32
3523.32
3523.32
3523.32
3523.32
3523.32
3523.31
3523.31
3523.31
3523.31
3523.31
3523.31
3523.31
3523.31
3523.31
3523.31
3523.31
3523.31
3523.31
3523.31
3523.31
3523.31
3523.31
3523.31
3523.31
3523.31
3523.31
3523.31
3523.31
3523.31
3523.31
3523.31
3523.31
3523.31
3523.31
3523.31
3523.31
3523.31
3523.31
3523.31
3523.31
3523.31
3523.31
3523.31
3523.31
3523.31
3523.31
3523.31
3523.31
3523.31
3523.31
3523.31
3523.31
3523.31
3523.31
3523.31
3523.31
3523.31
3523.31
3523.31
3523.31
3523.31
3523.31
3523.31
3523.31
3523.31
3523.31
3523.31
3523.31
3523.31
3523.31
3523.31
3523.31
3523.31
3523.31
3523.31
3523.31
3523.31
3523.31
3523.31
3523.31
3523.31
3523.31
3523.31
3523.31
3523.31
3523.31
3523.31
3523.31
3523.31
3523.31
3523.31
3523.31
3523.31
3523.31
3523.31
3523.31
3523.31
3523.31
3523.31
3523.31
3523.31
3523.31
3523.31
3523.31
3523.31
3523.31
3523.31
3523.31
3523.31
3523.31
3523.31
3523.31
3523.31
3523.31
3523.31
3523.31
3523.31
3523.31
3523.31
3523.31
3523.31
3523.31
3523.31
3523.31
3523.31
3523.31
3523.31
3523.31
3523.31
3523.31
3523.31
3523.31
3523.31
3523.31
3523.31
3523.31
3523.31
3523.31
3523.31
3523.31
3523.31
3523.31
3523.31
3523.31
3523.31
3523.31
3523.31
3523.31
3523.31
3523.31
3523.31
3523.3
3523.3
3523.3
3523.3
3523.3
3523.3
3523.3
3523.3
3523.3
3523.3
3523.3
3523.29
3523.29
3523.29
3523.29
3523.29
3523.28
3523.28
3523.28
3523.28
3523.28
3523.27
3523.27
3523.27
3523.26
3523.26
3523.26
3523.26
3523.25
3523.25
3523.25
3523.25
3523.24
3523.24
3523.24
3523.24
3523.21
3523.21
3523.21
3523.21
3523.21
3523.21
3523.21
3523.21
3523.2
3523.2
3523.2
3523.2
3523.2
3523.2
3523.19
3523.19
3523.19
3523.19
3523.19
3523.19
3523.19
3523.19
3523.19
3523.19
3523.19
3523.19
3523.19
3523.19
3523.19
3523.19
3523.19
3523.19
3523.19
3523.19
3523.19
3523.19
3523.19
3523.19
3523.19
3523.19
3523.19
3523.19
3523.19
3523.19
3523.19
3523.19
3523.19
3523.19
3523.19
3523.19
3523.19
3523.19
3523.19
3523.19
3523.19
3523.19
3523.19
3523.19
3523.19
3523.19
3523.19
3523.19
3523.19
3523.19
3523.19
3523.19
3523.19
3523.19
3523.19
3523.19
3523.19
3523.19
3523.19
3523.19
3523.19
3523.19
3523.19
3523.19
3523.19
3523.19
3523.19
3523.19
3523.19
3523.19
3523.19
3523.19
3523.19
3523.19
3523.19
3523.19
3523.19
3523.19
3523.19
3523.19
3523.19
3523.19
3523.19
3523.19
3523.19
3523.19
3523.19
3523.19
3523.19
3523.19
3523.19
3523.19
3523.19
3523.19
3523.19
3523.19
3523.19
3523.19
3523.19
3523.19
3523.19
3523.19
3523.19
3523.19
3523.19
3523.19
3523.19
3523.19
3523.19
3523.19
3523.19
3523.19
3523.19
3523.19
3523.19
3523.19
3523.19
3523.19
3523.19
3523.19
3523.19
3523.19
3523.19
3523.19
3523.19
3523.19
3523.19
3523.19
3523.19
3523.19
3523.19
3523.19
3523.19
3523.19
3523.19
3523.19
3523.19
3523.19
3523.19
3523.19
3523.19
3523.19
3523.19
3523.19
3523.19
3523.19
3523.18
3523.18
3523.18
3523.18
3523.18
3523.18
3523.18
3523.18
3523.18
3523.18
3523.18
3523.18
3523.18
3523.17
3523.17
3523.17
3523.17
3523.17
3523.17
3523.17
3523.16
3523.16
3523.16
3523.16
3523.16
3523.15
3523.15
3523.15
3523.15
3523.14
3523.14
3523.14
3523.13
3523.13
3523.13
3523.13
3523.13
3523.13
3523.12
3523.13
3523.08
3523.08
3523.08
3523.08
3523.08
3523.08
3523.08
3523.08
3523.08
3523.08
3523.08
3523.07
3523.07
3523.07
3523.07
3523.07
3523.07
3523.07
3523.06
3523.06
3523.06
3523.06
3523.06
3523.06
3523.06
3523.06
3523.06
3523.06
3523.06
3523.06
3523.06
3523.06
3523.06
3523.06
3523.06
3523.06
3523.06
3523.06
3523.07
3523.07
3523.07
3523.07
3523.07
3523.07
3523.07
3523.07
3523.07
3523.07
3523.07
3523.07
3523.07
3523.07
3523.07
3523.07
3523.07
3523.07
3523.07
3523.07
3523.07
3523.07
3523.07
3523.07
3523.07
3523.07
3523.07
3523.07
3523.07
3523.07
3523.07
3523.07
3523.07
3523.07
3523.07
3523.07
3523.07
3523.07
3523.07
3523.07
3523.07
3523.07
3523.07
3523.07
3523.07
3523.07
3523.07
3523.07
3523.07
3523.07
3523.07
3523.07
3523.07
3523.07
3523.07
3523.07
3523.07
3523.07
3523.07
3523.07
3523.07
3523.07
3523.07
3523.07
3523.07
3523.07
3523.07
3523.07
3523.07
3523.07
3523.07
3523.07
3523.07
3523.07
3523.07
3523.07
3523.07
3523.07
3523.07
3523.07
3523.07
3523.07
3523.07
3523.07
3523.07
3523.07
3523.07
3523.07
3523.07
3523.07
3523.07
3523.07
3523.07
3523.07
3523.07
3523.07
3523.07
3523.07
3523.07
3523.07
3523.07
3523.07
3523.07
3523.07
3523.07
3523.07
3523.07
3523.07
3523.07
3523.07
3523.07
3523.07
3523.07
3523.07
3523.07
3523.06
3523.06
3523.06
3523.06
3523.06
3523.06
3523.06
3523.06
3523.06
3523.06
3523.06
3523.06
3523.06
3523.06
3523.06
3523.06
3523.06
3523.06
3523.06
3523.05
3523.05
3523.05
3523.05
3523.05
3523.05
3523.05
3523.04
3523.04
3523.04
3523.04
3523.04
3523.03
3523.03
3523.03
3523.03
3523.03
3523.02
3523.02
3523.02
3523.02
3523.01
3523.01
3523.01
3523.01
3523.01
3523.01
3523.01
3522.96
3522.96
3522.96
3522.96
3522.96
3522.96
3522.96
3522.95
3522.95
3522.95
3522.95
3522.95
3522.95
3522.94
3522.94
3522.94
3522.94
3522.94
3522.94
3522.94
3522.94
3522.94
3522.94
3522.94
3522.94
3522.94
3522.94
3522.94
3522.94
3522.94
3522.94
3522.94
3522.94
3522.94
3522.94
3522.94
3522.94
3522.94
3522.94
3522.94
3522.94
3522.94
3522.94
3522.94
3522.94
3522.94
3522.94
3522.94
3522.94
3522.94
3522.94
3522.94
3522.94
3522.94
3522.94
3522.94
3522.94
3522.94
3522.94
3522.94
3522.94
3522.94
3522.94
3522.94
3522.94
3522.94
3522.94
3522.94
3522.94
3522.94
3522.94
3522.94
3522.94
3522.94
3522.94
3522.94
3522.94
3522.94
3522.94
3522.94
3522.94
3522.94
3522.94
3522.94
3522.94
3522.94
3522.94
3522.94
3522.94
3522.94
3522.94
3522.94
3522.94
3522.94
3522.94
3522.94
3522.94
3522.94
3522.94
3522.94
3522.94
3522.94
3522.94
3522.94
3522.94
3522.94
3522.94
3522.94
3522.94
3522.94
3522.94
3522.94
3522.94
3522.94
3522.94
3522.94
3522.94
3522.94
3522.94
3522.94
3522.94
3522.94
3522.94
3522.94
3522.94
3522.94
3522.94
3522.94
3522.94
3522.94
3522.94
3522.94
3522.94
3522.94
3522.94
3522.94
3522.94
3522.94
3522.94
3522.94
3522.94
3522.94
3522.94
3522.94
3522.94
3522.94
3522.94
3522.94
3522.94
3522.94
3522.94
3522.94
3522.94
3522.94
3522.94
3522.94
3522.94
3522.94
3522.94
3522.94
3522.94
3522.94
3522.94
3522.94
3522.94
3522.94
3522.94
3522.94
3522.94
3522.94
3522.93
3522.93
3522.93
3522.93
3522.93
3522.93
3522.93
3522.93
3522.92
3522.92
3522.92
3522.92
3522.92
3522.92
3522.91
3522.91
3522.91
3522.91
3522.91
3522.9
3522.9
3522.9
3522.9
3522.9
3522.89
3522.89
3522.89
3522.89
3522.89
3522.89
3522.84
3522.84
3522.83
3522.83
3522.83
3522.83
3522.83
3522.83
3522.83
3522.83
3522.82
3522.82
3522.82
3522.82
3522.82
3522.82
3522.82
3522.81
3522.81
3522.81
3522.81
3522.81
3522.81
3522.81
3522.81
3522.81
3522.81
3522.81
3522.82
3522.82
3522.82
3522.82
3522.82
3522.82
3522.82
3522.82
3522.82
3522.82
3522.82
3522.82
3522.82
3522.82
3522.82
3522.82
3522.82
3522.82
3522.82
3522.82
3522.82
3522.82
3522.82
3522.82
3522.82
3522.82
3522.82
3522.82
3522.82
3522.82
3522.82
3522.82
3522.82
3522.82
3522.82
3522.82
3522.82
3522.82
3522.82
3522.82
3522.82
3522.82
3522.82
3522.82
3522.82
3522.82
3522.82
3522.82
3522.82
3522.82
3522.82
3522.82
3522.82
3522.82
3522.82
3522.82
3522.82
3522.82
3522.82
3522.82
3522.82
3522.82
3522.82
3522.82
3522.82
3522.82
3522.82
3522.82
3522.82
3522.82
3522.82
3522.82
3522.82
3522.82
3522.82
3522.82
3522.82
3522.82
3522.82
3522.82
3522.82
3522.82
3522.82
3522.82
3522.82
3522.82
3522.82
3522.82
3522.82
3522.82
3522.82
3522.82
3522.82
3522.82
3522.82
3522.82
3522.82
3522.82
3522.82
3522.82
3522.82
3522.82
3522.82
3522.82
3522.82
3522.82
3522.82
3522.82
3522.82
3522.82
3522.82
3522.82
3522.82
3522.82
3522.82
3522.82
3522.82
3522.82
3522.82
3522.82
3522.82
3522.82
3522.82
3522.82
3522.82
3522.82
3522.82
3522.82
3522.82
3522.82
3522.82
3522.82
3522.82
3522.82
3522.82
3522.82
3522.82
3522.82
3522.82
3522.82
3522.81
3522.81
3522.81
3522.81
3522.81
3522.81
3522.81
3522.81
3522.81
3522.81
3522.8
3522.8
3522.8
3522.8
3522.8
3522.8
3522.79
3522.79
3522.79
3522.79
3522.79
3522.78
3522.78
3522.78
3522.78
3522.78
3522.78
3522.78
3522.77
3522.77
3522.77
3522.77
3522.71
3522.71
3522.71
3522.71
3522.71
3522.71
3522.71
3522.7
3522.7
3522.7
3522.7
3522.7
3522.7
3522.69
3522.69
3522.69
3522.69
3522.69
3522.69
3522.69
3522.69
3522.69
3522.69
3522.69
3522.69
3522.69
3522.69
3522.69
3522.69
3522.69
3522.69
3522.69
3522.69
3522.7
3522.7
3522.7
3522.7
3522.7
3522.7
3522.7
3522.7
3522.7
3522.7
3522.7
3522.7
3522.7
3522.7
3522.7
3522.7
3522.7
3522.7
3522.7
3522.7
3522.7
3522.7
3522.7
3522.7
3522.7
3522.7
3522.7
3522.7
3522.7
3522.7
3522.7
3522.7
3522.7
3522.7
3522.7
3522.7
3522.7
3522.7
3522.7
3522.7
3522.7
3522.7
3522.7
3522.7
3522.7
3522.7
3522.7
3522.7
3522.7
3522.7
3522.7
3522.7
3522.7
3522.7
3522.7
3522.7
3522.7
3522.7
3522.7
3522.7
3522.7
3522.7
3522.7
3522.7
3522.7
3522.7
3522.7
3522.7
3522.7
3522.7
3522.7
3522.7
3522.7
3522.7
3522.7
3522.7
3522.7
3522.7
3522.7
3522.7
3522.7
3522.7
3522.7
3522.7
3522.7
3522.7
3522.7
3522.7
3522.7
3522.7
3522.7
3522.7
3522.7
3522.7
3522.7
3522.7
3522.7
3522.7
3522.7
3522.7
3522.7
3522.7
3522.7
3522.7
3522.7
3522.7
3522.7
3522.7
3522.7
3522.7
3522.7
3522.7
3522.7
3522.7
3522.7
3522.7
3522.7
3522.7
3522.7
3522.7
3522.7
3522.7
3522.7
3522.7
3522.7
3522.7
3522.7
3522.7
3522.7
3522.7
3522.7
3522.7
3522.69
3522.69
3522.69
3522.69
3522.69
3522.69
3522.69
3522.69
3522.69
3522.69
3522.69
3522.69
3522.68
3522.68
3522.68
3522.68
3522.68
3522.68
3522.68
3522.67
3522.67
3522.67
3522.67
3522.67
3522.67
3522.66
3522.66
3522.66
3522.66
3522.66
3522.66
3522.66
3522.66
3522.66
3522.66
3522.59
3522.59
3522.59
3522.59
3522.58
3522.58
3522.58
3522.58
3522.58
3522.57
3522.57
3522.57
3522.57
3522.57
3522.57
3522.56
3522.56
3522.56
3522.56
3522.56
3522.56
3522.56
3522.56
3522.56
3522.56
3522.56
3522.57
3522.57
3522.57
3522.57
3522.57
3522.57
3522.57
3522.57
3522.57
3522.57
3522.58
3522.58
3522.58
3522.58
3522.58
3522.58
3522.58
3522.58
3522.58
3522.58
3522.58
3522.58
3522.58
3522.58
3522.58
3522.58
3522.58
3522.58
3522.58
3522.58
3522.58
3522.58
3522.58
3522.58
3522.58
3522.58
3522.58
3522.58
3522.58
3522.58
3522.58
3522.58
3522.58
3522.58
3522.58
3522.58
3522.58
3522.58
3522.58
3522.58
3522.58
3522.58
3522.58
3522.58
3522.58
3522.58
3522.58
3522.58
3522.58
3522.58
3522.58
3522.58
3522.58
3522.58
3522.58
3522.58
3522.58
3522.58
3522.58
3522.58
3522.58
3522.58
3522.58
3522.58
3522.58
3522.58
3522.58
3522.58
3522.58
3522.58
3522.58
3522.58
3522.58
3522.58
3522.58
3522.58
3522.58
3522.58
3522.58
3522.58
3522.58
3522.58
3522.58
3522.58
3522.58
3522.58
3522.58
3522.58
3522.58
3522.58
3522.58
3522.58
3522.58
3522.58
3522.58
3522.58
3522.58
3522.58
3522.58
3522.58
3522.58
3522.58
3522.58
3522.58
3522.58
3522.58
3522.58
3522.58
3522.58
3522.58
3522.58
3522.58
3522.58
3522.58
3522.58
3522.58
3522.58
3522.58
3522.58
3522.58
3522.58
3522.58
3522.58
3522.58
3522.58
3522.58
3522.57
3522.57
3522.57
3522.57
3522.57
3522.57
3522.57
3522.57
3522.57
3522.57
3522.57
3522.57
3522.57
3522.57
3522.56
3522.56
3522.56
3522.56
3522.56
3522.56
3522.56
3522.56
3522.55
3522.55
3522.55
3522.55
3522.55
3522.55
3522.54
3522.54
3522.54
3522.54
3522.54
3522.54
3522.54
3522.54
3522.54
3522.54
3522.46
3522.46
3522.46
3522.46
3522.46
3522.46
3522.46
3522.45
3522.45
3522.45
3522.45
3522.45
3522.44
3522.44
3522.44
3522.44
3522.44
3522.44
3522.44
3522.44
3522.44
3522.44
3522.44
3522.44
3522.44
3522.44
3522.44
3522.44
3522.44
3522.45
3522.45
3522.45
3522.45
3522.45
3522.45
3522.45
3522.45
3522.45
3522.45
3522.45
3522.45
3522.46
3522.46
3522.46
3522.46
3522.46
3522.46
3522.46
3522.46
3522.46
3522.46
3522.46
3522.46
3522.46
3522.46
3522.46
3522.46
3522.46
3522.46
3522.46
3522.46
3522.46
3522.46
3522.46
3522.46
3522.46
3522.46
3522.46
3522.46
3522.46
3522.46
3522.46
3522.46
3522.46
3522.46
3522.46
3522.46
3522.46
3522.46
3522.46
3522.46
3522.46
3522.46
3522.46
3522.46
3522.46
3522.46
3522.46
3522.46
3522.46
3522.46
3522.46
3522.46
3522.46
3522.46
3522.46
3522.46
3522.46
3522.46
3522.46
3522.46
3522.46
3522.46
3522.46
3522.46
3522.46
3522.46
3522.46
3522.46
3522.46
3522.46
3522.46
3522.46
3522.46
3522.46
3522.46
3522.46
3522.46
3522.46
3522.46
3522.46
3522.46
3522.46
3522.46
3522.46
3522.46
3522.46
3522.46
3522.46
3522.46
3522.46
3522.46
3522.46
3522.46
3522.46
3522.46
3522.46
3522.46
3522.46
3522.46
3522.46
3522.46
3522.46
3522.46
3522.46
3522.46
3522.46
3522.46
3522.46
3522.46
3522.46
3522.46
3522.46
3522.46
3522.46
3522.46
3522.45
3522.45
3522.45
3522.45
3522.45
3522.45
3522.45
3522.45
3522.45
3522.45
3522.45
3522.45
3522.45
3522.45
3522.45
3522.45
3522.45
3522.45
3522.45
3522.44
3522.44
3522.44
3522.44
3522.44
3522.44
3522.44
3522.44
3522.43
3522.43
3522.43
3522.43
3522.43
3522.43
3522.43
3522.43
3522.42
3522.42
3522.42
3522.42
3522.42
3522.42
3522.42
3522.42
3522.42
3522.34
3522.34
3522.34
3522.34
3522.34
3522.33
3522.33
3522.33
3522.33
3522.32
3522.32
3522.32
3522.32
3522.31
3522.31
3522.31
3522.31
3522.31
3522.31
3522.31
3522.31
3522.31
3522.31
3522.31
3522.31
3522.32
3522.32
3522.32
3522.32
3522.32
3522.32
3522.33
3522.33
3522.33
3522.33
3522.33
3522.33
3522.33
3522.33
3522.33
3522.33
3522.33
3522.33
3522.33
3522.33
3522.33
3522.33
3522.33
3522.33
3522.33
3522.33
3522.33
3522.33
3522.33
3522.33
3522.33
3522.33
3522.33
3522.33
3522.33
3522.33
3522.33
3522.33
3522.33
3522.33
3522.33
3522.33
3522.33
3522.33
3522.33
3522.33
3522.33
3522.33
3522.33
3522.33
3522.33
3522.33
3522.33
3522.33
3522.33
3522.33
3522.33
3522.33
3522.33
3522.33
3522.33
3522.33
3522.33
3522.33
3522.33
3522.33
3522.33
3522.33
3522.33
3522.33
3522.33
3522.33
3522.33
3522.33
3522.33
3522.33
3522.33
3522.33
3522.33
3522.33
3522.33
3522.33
3522.33
3522.33
3522.33
3522.33
3522.33
3522.33
3522.33
3522.33
3522.33
3522.33
3522.33
3522.33
3522.33
3522.33
3522.33
3522.33
3522.33
3522.33
3522.33
3522.33
3522.33
3522.33
3522.33
3522.33
3522.33
3522.33
3522.33
3522.33
3522.33
3522.33
3522.33
3522.33
3522.33
3522.33
3522.33
3522.33
3522.33
3522.33
3522.33
3522.33
3522.33
3522.33
3522.33
3522.33
3522.33
3522.33
3522.33
3522.33
3522.33
3522.33
3522.33
3522.33
3522.33
3522.33
3522.33
3522.33
3522.33
3522.33
3522.33
3522.33
3522.33
3522.33
3522.33
3522.33
3522.33
3522.33
3522.32
3522.32
3522.32
3522.32
3522.32
3522.32
3522.32
3522.32
3522.32
3522.32
3522.31
3522.31
3522.31
3522.31
3522.31
3522.31
3522.31
3522.31
3522.31
3522.3
3522.3
3522.3
3522.3
3522.3
3522.3
3522.3
3522.3
3522.21
3522.25
3522.23
3522.22
3522.21
3522.21
3522.21
3522.2
3522.2
3522.2
3522.2
3522.19
3522.19
3522.19
3522.19
3522.18
3522.18
3522.18
3522.18
3522.18
3522.18
3522.18
3522.19
3522.19
3522.19
3522.19
3522.19
3522.2
3522.2
3522.2
3522.2
3522.2
3522.2
3522.21
3522.21
3522.21
3522.21
3522.21
3522.21
3522.21
3522.21
3522.21
3522.21
3522.21
3522.21
3522.21
3522.21
3522.21
3522.21
3522.21
3522.21
3522.21
3522.21
3522.21
3522.21
3522.21
3522.21
3522.21
3522.21
3522.21
3522.21
3522.21
3522.21
3522.21
3522.21
3522.21
3522.21
3522.21
3522.21
3522.21
3522.21
3522.21
3522.21
3522.21
3522.21
3522.21
3522.21
3522.21
3522.21
3522.21
3522.21
3522.21
3522.21
3522.21
3522.21
3522.21
3522.21
3522.21
3522.21
3522.21
3522.21
3522.21
3522.21
3522.21
3522.21
3522.21
3522.21
3522.21
3522.21
3522.21
3522.21
3522.21
3522.21
3522.21
3522.21
3522.21
3522.21
3522.21
3522.21
3522.21
3522.21
3522.21
3522.21
3522.21
3522.21
3522.21
3522.21
3522.21
3522.21
3522.21
3522.21
3522.21
3522.21
3522.21
3522.21
3522.21
3522.21
3522.21
3522.21
3522.21
3522.21
3522.21
3522.21
3522.21
3522.21
3522.21
3522.21
3522.21
3522.21
3522.21
3522.21
3522.21
3522.21
3522.21
3522.21
3522.21
3522.21
3522.21
3522.21
3522.21
3522.21
3522.21
3522.21
3522.21
3522.21
3522.21
3522.21
3522.21
3522.21
3522.21
3522.21
3522.21
3522.21
3522.21
3522.21
3522.21
3522.21
3522.21
3522.21
3522.21
3522.21
3522.21
3522.2
3522.2
3522.2
3522.2
3522.2
3522.2
3522.2
3522.2
3522.2
3522.2
3522.2
3522.19
3522.19
3522.19
3522.19
3522.19
3522.19
3522.19
3522.19
3522.19
3522.19
3522.19
3522.18
3522.18
3522.18
3522.18
3522.18
3522.19
3522.15
3521.84
3521.97
3522.04
3522.08
3522.08
3522.08
3522.08
3522.08
3522.07
3522.07
3522.07
3522.06
3522.06
3522.06
3522.06
3522.06
3522.06
3522.06
3522.06
3522.06
3522.06
3522.06
3522.06
3522.06
3522.07
3522.07
3522.07
3522.07
3522.08
3522.08
3522.08
3522.08
3522.08
3522.08
3522.09
3522.09
3522.09
3522.09
3522.09
3522.09
3522.09
3522.09
3522.09
3522.09
3522.09
3522.09
3522.09
3522.09
3522.09
3522.09
3522.09
3522.09
3522.09
3522.09
3522.09
3522.09
3522.09
3522.09
3522.09
3522.09
3522.09
3522.09
3522.09
3522.09
3522.09
3522.09
3522.09
3522.09
3522.09
3522.09
3522.09
3522.09
3522.09
3522.09
3522.09
3522.09
3522.09
3522.09
3522.09
3522.09
3522.09
3522.09
3522.09
3522.09
3522.09
3522.09
3522.09
3522.09
3522.09
3522.09
3522.09
3522.09
3522.09
3522.09
3522.09
3522.09
3522.09
3522.09
3522.09
3522.09
3522.09
3522.09
3522.09
3522.09
3522.09
3522.09
3522.09
3522.09
3522.09
3522.09
3522.09
3522.09
3522.09
3522.09
3522.09
3522.09
3522.09
3522.09
3522.09
3522.09
3522.09
3522.09
3522.09
3522.09
3522.09
3522.09
3522.09
3522.09
3522.09
3522.09
3522.09
3522.09
3522.09
3522.09
3522.09
3522.09
3522.09
3522.09
3522.09
3522.09
3522.09
3522.09
3522.09
3522.09
3522.09
3522.09
3522.09
3522.09
3522.09
3522.09
3522.09
3522.09
3522.09
3522.09
3522.09
3522.09
3522.09
3522.09
3522.09
3522.09
3522.09
3522.09
3522.09
3522.09
3522.09
3522.09
3522.09
3522.09
3522.09
3522.08
3522.08
3522.08
3522.08
3522.08
3522.08
3522.08
3522.08
3522.08
3522.08
3522.08
3522.08
3522.08
3522.07
3522.07
3522.07
3522.07
3522.07
3522.07
3522.07
3522.07
3522.07
3522.07
3522.07
3522.07
3522.07
3522.07
3522.07
3522.07
3522.07
3521.83
3523.71
3523.03
3522.47
3522.09
3521.97
3521.95
3521.94
3521.94
3521.94
3521.94
3521.94
3521.94
3521.94
3521.94
3521.94
3521.95
3521.95
3521.96
3521.96
3521.96
3521.95
3521.95
3521.94
3521.94
3521.94
3521.95
3521.95
3521.95
3521.95
3521.96
3521.96
3521.96
3521.96
3521.96
3521.96
3521.96
3521.97
3521.97
3521.97
3521.97
3521.97
3521.97
3521.97
3521.97
3521.97
3521.97
3521.97
3521.97
3521.97
3521.97
3521.97
3521.97
3521.97
3521.97
3521.97
3521.97
3521.97
3521.97
3521.97
3521.97
3521.97
3521.97
3521.97
3521.97
3521.97
3521.97
3521.97
3521.97
3521.97
3521.97
3521.97
3521.97
3521.97
3521.97
3521.97
3521.97
3521.97
3521.97
3521.97
3521.97
3521.97
3521.97
3521.97
3521.97
3521.97
3521.97
3521.97
3521.97
3521.97
3521.97
3521.97
3521.97
3521.97
3521.97
3521.97
3521.97
3521.97
3521.97
3521.97
3521.97
3521.97
3521.97
3521.97
3521.97
3521.97
3521.97
3521.97
3521.97
3521.97
3521.97
3521.97
3521.97
3521.97
3521.97
3521.97
3521.97
3521.97
3521.97
3521.97
3521.97
3521.97
3521.97
3521.97
3521.97
3521.97
3521.97
3521.97
3521.97
3521.97
3521.97
3521.97
3521.97
3521.97
3521.97
3521.97
3521.97
3521.97
3521.97
3521.97
3521.97
3521.97
3521.97
3521.97
3521.97
3521.97
3521.97
3521.97
3521.97
3521.97
3521.97
3521.97
3521.97
3521.97
3521.97
3521.97
3521.97
3521.97
3521.97
3521.97
3521.97
3521.97
3521.97
3521.97
3521.97
3521.97
3521.97
3521.96
3521.96
3521.96
3521.96
3521.96
3521.96
3521.96
3521.96
3521.96
3521.96
3521.96
3521.96
3521.96
3521.96
3521.96
3521.96
3521.95
3521.95
3521.95
3521.95
3521.95
3521.95
3521.95
3521.95
3521.95
3521.95
3521.95
3521.95
3521.95
3521.95
3521.95
3521.95
3521.95
3521.45
3512.53
3514.7
3517.76
3520.56
3521.66
3521.94
3521.95
3521.9
3521.86
3521.84
3521.84
3521.85
3521.87
3521.9
3521.95
3522
3522.06
3522.1
3522.12
3522.1
3522.05
3521.97
3521.9
3521.85
3521.83
3521.83
3521.83
3521.83
3521.83
3521.83
3521.84
3521.84
3521.84
3521.84
3521.84
3521.84
3521.84
3521.84
3521.85
3521.85
3521.85
3521.85
3521.85
3521.85
3521.85
3521.85
3521.85
3521.85
3521.85
3521.85
3521.85
3521.85
3521.85
3521.85
3521.85
3521.85
3521.85
3521.85
3521.85
3521.85
3521.85
3521.85
3521.85
3521.85
3521.85
3521.85
3521.85
3521.85
3521.85
3521.85
3521.85
3521.85
3521.85
3521.85
3521.85
3521.85
3521.85
3521.85
3521.85
3521.85
3521.85
3521.85
3521.85
3521.85
3521.85
3521.85
3521.85
3521.85
3521.85
3521.85
3521.85
3521.85
3521.85
3521.85
3521.85
3521.85
3521.85
3521.85
3521.85
3521.85
3521.85
3521.85
3521.85
3521.85
3521.85
3521.85
3521.85
3521.85
3521.85
3521.85
3521.85
3521.85
3521.85
3521.85
3521.85
3521.85
3521.85
3521.85
3521.85
3521.85
3521.85
3521.85
3521.85
3521.85
3521.85
3521.85
3521.85
3521.85
3521.85
3521.85
3521.85
3521.85
3521.85
3521.85
3521.85
3521.85
3521.85
3521.85
3521.85
3521.85
3521.85
3521.85
3521.85
3521.85
3521.85
3521.85
3521.85
3521.85
3521.85
3521.85
3521.85
3521.85
3521.85
3521.85
3521.85
3521.85
3521.85
3521.85
3521.85
3521.85
3521.85
3521.84
3521.84
3521.84
3521.84
3521.84
3521.84
3521.84
3521.84
3521.84
3521.84
3521.84
3521.84
3521.84
3521.84
3521.84
3521.84
3521.84
3521.84
3521.84
3521.84
3521.83
3521.83
3521.83
3521.83
3521.83
3521.83
3521.83
3521.83
3521.83
3521.83
3521.83
3521.83
3521.83
3521.83
3521.83
3521.83
3521.83
3521.83
3531.09
3552.02
3556.18
3547.58
3531.51
3523.38
3521.01
3520.69
3520.98
3521.32
3521.59
3521.79
3521.98
3522.2
3522.47
3522.82
3523.22
3523.64
3523.98
3524.14
3524.03
3523.67
3523.11
3522.53
3522.09
3521.84
3521.74
3521.71
3521.71
3521.71
3521.71
3521.72
3521.72
3521.72
3521.72
3521.72
3521.72
3521.72
3521.72
3521.72
3521.72
3521.72
3521.72
3521.72
3521.72
3521.73
3521.73
3521.73
3521.73
3521.73
3521.73
3521.73
3521.73
3521.73
3521.73
3521.73
3521.73
3521.73
3521.73
3521.73
3521.73
3521.73
3521.73
3521.72
3521.72
3521.72
3521.72
3521.72
3521.72
3521.72
3521.72
3521.72
3521.72
3521.72
3521.72
3521.72
3521.72
3521.72
3521.72
3521.72
3521.72
3521.72
3521.72
3521.72
3521.72
3521.72
3521.72
3521.72
3521.72
3521.72
3521.72
3521.72
3521.72
3521.72
3521.72
3521.72
3521.72
3521.72
3521.72
3521.72
3521.72
3521.72
3521.72
3521.72
3521.72
3521.72
3521.72
3521.72
3521.72
3521.72
3521.72
3521.72
3521.72
3521.72
3521.72
3521.72
3521.72
3521.72
3521.72
3521.72
3521.72
3521.73
3521.73
3521.73
3521.73
3521.73
3521.73
3521.73
3521.73
3521.73
3521.73
3521.73
3521.73
3521.73
3521.73
3521.73
3521.73
3521.73
3521.73
3521.73
3521.73
3521.73
3521.73
3521.73
3521.73
3521.73
3521.73
3521.73
3521.73
3521.73
3521.73
3521.73
3521.72
3521.72
3521.72
3521.72
3521.72
3521.72
3521.72
3521.72
3521.72
3521.72
3521.72
3521.72
3521.72
3521.72
3521.72
3521.72
3521.72
3521.72
3521.72
3521.72
3521.72
3521.72
3521.72
3521.72
3521.72
3521.72
3521.72
3521.72
3521.72
3521.72
3521.71
3521.71
3521.71
3521.71
3521.71
3521.71
3521.71
3521.71
3521.71
3521.71
3521.71
3521.71
3521.71
3521.71
3521.71
3521.71
3521.71
3521.71
3503.26
3380.4
3395.25
3419.06
3477.46
3511.91
3524.66
3528.06
3527.44
3525.92
3524.79
3524.31
3524.49
3525.27
3526.6
3528.42
3530.58
3532.8
3534.67
3535.69
3535.44
3533.78
3530.96
3527.65
3524.73
3522.83
3521.95
3521.67
3521.6
3521.59
3521.59
3521.59
3521.6
3521.6
3521.6
3521.6
3521.6
3521.6
3521.6
3521.6
3521.6
3521.6
3521.6
3521.6
3521.6
3521.6
3521.6
3521.6
3521.6
3521.6
3521.6
3521.6
3521.6
3521.6
3521.6
3521.6
3521.6
3521.6
3521.6
3521.6
3521.6
3521.6
3521.6
3521.6
3521.6
3521.6
3521.6
3521.6
3521.6
3521.6
3521.6
3521.6
3521.6
3521.6
3521.6
3521.6
3521.6
3521.6
3521.6
3521.6
3521.6
3521.6
3521.6
3521.6
3521.6
3521.6
3521.6
3521.6
3521.6
3521.6
3521.6
3521.6
3521.6
3521.6
3521.6
3521.6
3521.6
3521.6
3521.6
3521.6
3521.6
3521.6
3521.6
3521.6
3521.6
3521.6
3521.6
3521.6
3521.6
3521.6
3521.6
3521.6
3521.6
3521.6
3521.6
3521.6
3521.6
3521.6
3521.6
3521.6
3521.6
3521.6
3521.6
3521.6
3521.6
3521.6
3521.6
3521.6
3521.6
3521.6
3521.6
3521.6
3521.6
3521.6
3521.6
3521.6
3521.6
3521.6
3521.6
3521.6
3521.6
3521.6
3521.6
3521.6
3521.6
3521.6
3521.6
3521.6
3521.6
3521.6
3521.6
3521.6
3521.6
3521.6
3521.6
3521.6
3521.6
3521.6
3521.6
3521.6
3521.6
3521.6
3521.6
3521.6
3521.6
3521.6
3521.6
3521.6
3521.6
3521.6
3521.6
3521.6
3521.6
3521.6
3521.6
3521.6
3521.6
3521.6
3521.6
3521.6
3521.6
3521.59
3521.59
3521.59
3521.59
3521.59
3521.59
3521.59
3521.59
3521.59
3521.59
3521.59
3521.59
3521.59
3521.59
3521.59
3521.59
3521.59
3521.59
3521.6
3625.86
3803.98
3736.99
3788.4
3706.86
3590
3519.7
3496.83
3497.18
3504.77
3513.55
3521.89
3529.55
3536.82
3544.23
3552.3
3561.16
3570.16
3577.92
3582.69
3582.97
3577.96
3567.92
3554.43
3540.59
3530.02
3524.32
3522.18
3521.61
3521.49
3521.47
3521.47
3521.48
3521.48
3521.48
3521.48
3521.48
3521.48
3521.48
3521.48
3521.48
3521.48
3521.48
3521.48
3521.48
3521.48
3521.48
3521.48
3521.48
3521.48
3521.48
3521.48
3521.48
3521.48
3521.48
3521.48
3521.48
3521.48
3521.48
3521.48
3521.48
3521.48
3521.48
3521.48
3521.48
3521.48
3521.48
3521.48
3521.48
3521.48
3521.48
3521.48
3521.48
3521.48
3521.48
3521.48
3521.48
3521.48
3521.48
3521.48
3521.48
3521.48
3521.48
3521.48
3521.48
3521.48
3521.48
3521.48
3521.48
3521.48
3521.48
3521.48
3521.48
3521.48
3521.48
3521.48
3521.48
3521.48
3521.48
3521.48
3521.48
3521.48
3521.48
3521.48
3521.48
3521.48
3521.48
3521.48
3521.48
3521.48
3521.48
3521.48
3521.48
3521.48
3521.48
3521.48
3521.48
3521.48
3521.48
3521.48
3521.48
3521.48
3521.48
3521.48
3521.48
3521.48
3521.48
3521.48
3521.48
3521.48
3521.48
3521.48
3521.48
3521.48
3521.48
3521.48
3521.48
3521.48
3521.48
3521.48
3521.48
3521.48
3521.48
3521.48
3521.48
3521.48
3521.48
3521.48
3521.48
3521.48
3521.48
3521.48
3521.48
3521.48
3521.48
3521.48
3521.48
3521.48
3521.48
3521.48
3521.48
3521.48
3521.48
3521.48
3521.48
3521.48
3521.48
3521.48
3521.48
3521.48
3521.48
3521.48
3521.48
3521.48
3521.48
3521.48
3521.48
3521.48
3521.48
3521.48
3521.48
3521.47
3521.47
3521.47
3521.47
3521.47
3521.47
3521.47
3521.47
3521.47
3521.47
3521.47
3521.47
3521.47
3521.47
3521.47
3521.47
3521.47
3521.48
3521.48
3065.85
3065.61
3039.83
3157.8
3276.75
3435.82
3547.17
3603.39
3624.62
3626.47
3619.51
3610.3
3603.78
3603.67
3612.22
3629.73
3654.04
3680.9
3705.14
3721.94
3727.23
3718.37
3694.28
3655.95
3609.09
3566.06
3538.31
3526.11
3522.36
3521.52
3521.38
3521.36
3521.36
3521.36
3521.36
3521.36
3521.36
3521.36
3521.36
3521.36
3521.36
3521.36
3521.36
3521.36
3521.36
3521.36
3521.36
3521.36
3521.36
3521.36
3521.36
3521.36
3521.36
3521.36
3521.36
3521.36
3521.36
3521.36
3521.36
3521.36
3521.36
3521.36
3521.36
3521.36
3521.36
3521.36
3521.36
3521.36
3521.36
3521.36
3521.36
3521.36
3521.36
3521.36
3521.36
3521.36
3521.36
3521.36
3521.36
3521.36
3521.36
3521.36
3521.36
3521.36
3521.36
3521.36
3521.36
3521.36
3521.36
3521.36
3521.36
3521.36
3521.36
3521.36
3521.36
3521.36
3521.36
3521.36
3521.36
3521.36
3521.36
3521.36
3521.36
3521.36
3521.36
3521.36
3521.36
3521.36
3521.36
3521.36
3521.36
3521.36
3521.36
3521.36
3521.36
3521.36
3521.36
3521.36
3521.36
3521.36
3521.36
3521.36
3521.36
3521.36
3521.36
3521.36
3521.36
3521.36
3521.36
3521.36
3521.36
3521.36
3521.36
3521.36
3521.36
3521.36
3521.36
3521.36
3521.36
3521.36
3521.36
3521.36
3521.36
3521.36
3521.36
3521.36
3521.36
3521.36
3521.36
3521.36
3521.36
3521.36
3521.36
3521.36
3521.36
3521.36
3521.36
3521.36
3521.36
3521.36
3521.36
3521.36
3521.36
3521.36
3521.36
3521.36
3521.36
3521.36
3521.36
3521.36
3521.36
3521.36
3521.36
3521.36
3521.36
3521.36
3521.36
3521.36
3521.36
3521.36
3521.35
3521.35
3521.35
3521.35
3521.35
3521.35
3521.35
3521.35
3521.35
3521.35
3521.35
3521.35
3521.35
3521.35
3521.35
3521.35
3521.35
3521.36
3521.36
3521.36
4700.42
4613.57
4577.83
4501.31
4326.58
3913.87
3531.27
3382.05
3375.25
3409.44
3454.87
3507.93
3567.49
3631.91
3699.95
3770.17
3840.45
3907.58
3966.8
4012.43
4038.14
4038.19
4007.4
3937.91
3826.96
3699.09
3598.58
3545.9
3527.11
3522.32
3521.39
3521.25
3521.24
3521.24
3521.24
3521.24
3521.24
3521.24
3521.24
3521.24
3521.24
3521.24
3521.24
3521.24
3521.24
3521.24
3521.24
3521.24
3521.24
3521.24
3521.24
3521.24
3521.24
3521.24
3521.24
3521.24
3521.24
3521.24
3521.24
3521.24
3521.24
3521.24
3521.24
3521.24
3521.24
3521.24
3521.24
3521.24
3521.24
3521.24
3521.24
3521.24
3521.24
3521.24
3521.24
3521.24
3521.24
3521.24
3521.24
3521.24
3521.24
3521.24
3521.24
3521.24
3521.24
3521.24
3521.24
3521.24
3521.24
3521.24
3521.24
3521.24
3521.24
3521.24
3521.24
3521.24
3521.24
3521.24
3521.24
3521.24
3521.24
3521.24
3521.24
3521.24
3521.24
3521.24
3521.24
3521.24
3521.24
3521.24
3521.24
3521.24
3521.24
3521.24
3521.24
3521.24
3521.24
3521.24
3521.24
3521.24
3521.24
3521.24
3521.24
3521.24
3521.24
3521.24
3521.24
3521.24
3521.24
3521.24
3521.24
3521.24
3521.24
3521.24
3521.24
3521.24
3521.24
3521.24
3521.24
3521.24
3521.24
3521.24
3521.24
3521.24
3521.24
3521.24
3521.24
3521.24
3521.24
3521.24
3521.24
3521.24
3521.24
3521.24
3521.24
3521.24
3521.24
3521.24
3521.24
3521.24
3521.24
3521.24
3521.24
3521.24
3521.24
3521.24
3521.24
3521.24
3521.24
3521.24
3521.24
3521.24
3521.24
3521.24
3521.24
3521.24
3521.24
3521.24
3521.23
3521.23
3521.23
3521.23
3521.23
3521.23
3521.23
3521.23
3521.23
3521.23
3521.23
3521.23
3521.23
3521.23
3521.23
3521.23
3521.23
3521.23
3521.23
3521.24
3521.24
3521.24
4703.49
4706.79
4697.07
4681.82
4664.74
4569.69
4452.04
4352.26
4270.51
4192.2
4107.42
4023.07
3954.59
3914.64
3907.02
3926.3
3963.16
4010.62
4064.69
4127.46
4211.81
4328.05
4442.69
4464.12
4323.23
4056.92
3788.79
3618.93
3547.49
3526.5
3521.98
3521.23
3521.13
3521.12
3521.12
3521.12
3521.12
3521.12
3521.12
3521.12
3521.12
3521.12
3521.12
3521.12
3521.12
3521.12
3521.12
3521.12
3521.12
3521.12
3521.12
3521.12
3521.12
3521.12
3521.12
3521.12
3521.12
3521.12
3521.12
3521.12
3521.12
3521.12
3521.12
3521.12
3521.12
3521.12
3521.12
3521.12
3521.12
3521.12
3521.12
3521.12
3521.12
3521.12
3521.12
3521.12
3521.12
3521.12
3521.11
3521.11
3521.11
3521.11
3521.11
3521.11
3521.11
3521.11
3521.11
3521.11
3521.11
3521.11
3521.11
3521.11
3521.11
3521.11
3521.11
3521.11
3521.11
3521.11
3521.11
3521.11
3521.11
3521.11
3521.12
3521.12
3521.12
3521.12
3521.12
3521.12
3521.12
3521.12
3521.12
3521.12
3521.12
3521.12
3521.12
3521.12
3521.12
3521.12
3521.12
3521.12
3521.12
3521.12
3521.12
3521.12
3521.12
3521.12
3521.12
3521.12
3521.12
3521.12
3521.12
3521.12
3521.12
3521.12
3521.12
3521.12
3521.12
3521.12
3521.12
3521.12
3521.12
3521.12
3521.12
3521.12
3521.12
3521.12
3521.12
3521.12
3521.12
3521.12
3521.12
3521.12
3521.12
3521.12
3521.12
3521.12
3521.12
3521.12
3521.12
3521.12
3521.12
3521.12
3521.12
3521.12
3521.12
3521.12
3521.12
3521.12
3521.12
3521.12
3521.12
3521.12
3521.12
3521.12
3521.12
3521.11
3521.11
3521.11
3521.11
3521.11
3521.11
3521.11
3521.11
3521.11
3521.11
3521.11
3521.11
3521.11
3521.11
3521.11
3521.11
3521.11
3521.11
3521.11
3521.11
3521.11
3521.11
3521.12
3521.12
3521.12
4704.09
4704.61
4706.49
4703.82
4704.33
4694.43
4676.08
4654.86
4633.41
4611.43
4587.32
4561.44
4535.36
4511.45
4493.49
4485.16
4491.09
4515.06
4547.35
4564.16
4553.57
4541.72
4585.38
4706.65
4782.6
4594.94
4176.68
3804.32
3609.44
3541.3
3524.53
3521.48
3521.05
3521
3521
3521
3521
3521
3521
3521
3521
3521
3521
3521
3521
3521
3521
3521
3521
3521
3521
3521
3521
3521
3521
3521
3521
3521
3520.99
3520.99
3520.99
3520.99
3520.99
3520.99
3520.99
3520.99
3520.99
3520.99
3520.99
3520.99
3520.99
3520.99
3520.99
3520.99
3520.99
3520.99
3520.99
3520.99
3520.99
3520.99
3520.99
3520.99
3520.99
3520.99
3520.99
3520.99
3520.99
3520.99
3520.99
3520.99
3520.99
3520.99
3520.99
3520.99
3520.99
3520.99
3520.99
3520.99
3520.99
3520.99
3520.99
3520.99
3520.99
3520.99
3520.99
3520.99
3520.99
3520.99
3520.99
3520.99
3520.99
3520.99
3520.99
3520.99
3520.99
3520.99
3520.99
3520.99
3520.99
3520.99
3520.99
3520.99
3520.99
3520.99
3520.99
3520.99
3520.99
3520.99
3520.99
3520.99
3520.99
3520.99
3520.99
3520.99
3520.99
3521
3521
3521
3521
3521
3521
3521
3521
3521
3521
3521
3521
3521
3521
3521
3521
3521
3521
3521
3521
3521
3521
3521
3521
3521
3521
3521
3521
3521
3521
3521
3521
3521
3521
3521
3521
3521
3521
3521
3521
3520.99
3520.99
3520.99
3520.99
3520.99
3520.99
3520.99
3520.99
3520.99
3520.99
3520.99
3520.99
3520.99
3520.99
3520.99
3520.99
3520.99
3520.99
3520.99
3520.99
3520.99
3520.99
3521
3521
3521
4704.82
4704.38
4705.56
4705.96
4705.31
4703.78
4701.87
4700.4
4699.44
4698.45
4697.01
4694.89
4691.93
4688.43
4684.58
4681.15
4680.72
4684.43
4687.44
4684.52
4681.9
4697.69
4745.69
4807.11
4807.23
4649.95
4325.18
3957.73
3693.37
3568.76
3530.22
3522.22
3521.04
3520.9
3520.89
3520.89
3520.89
3520.89
3520.89
3520.89
3520.89
3520.89
3520.89
3520.89
3520.89
3520.89
3520.89
3520.88
3520.88
3520.88
3520.88
3520.88
3520.88
3520.88
3520.88
3520.88
3520.88
3520.88
3520.88
3520.88
3520.88
3520.88
3520.88
3520.88
3520.88
3520.88
3520.88
3520.88
3520.88
3520.88
3520.88
3520.88
3520.88
3520.88
3520.88
3520.88
3520.88
3520.88
3520.88
3520.88
3520.88
3520.88
3520.88
3520.88
3520.88
3520.88
3520.88
3520.88
3520.88
3520.88
3520.88
3520.88
3520.88
3520.88
3520.88
3520.88
3520.88
3520.88
3520.88
3520.88
3520.88
3520.88
3520.88
3520.88
3520.88
3520.88
3520.88
3520.88
3520.88
3520.88
3520.88
3520.88
3520.88
3520.88
3520.88
3520.88
3520.88
3520.88
3520.88
3520.88
3520.88
3520.88
3520.88
3520.88
3520.88
3520.88
3520.88
3520.88
3520.88
3520.88
3520.88
3520.88
3520.88
3520.88
3520.88
3520.88
3520.88
3520.88
3520.88
3520.88
3520.88
3520.88
3520.88
3520.88
3520.88
3520.88
3520.88
3520.88
3520.88
3520.88
3520.88
3520.88
3520.88
3520.88
3520.88
3520.88
3520.88
3520.88
3520.88
3520.88
3520.88
3520.88
3520.88
3520.88
3520.88
3520.88
3520.88
3520.88
3520.88
3520.88
3520.88
3520.88
3520.88
3520.88
3520.88
3520.88
3520.88
3520.88
3520.88
3520.88
3520.88
3520.88
3520.88
3520.88
3520.88
3520.88
3520.88
3520.88
3520.88
3520.88
3520.88
3520.88
3520.88
3520.88
3520.88
3520.88
3520.88
3520.88
3520.89
3520.89
)
;

boundaryField
{
    inletTop
    {
        type            calculated;
        value           uniform 4704.92;
    }
    inletBottom
    {
        type            calculated;
        value           uniform 3525.69;
    }
    outletTop
    {
        type            calculated;
        value           nonuniform List<scalar> 4(3521.24 3521.12 3521 3520.89);
    }
    walls
    {
        type            calculated;
        value           nonuniform List<scalar> 
464
(
3065.85
3625.86
3503.26
3531.09
3521.45
3521.83
3522.15
3522.21
3522.34
3522.46
3522.59
3522.71
3522.84
3522.96
3523.08
3523.21
3523.33
3523.46
3523.58
3523.71
3523.83
3523.96
3524.08
3524.2
3524.32
3524.45
3524.56
3524.68
3524.82
3524.87
3525.09
3525.1
3520.89
3520.89
3520.88
3520.88
3520.88
3520.88
3520.88
3520.88
3520.88
3520.88
3520.88
3520.88
3520.88
3520.88
3520.88
3520.88
3520.88
3520.88
3520.88
3520.88
3520.88
3520.88
3520.88
3520.88
3520.88
3520.88
3520.88
3520.88
3520.88
3520.88
3520.88
3520.88
3520.88
3520.88
3520.88
3520.88
3520.88
3520.88
3520.88
3520.88
3520.88
3520.88
3520.88
3520.88
3520.88
3520.88
3520.88
3520.88
3520.88
3520.88
3520.88
3520.88
3520.88
3520.88
3520.88
3520.88
3520.88
3520.88
3520.88
3520.88
3520.88
3520.88
3520.88
3520.88
3520.88
3520.88
3520.88
3520.88
3520.88
3520.88
3520.88
3520.88
3520.88
3520.88
3520.88
3520.88
3520.88
3520.88
3520.88
3520.88
3520.88
3520.88
3520.88
3520.88
3520.88
3520.88
3520.88
3520.88
3520.88
3520.88
3520.88
3520.88
3520.88
3520.88
3520.88
3520.88
3520.88
3520.88
3520.88
3520.88
3520.88
3520.88
3520.88
3520.88
3520.88
3520.88
3520.88
3520.88
3520.88
3520.88
3520.88
3520.88
3520.88
3520.88
3520.88
3520.88
3520.88
3520.88
3520.88
3520.88
3520.88
3520.88
3520.88
3520.88
3520.88
3520.88
3520.88
3520.88
3520.88
3520.88
3520.88
3520.88
3520.88
3520.88
3520.88
3520.88
3520.88
3520.88
3520.88
3520.88
3520.88
3520.88
3520.88
3520.88
3520.88
3520.88
3520.88
3520.88
3520.88
3520.88
3520.88
3520.88
3520.88
3520.89
3520.89
3520.89
3520.89
3520.89
3520.89
3520.89
3520.89
3520.89
3520.89
3520.89
3520.89
3520.89
3520.9
3521.04
3522.22
3530.22
3568.76
3693.37
3957.73
4325.18
4649.95
4807.23
4807.11
4745.69
4697.69
4681.9
4684.52
4687.44
4684.43
4680.72
4681.15
4684.58
4688.43
4691.93
4694.89
4697.01
4698.45
4699.44
4700.4
4701.87
4703.78
4705.31
4705.96
4705.56
4704.38
4704.82
3525.68
3525.69
3525.68
3525.67
3525.7
3525.67
3525.65
3525.68
3525.68
3525.6
3525.54
3525.54
3525.57
3525.6
3525.62
3525.62
3525.62
3525.62
3525.62
3525.62
3525.62
3525.62
3525.62
3525.62
3525.62
3525.62
3525.62
3525.62
3525.62
3525.62
3525.62
3525.62
3525.62
3525.62
3525.62
3525.62
3525.62
3525.62
3525.62
3525.62
3525.62
3525.62
3525.62
3525.62
3525.62
3525.62
3525.62
3525.62
3525.62
3525.62
3525.62
3525.62
3525.62
3525.62
3525.62
3525.62
3525.62
3525.62
3525.62
3525.62
3525.62
3525.62
3525.62
3525.62
3525.62
3525.62
3525.62
3525.62
3525.62
3525.62
3525.62
3525.62
3525.62
3525.62
3525.62
3525.62
3525.62
3525.62
3525.62
3525.62
3525.62
3525.62
3525.62
3525.62
3525.62
3525.62
3525.62
3525.62
3525.62
3525.62
3525.62
3525.62
3525.62
3525.62
3525.62
3525.62
3525.62
3525.62
3525.62
3525.62
3525.62
3525.62
3525.62
3525.62
3525.62
3525.62
3525.62
3525.62
3525.62
3525.62
3525.62
3525.62
3525.62
3525.62
3525.62
3525.62
3525.62
3525.62
3525.62
3525.62
3525.62
3525.62
3525.62
3525.62
3525.62
3525.62
3525.62
3525.62
3525.62
3525.62
3525.62
3525.62
3525.62
3525.62
3525.62
3525.62
3525.62
3525.62
3525.62
3525.62
3525.62
3525.62
3525.62
3525.62
3525.62
3525.62
3525.62
3525.62
3525.62
3525.62
3525.62
3525.62
3525.62
3525.62
3525.62
3525.62
3525.62
3525.62
3525.62
3525.62
3525.62
3525.62
3525.62
3525.62
3525.62
3525.62
3525.62
3525.62
3525.62
3525.62
3525.62
3525.62
3525.62
3525.62
3525.62
3525.62
3525.62
3525.62
3525.62
3525.62
3525.62
3525.62
3525.62
3525.62
3525.62
3525.61
3525.62
3525.6
3525.64
3525.58
3525.65
3525.58
3525.65
3525.57
3525.64
3525.58
3525.63
3525.58
3525.61
3525.57
3524.94
3524.83
3524.72
3524.61
3524.5
3524.39
3524.28
3524.16
3524.05
3523.94
3523.82
3523.71
3523.59
3523.48
3523.36
3523.24
3523.13
3523.01
3522.89
3522.77
3522.66
3522.54
3522.42
3522.3
3522.19
3522.07
3521.95
3521.83
3521.71
3521.6
3521.48
3521.36
)
;
    }
    front
    {
        type            empty;
    }
    back
    {
        type            empty;
    }
    outletBottom
    {
        type            calculated;
        value           nonuniform List<scalar> 4(3525.57 3525.37 3525.18 3525.04);
    }
}


// ************************************************************************* //
