/*--------------------------------*- C++ -*----------------------------------*\
  =========                 |
  \\      /  F ield         | OpenFOAM: The Open Source CFD Toolbox
   \\    /   O peration     | Website:  https://openfoam.org
    \\  /    A nd           | Version:  dev
     \\/     M anipulation  |
\*---------------------------------------------------------------------------*/
FoamFile
{
    version     2.0;
    format      ascii;
    class       volScalarField;
    location    "14";
    object      thermo:rho;
}
// * * * * * * * * * * * * * * * * * * * * * * * * * * * * * * * * * * * * * //

dimensions      [1 -3 0 0 0 0 0];

internalField   nonuniform List<scalar> 
8000
(
1.15862
1.15861
1.15861
1.1586
1.15862
1.15861
1.15861
1.1586
1.15862
1.15861
1.15861
1.1586
1.15862
1.15861
1.15861
1.1586
1.15862
1.15861
1.15861
1.1586
1.15862
1.15861
1.15861
1.1586
1.15862
1.15861
1.15861
1.1586
1.15862
1.15861
1.15861
1.1586
1.15862
1.15861
1.15861
1.1586
1.15862
1.15861
1.15861
1.1586
1.15862
1.15861
1.15861
1.1586
1.15862
1.15861
1.15861
1.1586
1.15862
1.15861
1.15861
1.1586
1.15862
1.15861
1.15861
1.15861
1.15862
1.15862
1.15861
1.15861
1.15862
1.15862
1.15861
1.15861
1.15862
1.15862
1.15861
1.15861
1.15862
1.15862
1.15861
1.15861
1.15862
1.15862
1.15861
1.15861
1.15862
1.15862
1.15861
1.15861
1.15862
1.15862
1.15861
1.15861
1.15862
1.15862
1.15861
1.15861
1.15862
1.15862
1.15861
1.15861
1.15862
1.15862
1.15861
1.15861
1.15862
1.15862
1.15861
1.15861
1.15862
1.15862
1.15861
1.15861
1.15862
1.15862
1.15861
1.15861
1.15862
1.15862
1.15861
1.15861
1.15862
1.15862
1.15861
1.15861
1.15862
1.15862
1.15861
1.15861
1.15862
1.15862
1.15861
1.15861
1.15862
1.15862
1.15861
1.15861
1.15862
1.15862
1.15861
1.15861
1.15862
1.15862
1.15861
1.15861
1.15862
1.15862
1.15861
1.15861
1.15862
1.15862
1.15861
1.15861
1.15862
1.15862
1.15861
1.15861
1.15862
1.15862
1.15861
1.15861
1.15862
1.15862
1.15861
1.15861
1.15862
1.15862
1.15861
1.15861
1.15862
1.15862
1.15861
1.15861
1.15862
1.15862
1.15861
1.15861
1.15862
1.15862
1.15861
1.15861
1.15862
1.15862
1.15861
1.15861
1.15862
1.15862
1.15861
1.15861
1.15862
1.15862
1.15861
1.15861
1.15862
1.15862
1.15861
1.15861
1.15862
1.15862
1.15861
1.15861
1.15862
1.15862
1.15861
1.15861
1.15862
1.15862
1.15861
1.15861
1.15862
1.15862
1.15861
1.15861
1.15862
1.15862
1.15861
1.15861
1.15862
1.15862
1.15861
1.15861
1.15862
1.15862
1.15861
1.15861
1.15862
1.15862
1.15861
1.15861
1.15862
1.15862
1.15861
1.15861
1.15862
1.15862
1.15861
1.15861
1.15862
1.15862
1.15861
1.15861
1.15862
1.15862
1.15861
1.15861
1.15862
1.15862
1.15861
1.15861
1.15862
1.15862
1.15861
1.15861
1.15862
1.15862
1.15861
1.15861
1.15862
1.15862
1.15861
1.15861
1.15862
1.15862
1.15861
1.15861
1.15862
1.15862
1.15861
1.15861
1.15862
1.15862
1.15861
1.15861
1.15862
1.15862
1.15861
1.15861
1.15862
1.15862
1.15861
1.15861
1.15862
1.15862
1.15861
1.15861
1.15862
1.15862
1.15861
1.15861
1.15862
1.15862
1.15861
1.15861
1.15862
1.15862
1.15861
1.15861
1.15862
1.15862
1.15861
1.15861
1.15862
1.15862
1.15861
1.15861
1.15862
1.15862
1.15861
1.15861
1.15862
1.15862
1.15861
1.15861
1.15862
1.15862
1.15861
1.15861
1.15862
1.15862
1.15861
1.15861
1.15862
1.15862
1.15861
1.15861
1.15862
1.15862
1.15861
1.15861
1.15862
1.15862
1.15861
1.15861
1.15862
1.15862
1.15861
1.15861
1.15862
1.15862
1.15861
1.15861
1.15862
1.15862
1.15861
1.15861
1.15862
1.15862
1.15861
1.15861
1.15862
1.15862
1.15861
1.15861
1.15862
1.15862
1.15861
1.15861
1.15862
1.15862
1.15861
1.15861
1.15862
1.15862
1.15861
1.15861
1.15862
1.15862
1.15861
1.15861
1.15862
1.15862
1.15861
1.15861
1.15862
1.15862
1.15861
1.15861
1.15862
1.15862
1.15861
1.15861
1.15862
1.15862
1.15861
1.15861
1.15862
1.15862
1.15861
1.15861
1.15862
1.15862
1.15861
1.15861
1.15862
1.15862
1.15861
1.15861
1.15862
1.15862
1.15861
1.15861
1.15862
1.15862
1.15861
1.15861
1.15862
1.15862
1.15861
1.15861
1.15862
1.15862
1.15861
1.15861
1.15862
1.15862
1.15861
1.15861
1.15862
1.15862
1.15861
1.15861
1.15862
1.15862
1.15861
1.15861
1.15862
1.15862
1.15861
1.15861
1.15862
1.15862
1.15861
1.15861
1.15862
1.15862
1.15861
1.15861
1.15862
1.15862
1.15861
1.15861
1.15862
1.15862
1.15861
1.15861
1.15862
1.15862
1.15861
1.15861
1.15862
1.15862
1.15861
1.15861
1.15862
1.15862
1.15861
1.15861
1.15862
1.15862
1.15861
1.15861
1.15862
1.15862
1.15861
1.15861
1.15862
1.15862
1.15861
1.15861
1.15862
1.15862
1.15861
1.15861
1.15862
1.15862
1.15861
1.15861
1.15862
1.15862
1.15861
1.15861
1.15862
1.15862
1.15861
1.15861
1.15862
1.15862
1.15861
1.15861
1.15862
1.15862
1.15861
1.15861
1.15862
1.15862
1.15861
1.15861
1.15862
1.15862
1.15861
1.15861
1.15862
1.15862
1.15861
1.15861
1.15862
1.15862
1.15861
1.15861
1.15862
1.15862
1.15861
1.15861
1.15862
1.15862
1.15861
1.15861
1.15862
1.15862
1.15861
1.15861
1.15862
1.15862
1.15861
1.15861
1.15862
1.15862
1.15861
1.15861
1.15862
1.15862
1.15861
1.15861
1.15862
1.15862
1.15861
1.15861
1.15862
1.15862
1.15861
1.15861
1.15862
1.15862
1.15861
1.15861
1.15862
1.15862
1.15861
1.15861
1.15862
1.15862
1.15861
1.15861
1.15862
1.15862
1.15861
1.15861
1.15862
1.15862
1.15861
1.15861
1.15862
1.15862
1.15861
1.15861
1.15862
1.15862
1.15861
1.15861
1.15862
1.15862
1.15861
1.15861
1.15862
1.15862
1.15861
1.15861
1.15862
1.15862
1.15861
1.15861
1.15862
1.15862
1.15861
1.15861
1.15862
1.15862
1.15861
1.15861
1.15862
1.15862
1.15861
1.15861
1.15862
1.15862
1.15861
1.15861
1.15862
1.15862
1.15861
1.15861
1.15862
1.15862
1.15861
1.15861
1.15862
1.15862
1.15861
1.15861
1.15862
1.15862
1.15861
1.15861
1.15862
1.15862
1.15861
1.15861
1.15862
1.15862
1.15861
1.15861
1.15862
1.15862
1.15861
1.15861
1.15862
1.15862
1.15861
1.15861
1.15862
1.15862
1.15861
1.15861
1.15862
1.15862
1.15861
1.15861
1.15862
1.15862
1.15861
1.15861
1.15862
1.15862
1.15861
1.15861
1.15862
1.15862
1.15861
1.15861
1.15862
1.15862
1.15861
1.15861
1.15862
1.15862
1.15861
1.15861
1.15862
1.15862
1.15861
1.15861
1.15862
1.15862
1.15861
1.15861
1.15862
1.15862
1.15861
1.15861
1.15862
1.15862
1.15861
1.15861
1.15862
1.15862
1.15861
1.15861
1.15862
1.15862
1.15861
1.15861
1.15862
1.15862
1.15861
1.15861
1.15862
1.15862
1.15861
1.15861
1.15862
1.15862
1.15861
1.15861
1.15862
1.15862
1.15861
1.15861
1.15862
1.15862
1.15861
1.15861
1.15862
1.15862
1.15861
1.15861
1.15862
1.15862
1.15861
1.15861
1.15862
1.15862
1.15861
1.15861
1.15862
1.15862
1.15861
1.15861
1.15862
1.15862
1.15861
1.15861
1.15862
1.15862
1.15861
1.15861
1.15862
1.15862
1.15861
1.15861
1.15862
1.15862
1.15861
1.15861
1.15862
1.15862
1.15861
1.15861
1.15862
1.15862
1.15861
1.15861
1.15862
1.15862
1.15861
1.15861
1.15862
1.15862
1.15861
1.15861
1.15862
1.15862
1.15861
1.15861
1.15862
1.15862
1.15861
1.15861
1.15862
1.15862
1.15861
1.15861
1.15862
1.15862
1.15861
1.15861
1.15862
1.15862
1.15861
1.15861
1.15862
1.15862
1.15861
1.15861
1.15862
1.15862
1.15861
1.15861
1.15862
1.15862
1.15861
1.15861
1.15862
1.15862
1.15861
1.15861
1.15862
1.15862
1.15861
1.15861
1.15862
1.15862
1.15861
1.15861
1.15862
1.15862
1.15861
1.15861
1.15862
1.15862
1.15861
1.15861
1.15862
1.15862
1.15861
1.15861
1.15862
1.15862
1.15862
1.15861
1.1586
1.1586
1.1586
1.1586
1.1586
1.1586
1.1586
1.1586
1.1586
1.1586
1.15859
1.1586
1.1586
1.1586
1.1586
1.1586
1.1586
1.1586
1.1586
1.1586
1.1586
1.1586
1.1586
1.1586
1.1586
1.1586
1.1586
1.1586
1.1586
1.1586
1.1586
1.1586
1.1586
1.1586
1.1586
1.1586
1.1586
1.1586
1.1586
1.1586
1.1586
1.1586
1.1586
1.1586
1.1586
1.1586
1.1586
1.1586
1.1586
1.1586
1.1586
1.1586
1.1586
1.1586
1.1586
1.1586
1.1586
1.1586
1.1586
1.1586
1.1586
1.1586
1.1586
1.1586
1.1586
1.1586
1.1586
1.1586
1.1586
1.1586
1.1586
1.1586
1.1586
1.1586
1.1586
1.1586
1.1586
1.1586
1.1586
1.1586
1.1586
1.1586
1.1586
1.1586
1.1586
1.1586
1.1586
1.1586
1.1586
1.1586
1.1586
1.1586
1.1586
1.1586
1.1586
1.1586
1.1586
1.1586
1.1586
1.1586
1.1586
1.1586
1.1586
1.1586
1.1586
1.1586
1.1586
1.1586
1.1586
1.1586
1.1586
1.1586
1.1586
1.1586
1.1586
1.1586
1.1586
1.1586
1.1586
1.1586
1.1586
1.1586
1.1586
1.1586
1.1586
1.1586
1.1586
1.1586
1.1586
1.1586
1.1586
1.1586
1.1586
1.1586
1.1586
1.1586
1.1586
1.1586
1.1586
1.1586
1.1586
1.1586
1.1586
1.1586
1.1586
1.1586
1.1586
1.1586
1.1586
1.1586
1.1586
1.1586
1.1586
1.1586
1.1586
1.1586
1.1586
1.1586
1.1586
1.1586
1.1586
1.1586
1.1586
1.1586
1.1586
1.1586
1.1586
1.1586
1.1586
1.1586
1.1586
1.1586
1.1586
1.1586
1.1586
1.1586
1.1586
1.1586
1.1586
1.1586
1.1586
1.1586
1.1586
1.1586
1.1586
1.1586
1.1586
1.1586
1.1586
1.1586
1.1586
1.1586
1.15861
1.15861
1.15861
1.15861
1.15861
1.15861
1.15861
1.15861
1.1586
1.1586
1.1586
1.1586
1.15859
1.15859
1.1586
1.1586
1.1586
1.15859
1.15859
1.15859
1.15859
1.1586
1.1586
1.1586
1.1586
1.1586
1.1586
1.1586
1.1586
1.1586
1.1586
1.1586
1.1586
1.1586
1.1586
1.1586
1.1586
1.1586
1.1586
1.1586
1.1586
1.1586
1.1586
1.1586
1.1586
1.1586
1.1586
1.1586
1.1586
1.1586
1.1586
1.1586
1.1586
1.1586
1.1586
1.1586
1.1586
1.1586
1.1586
1.1586
1.1586
1.1586
1.1586
1.1586
1.1586
1.1586
1.1586
1.1586
1.1586
1.1586
1.1586
1.1586
1.1586
1.1586
1.1586
1.1586
1.1586
1.1586
1.1586
1.1586
1.1586
1.1586
1.1586
1.1586
1.1586
1.1586
1.1586
1.1586
1.1586
1.1586
1.1586
1.1586
1.1586
1.1586
1.1586
1.1586
1.1586
1.1586
1.1586
1.1586
1.1586
1.1586
1.1586
1.1586
1.1586
1.1586
1.1586
1.1586
1.1586
1.1586
1.1586
1.1586
1.1586
1.1586
1.1586
1.1586
1.1586
1.1586
1.1586
1.1586
1.1586
1.1586
1.1586
1.1586
1.1586
1.1586
1.1586
1.1586
1.1586
1.1586
1.1586
1.1586
1.1586
1.1586
1.1586
1.1586
1.1586
1.1586
1.1586
1.1586
1.1586
1.1586
1.1586
1.1586
1.1586
1.1586
1.1586
1.1586
1.1586
1.1586
1.1586
1.1586
1.1586
1.1586
1.1586
1.1586
1.1586
1.1586
1.1586
1.1586
1.1586
1.1586
1.1586
1.1586
1.1586
1.1586
1.1586
1.1586
1.1586
1.1586
1.1586
1.1586
1.1586
1.1586
1.1586
1.1586
1.1586
1.1586
1.1586
1.1586
1.1586
1.1586
1.1586
1.1586
1.1586
1.1586
1.1586
1.1586
1.1586
1.1586
1.1586
1.1586
1.1586
1.1586
1.1586
1.1586
1.1586
1.1586
1.1586
1.1586
1.1586
1.1586
1.1586
1.1586
1.1586
1.1586
1.1586
1.1586
1.1586
1.1586
1.15859
1.15859
1.15859
1.15859
1.15859
1.15859
1.15859
1.15859
1.15859
1.15859
1.15859
1.15859
1.15859
1.15859
1.15859
1.15859
1.15859
1.15859
1.15859
1.15859
1.15859
1.15859
1.15859
1.15859
1.15859
1.15859
1.15859
1.15859
1.15859
1.15859
1.15859
1.15859
1.15859
1.15859
1.15859
1.15859
1.15859
1.15859
1.15859
1.15859
1.15859
1.15859
1.15859
1.15859
1.15859
1.15859
1.15859
1.15859
1.15859
1.15859
1.15859
1.15859
1.15859
1.15859
1.15859
1.15859
1.15859
1.15859
1.15859
1.15859
1.15859
1.15859
1.15859
1.15859
1.15859
1.15859
1.15859
1.15859
1.15859
1.15859
1.15859
1.15859
1.15859
1.15859
1.15859
1.15859
1.15859
1.15859
1.15859
1.15859
1.15859
1.15859
1.15859
1.15859
1.15859
1.15859
1.15859
1.15859
1.15859
1.15859
1.15859
1.15859
1.15859
1.15859
1.15859
1.15859
1.15859
1.15859
1.15859
1.15859
1.15859
1.15859
1.15859
1.15859
1.15859
1.15859
1.15859
1.15859
1.15859
1.15859
1.15859
1.15859
1.15859
1.15859
1.15859
1.15859
1.15859
1.15859
1.15859
1.15859
1.15859
1.15859
1.15859
1.15859
1.15859
1.15859
1.15859
1.15859
1.15859
1.15859
1.15859
1.15859
1.15859
1.15859
1.15859
1.15859
1.15859
1.15859
1.15859
1.15859
1.15859
1.15859
1.15859
1.15859
1.15859
1.15859
1.15859
1.15859
1.15859
1.15859
1.15859
1.15859
1.15859
1.15859
1.15859
1.15859
1.15859
1.15859
1.15859
1.15859
1.1586
1.1586
1.1586
1.1586
1.1586
1.1586
1.1586
1.1586
1.1586
1.1586
1.1586
1.1586
1.1586
1.1586
1.1586
1.1586
1.1586
1.1586
1.1586
1.1586
1.1586
1.1586
1.1586
1.1586
1.1586
1.1586
1.1586
1.1586
1.1586
1.1586
1.1586
1.1586
1.1586
1.1586
1.1586
1.1586
1.1586
1.1586
1.15859
1.15859
1.15859
1.15859
1.15858
1.15858
1.15858
1.15858
1.15858
1.15858
1.15858
1.15858
1.15859
1.15859
1.15859
1.15859
1.15859
1.15859
1.15859
1.15859
1.15859
1.15859
1.15859
1.15859
1.15859
1.15859
1.15859
1.15859
1.15859
1.15859
1.15859
1.15859
1.15859
1.15859
1.15859
1.15859
1.15859
1.15859
1.15859
1.15859
1.15859
1.15859
1.15859
1.15859
1.15859
1.15859
1.15859
1.15859
1.15859
1.15859
1.15859
1.15859
1.15859
1.15859
1.15859
1.15859
1.15859
1.15859
1.15859
1.15859
1.15859
1.15859
1.15859
1.15859
1.15859
1.15859
1.15859
1.15859
1.15859
1.15859
1.15859
1.15859
1.15859
1.15859
1.15859
1.15859
1.15859
1.15859
1.15859
1.15859
1.15859
1.15859
1.15859
1.15859
1.15859
1.15859
1.15859
1.15859
1.15859
1.15859
1.15859
1.15859
1.15859
1.15859
1.15859
1.15859
1.15859
1.15859
1.15859
1.15859
1.15859
1.15859
1.15859
1.15859
1.15859
1.15859
1.15859
1.15859
1.15859
1.15859
1.15859
1.15859
1.15859
1.15859
1.15859
1.15859
1.15859
1.15859
1.15859
1.15859
1.15859
1.15859
1.15859
1.15859
1.15859
1.15859
1.15859
1.15859
1.15859
1.15859
1.15859
1.15859
1.15859
1.15859
1.15859
1.15859
1.15859
1.15859
1.15859
1.15859
1.15859
1.15859
1.15859
1.15859
1.15859
1.15859
1.15859
1.15859
1.15859
1.15859
1.15859
1.15859
1.15859
1.15859
1.15859
1.15859
1.15859
1.15859
1.15859
1.15859
1.15859
1.15859
1.15859
1.15859
1.15859
1.15859
1.15859
1.15859
1.15859
1.15859
1.15859
1.15859
1.15859
1.15859
1.15859
1.15859
1.15859
1.15859
1.15859
1.15859
1.15859
1.15859
1.15859
1.15859
1.15859
1.15859
1.15859
1.15859
1.15859
1.15859
1.15859
1.15859
1.15859
1.15859
1.15859
1.15859
1.15859
1.15859
1.15859
1.15859
1.15859
1.15859
1.15859
1.15858
1.15858
1.15858
1.15858
1.15858
1.15858
1.15858
1.15858
1.15858
1.15858
1.15858
1.15858
1.15858
1.15859
1.15859
1.15859
1.15859
1.15859
1.15859
1.15859
1.15859
1.15859
1.15859
1.15859
1.15859
1.15859
1.15859
1.15859
1.15859
1.15859
1.15859
1.15859
1.15859
1.15859
1.15859
1.15859
1.15859
1.15859
1.15859
1.15859
1.15859
1.15859
1.15859
1.15859
1.15859
1.15859
1.15859
1.15859
1.15859
1.15859
1.15859
1.15859
1.15859
1.15859
1.15859
1.15859
1.15859
1.15859
1.15859
1.15859
1.15859
1.15859
1.15859
1.15859
1.15859
1.15859
1.15859
1.15859
1.15859
1.15859
1.15859
1.15859
1.15859
1.15859
1.15859
1.15859
1.15859
1.15859
1.15859
1.15859
1.15859
1.15859
1.15859
1.15859
1.15859
1.15859
1.15859
1.15859
1.15859
1.15859
1.15859
1.15859
1.15859
1.15859
1.15859
1.15859
1.15859
1.15859
1.15859
1.15859
1.15859
1.15859
1.15859
1.15859
1.15859
1.15859
1.15859
1.15859
1.15859
1.15859
1.15859
1.15859
1.15859
1.15859
1.15859
1.15859
1.15859
1.15859
1.15859
1.15859
1.15859
1.15859
1.15859
1.15859
1.15859
1.15859
1.15859
1.15859
1.15859
1.15859
1.15859
1.15859
1.15859
1.15859
1.15859
1.15859
1.15859
1.15859
1.15859
1.15859
1.15859
1.15859
1.15859
1.15859
1.15859
1.15859
1.15859
1.15859
1.15859
1.15859
1.15859
1.15859
1.15859
1.15859
1.15859
1.15859
1.15859
1.15859
1.15859
1.15859
1.15859
1.15859
1.15859
1.15859
1.15859
1.15859
1.15859
1.15859
1.15859
1.15859
1.15859
1.15859
1.15859
1.15859
1.15859
1.15859
1.15859
1.15859
1.15859
1.15859
1.15859
1.15859
1.15859
1.15859
1.15859
1.15859
1.15859
1.15859
1.15859
1.15859
1.15859
1.15859
1.15859
1.15859
1.15859
1.15859
1.15859
1.15858
1.15858
1.15858
1.15858
1.15858
1.15858
1.15858
1.15857
1.15857
1.15858
1.15858
1.15858
1.15858
1.15858
1.15858
1.15858
1.15858
1.15858
1.15858
1.15858
1.15858
1.15858
1.15858
1.15858
1.15858
1.15858
1.15858
1.15858
1.15858
1.15858
1.15858
1.15858
1.15858
1.15858
1.15858
1.15858
1.15858
1.15858
1.15858
1.15858
1.15858
1.15858
1.15858
1.15858
1.15858
1.15858
1.15858
1.15858
1.15858
1.15858
1.15858
1.15858
1.15858
1.15858
1.15858
1.15858
1.15858
1.15858
1.15858
1.15858
1.15858
1.15858
1.15858
1.15858
1.15858
1.15858
1.15858
1.15858
1.15858
1.15858
1.15858
1.15858
1.15858
1.15858
1.15858
1.15858
1.15858
1.15858
1.15858
1.15858
1.15858
1.15858
1.15858
1.15858
1.15858
1.15858
1.15858
1.15858
1.15858
1.15858
1.15858
1.15858
1.15858
1.15858
1.15858
1.15858
1.15858
1.15858
1.15858
1.15858
1.15858
1.15858
1.15858
1.15858
1.15858
1.15858
1.15858
1.15858
1.15858
1.15858
1.15858
1.15858
1.15858
1.15858
1.15858
1.15858
1.15858
1.15858
1.15858
1.15858
1.15858
1.15858
1.15858
1.15858
1.15858
1.15858
1.15858
1.15858
1.15858
1.15858
1.15858
1.15858
1.15858
1.15858
1.15858
1.15858
1.15858
1.15858
1.15858
1.15858
1.15858
1.15858
1.15858
1.15858
1.15858
1.15858
1.15858
1.15858
1.15858
1.15858
1.15858
1.15858
1.15858
1.15858
1.15858
1.15858
1.15858
1.15858
1.15858
1.15858
1.15858
1.15858
1.15858
1.15858
1.15858
1.15858
1.15858
1.15858
1.15858
1.15858
1.15858
1.15858
1.15858
1.15858
1.15858
1.15858
1.15858
1.15858
1.15858
1.15858
1.15858
1.15858
1.15858
1.15858
1.15858
1.15858
1.15858
1.15858
1.15858
1.15858
1.15858
1.15858
1.15858
1.15858
1.15858
1.15858
1.15859
1.15859
1.15859
1.15859
1.15858
1.15858
1.15858
1.15858
1.15858
1.15857
1.15857
1.15857
1.15857
1.15857
1.15857
1.15858
1.15858
1.15858
1.15858
1.15858
1.15858
1.15858
1.15858
1.15858
1.15858
1.15858
1.15858
1.15858
1.15858
1.15858
1.15858
1.15858
1.15858
1.15858
1.15858
1.15858
1.15858
1.15858
1.15858
1.15858
1.15858
1.15858
1.15858
1.15858
1.15858
1.15858
1.15858
1.15858
1.15858
1.15858
1.15858
1.15858
1.15858
1.15858
1.15858
1.15858
1.15858
1.15858
1.15858
1.15858
1.15858
1.15858
1.15858
1.15858
1.15858
1.15858
1.15858
1.15858
1.15858
1.15858
1.15858
1.15858
1.15858
1.15858
1.15858
1.15858
1.15858
1.15858
1.15858
1.15858
1.15858
1.15858
1.15858
1.15858
1.15858
1.15858
1.15858
1.15858
1.15858
1.15858
1.15858
1.15858
1.15858
1.15858
1.15858
1.15858
1.15858
1.15858
1.15858
1.15858
1.15858
1.15858
1.15858
1.15858
1.15858
1.15858
1.15858
1.15858
1.15858
1.15858
1.15858
1.15858
1.15858
1.15858
1.15858
1.15858
1.15858
1.15858
1.15858
1.15858
1.15858
1.15858
1.15858
1.15858
1.15858
1.15858
1.15858
1.15858
1.15858
1.15858
1.15858
1.15858
1.15858
1.15858
1.15858
1.15858
1.15858
1.15858
1.15858
1.15858
1.15858
1.15858
1.15858
1.15858
1.15858
1.15858
1.15858
1.15858
1.15858
1.15858
1.15858
1.15858
1.15858
1.15858
1.15858
1.15858
1.15858
1.15858
1.15858
1.15858
1.15858
1.15858
1.15858
1.15858
1.15858
1.15858
1.15858
1.15858
1.15858
1.15858
1.15858
1.15858
1.15858
1.15858
1.15858
1.15858
1.15858
1.15858
1.15858
1.15858
1.15858
1.15858
1.15858
1.15858
1.15858
1.15858
1.15858
1.15858
1.15858
1.15858
1.15858
1.15858
1.15858
1.15858
1.15858
1.15858
1.15858
1.15858
1.15858
1.15858
1.15858
1.15858
1.15858
1.15858
1.15857
1.15857
1.15857
1.15857
1.15857
1.15857
1.15857
1.15857
1.15857
1.15857
1.15857
1.15857
1.15857
1.15857
1.15857
1.15857
1.15857
1.15857
1.15857
1.15857
1.15857
1.15857
1.15857
1.15857
1.15857
1.15857
1.15857
1.15857
1.15857
1.15857
1.15857
1.15857
1.15857
1.15857
1.15857
1.15857
1.15857
1.15857
1.15857
1.15857
1.15857
1.15857
1.15857
1.15857
1.15857
1.15857
1.15857
1.15857
1.15857
1.15857
1.15857
1.15857
1.15857
1.15857
1.15857
1.15857
1.15857
1.15857
1.15857
1.15857
1.15857
1.15857
1.15857
1.15857
1.15857
1.15857
1.15857
1.15857
1.15857
1.15857
1.15857
1.15857
1.15857
1.15857
1.15857
1.15857
1.15857
1.15857
1.15857
1.15857
1.15857
1.15857
1.15857
1.15857
1.15857
1.15857
1.15857
1.15857
1.15857
1.15857
1.15857
1.15857
1.15857
1.15857
1.15857
1.15857
1.15857
1.15857
1.15857
1.15857
1.15857
1.15857
1.15857
1.15857
1.15857
1.15857
1.15857
1.15857
1.15857
1.15857
1.15857
1.15857
1.15857
1.15857
1.15857
1.15857
1.15857
1.15857
1.15857
1.15857
1.15857
1.15857
1.15857
1.15857
1.15857
1.15857
1.15857
1.15857
1.15857
1.15857
1.15857
1.15857
1.15857
1.15857
1.15857
1.15857
1.15857
1.15857
1.15857
1.15857
1.15857
1.15857
1.15857
1.15857
1.15857
1.15857
1.15857
1.15857
1.15857
1.15857
1.15857
1.15857
1.15857
1.15857
1.15857
1.15857
1.15857
1.15857
1.15857
1.15857
1.15857
1.15857
1.15857
1.15857
1.15857
1.15857
1.15857
1.15857
1.15857
1.15857
1.15857
1.15857
1.15857
1.15857
1.15857
1.15857
1.15857
1.15857
1.15857
1.15857
1.15857
1.15857
1.15857
1.15857
1.15857
1.15857
1.15857
1.15857
1.15857
1.15857
1.15858
1.15858
1.15858
1.15858
1.15858
1.15858
1.15858
1.15858
1.15858
1.15858
1.15857
1.15857
1.15857
1.15857
1.15857
1.15857
1.15857
1.15857
1.15857
1.15857
1.15857
1.15857
1.15857
1.15857
1.15857
1.15857
1.15857
1.15857
1.15857
1.15857
1.15857
1.15857
1.15857
1.15857
1.15857
1.15857
1.15857
1.15857
1.15857
1.15857
1.15857
1.15857
1.15857
1.15857
1.15857
1.15857
1.15857
1.15857
1.15857
1.15857
1.15857
1.15857
1.15857
1.15857
1.15857
1.15857
1.15857
1.15857
1.15857
1.15857
1.15857
1.15857
1.15857
1.15857
1.15857
1.15857
1.15857
1.15857
1.15857
1.15857
1.15857
1.15857
1.15857
1.15857
1.15857
1.15857
1.15857
1.15857
1.15857
1.15857
1.15857
1.15857
1.15857
1.15857
1.15857
1.15857
1.15857
1.15857
1.15857
1.15857
1.15857
1.15857
1.15857
1.15857
1.15857
1.15857
1.15857
1.15857
1.15857
1.15857
1.15857
1.15857
1.15857
1.15857
1.15857
1.15857
1.15857
1.15857
1.15857
1.15857
1.15857
1.15857
1.15857
1.15857
1.15857
1.15857
1.15857
1.15857
1.15857
1.15857
1.15857
1.15857
1.15857
1.15857
1.15857
1.15857
1.15857
1.15857
1.15857
1.15857
1.15857
1.15857
1.15857
1.15857
1.15857
1.15857
1.15857
1.15857
1.15857
1.15857
1.15857
1.15857
1.15857
1.15857
1.15857
1.15857
1.15857
1.15857
1.15857
1.15857
1.15857
1.15857
1.15857
1.15857
1.15857
1.15857
1.15857
1.15857
1.15857
1.15857
1.15857
1.15857
1.15857
1.15857
1.15857
1.15857
1.15857
1.15857
1.15857
1.15857
1.15857
1.15857
1.15857
1.15857
1.15857
1.15857
1.15857
1.15857
1.15857
1.15857
1.15857
1.15857
1.15857
1.15857
1.15857
1.15857
1.15857
1.15857
1.15857
1.15857
1.15857
1.15857
1.15857
1.15857
1.15857
1.15857
1.15857
1.15857
1.15857
1.15857
1.15857
1.15857
1.15857
1.15857
1.15857
1.15857
1.15857
1.15857
1.15857
1.15857
1.15856
1.15856
1.15856
1.15856
1.15856
1.15856
1.15856
1.15856
1.15856
1.15856
1.15856
1.15856
1.15856
1.15856
1.15856
1.15856
1.15856
1.15856
1.15856
1.15856
1.15856
1.15856
1.15856
1.15856
1.15856
1.15856
1.15856
1.15856
1.15856
1.15856
1.15856
1.15856
1.15856
1.15856
1.15856
1.15856
1.15856
1.15856
1.15856
1.15856
1.15856
1.15856
1.15856
1.15856
1.15856
1.15856
1.15856
1.15856
1.15856
1.15856
1.15856
1.15856
1.15856
1.15856
1.15856
1.15856
1.15856
1.15856
1.15856
1.15856
1.15856
1.15856
1.15856
1.15856
1.15856
1.15856
1.15856
1.15856
1.15856
1.15856
1.15856
1.15856
1.15856
1.15856
1.15856
1.15856
1.15856
1.15856
1.15856
1.15856
1.15856
1.15856
1.15856
1.15856
1.15856
1.15856
1.15856
1.15856
1.15856
1.15856
1.15856
1.15856
1.15856
1.15856
1.15856
1.15856
1.15856
1.15856
1.15856
1.15856
1.15856
1.15856
1.15856
1.15856
1.15856
1.15856
1.15856
1.15856
1.15856
1.15856
1.15856
1.15856
1.15856
1.15856
1.15856
1.15856
1.15856
1.15856
1.15856
1.15856
1.15856
1.15856
1.15856
1.15856
1.15856
1.15856
1.15856
1.15856
1.15856
1.15856
1.15856
1.15856
1.15856
1.15856
1.15856
1.15856
1.15856
1.15856
1.15856
1.15856
1.15856
1.15856
1.15856
1.15856
1.15856
1.15856
1.15856
1.15856
1.15856
1.15856
1.15856
1.15856
1.15856
1.15856
1.15856
1.15856
1.15856
1.15856
1.15856
1.15856
1.15856
1.15856
1.15856
1.15856
1.15856
1.15856
1.15856
1.15856
1.15856
1.15857
1.15857
1.15857
1.15857
1.15857
1.15857
1.15857
1.15857
1.15857
1.15857
1.15857
1.15857
1.15857
1.15857
1.15857
1.15857
1.15857
1.15857
1.15857
1.15857
1.15857
1.15857
1.15857
1.15857
1.15857
1.15857
1.15857
1.15857
1.15857
1.15857
1.15857
1.15856
1.15856
1.15856
1.15856
1.15856
1.15856
1.15856
1.15856
1.15856
1.15856
1.15856
1.15856
1.15856
1.15856
1.15856
1.15856
1.15856
1.15856
1.15856
1.15856
1.15856
1.15856
1.15856
1.15856
1.15856
1.15856
1.15856
1.15856
1.15856
1.15856
1.15856
1.15856
1.15856
1.15856
1.15856
1.15856
1.15856
1.15856
1.15856
1.15856
1.15856
1.15856
1.15856
1.15856
1.15856
1.15856
1.15856
1.15856
1.15856
1.15856
1.15856
1.15856
1.15856
1.15856
1.15856
1.15856
1.15856
1.15856
1.15856
1.15856
1.15856
1.15856
1.15856
1.15856
1.15856
1.15856
1.15856
1.15856
1.15856
1.15856
1.15856
1.15856
1.15856
1.15856
1.15856
1.15856
1.15856
1.15856
1.15856
1.15856
1.15856
1.15856
1.15856
1.15856
1.15856
1.15856
1.15856
1.15856
1.15856
1.15856
1.15856
1.15856
1.15856
1.15856
1.15856
1.15856
1.15856
1.15856
1.15856
1.15856
1.15856
1.15856
1.15856
1.15856
1.15856
1.15856
1.15856
1.15856
1.15856
1.15856
1.15856
1.15856
1.15856
1.15856
1.15856
1.15856
1.15856
1.15856
1.15856
1.15856
1.15856
1.15856
1.15856
1.15856
1.15856
1.15856
1.15856
1.15856
1.15856
1.15856
1.15856
1.15856
1.15856
1.15856
1.15856
1.15856
1.15856
1.15856
1.15856
1.15856
1.15856
1.15856
1.15856
1.15856
1.15856
1.15856
1.15856
1.15856
1.15856
1.15856
1.15856
1.15856
1.15856
1.15856
1.15856
1.15856
1.15856
1.15856
1.15856
1.15856
1.15856
1.15856
1.15856
1.15856
1.15856
1.15856
1.15856
1.15856
1.15856
1.15856
1.15856
1.15856
1.15856
1.15856
1.15856
1.15856
1.15856
1.15856
1.15856
1.15856
1.15856
1.15856
1.15856
1.15856
1.15856
1.15856
1.15856
1.15856
1.15856
1.15856
1.15856
1.15856
1.15856
1.15856
1.15856
1.15856
1.15856
1.15856
1.15856
1.15856
1.15856
1.15856
1.15856
1.15856
1.15856
1.15856
1.15856
1.15855
1.15855
1.15855
1.15856
1.15856
1.15856
1.15856
1.15856
1.15856
1.15856
1.15856
1.15856
1.15856
1.15856
1.15856
1.15856
1.15856
1.15856
1.15856
1.15856
1.15856
1.15856
1.15856
1.15856
1.15856
1.15856
1.15856
1.15856
1.15856
1.15856
1.15856
1.15856
1.15856
1.15856
1.15856
1.15856
1.15856
1.15856
1.15856
1.15856
1.15856
1.15856
1.15856
1.15856
1.15856
1.15856
1.15856
1.15856
1.15856
1.15856
1.15856
1.15856
1.15856
1.15856
1.15856
1.15856
1.15856
1.15856
1.15856
1.15856
1.15856
1.15856
1.15856
1.15856
1.15856
1.15856
1.15856
1.15856
1.15856
1.15856
1.15856
1.15856
1.15856
1.15856
1.15856
1.15856
1.15856
1.15856
1.15856
1.15856
1.15856
1.15856
1.15856
1.15856
1.15856
1.15856
1.15856
1.15856
1.15856
1.15856
1.15856
1.15856
1.15856
1.15856
1.15856
1.15856
1.15856
1.15856
1.15856
1.15856
1.15856
1.15856
1.15856
1.15856
1.15856
1.15856
1.15856
1.15856
1.15856
1.15856
1.15856
1.15856
1.15856
1.15856
1.15856
1.15856
1.15856
1.15856
1.15856
1.15856
1.15856
1.15856
1.15856
1.15856
1.15856
1.15856
1.15856
1.15856
1.15856
1.15856
1.15856
1.15856
1.15856
1.15856
1.15856
1.15856
1.15856
1.15856
1.15856
1.15856
1.15856
1.15856
1.15856
1.15856
1.15856
1.15856
1.15856
1.15856
1.15856
1.15856
1.15856
1.15856
1.15856
1.15856
1.15856
1.15856
1.15856
1.15856
1.15856
1.15856
1.15856
1.15856
1.15856
1.15856
1.15856
1.15856
1.15856
1.15856
1.15856
1.15856
1.15856
1.15856
1.15856
1.15856
1.15856
1.15856
1.15856
1.15856
1.15856
1.15856
1.15856
1.15856
1.15856
1.15856
1.15856
1.15856
1.15856
1.15856
1.15856
1.15856
1.15856
1.15856
1.15856
1.15855
1.15855
1.15855
1.15855
1.15855
1.15855
1.15855
1.15855
1.15855
1.15855
1.15855
1.15855
1.15855
1.15855
1.15855
1.15855
1.15855
1.15855
1.15855
1.15855
1.15855
1.15855
1.15855
1.15855
1.15855
1.15855
1.15855
1.15855
1.15855
1.15855
1.15855
1.15855
1.15855
1.15855
1.15855
1.15855
1.15855
1.15855
1.15855
1.15855
1.15855
1.15855
1.15855
1.15855
1.15855
1.15855
1.15855
1.15855
1.15855
1.15855
1.15855
1.15855
1.15855
1.15855
1.15855
1.15855
1.15855
1.15855
1.15855
1.15855
1.15855
1.15855
1.15855
1.15855
1.15855
1.15855
1.15855
1.15855
1.15855
1.15855
1.15855
1.15855
1.15855
1.15855
1.15855
1.15855
1.15855
1.15855
1.15855
1.15855
1.15855
1.15855
1.15855
1.15855
1.15855
1.15855
1.15855
1.15855
1.15855
1.15855
1.15855
1.15855
1.15855
1.15855
1.15855
1.15855
1.15855
1.15855
1.15855
1.15855
1.15855
1.15855
1.15855
1.15855
1.15855
1.15855
1.15855
1.15855
1.15855
1.15855
1.15855
1.15855
1.15855
1.15855
1.15855
1.15855
1.15855
1.15855
1.15855
1.15855
1.15855
1.15855
1.15855
1.15855
1.15855
1.15855
1.15855
1.15855
1.15855
1.15855
1.15855
1.15855
1.15855
1.15855
1.15855
1.15855
1.15855
1.15855
1.15855
1.15855
1.15855
1.15855
1.15855
1.15855
1.15855
1.15855
1.15855
1.15855
1.15855
1.15855
1.15855
1.15855
1.15855
1.15855
1.15855
1.15855
1.15855
1.15855
1.15855
1.15855
1.15855
1.15855
1.15855
1.15855
1.15855
1.15855
1.15855
1.15855
1.15855
1.15855
1.15855
1.15855
1.15855
1.15855
1.15855
1.15855
1.15855
1.15855
1.15855
1.15855
1.15855
1.15855
1.15855
1.15855
1.15855
1.15855
1.15855
1.15855
1.15855
1.15855
1.15855
1.15855
1.15855
1.15855
1.15855
1.15855
1.15855
1.15855
1.15855
1.15855
1.15855
1.15855
1.15855
1.15855
1.15855
1.15855
1.15855
1.15855
1.15855
1.15855
1.15855
1.15855
1.15855
1.15855
1.15855
1.15855
1.15855
1.15855
1.15855
1.15855
1.15855
1.15855
1.15855
1.15855
1.15855
1.15855
1.15855
1.15855
1.15855
1.15855
1.15855
1.15855
1.15855
1.15855
1.15855
1.15855
1.15855
1.15855
1.15855
1.15855
1.15855
1.15855
1.15855
1.15855
1.15855
1.15855
1.15855
1.15855
1.15855
1.15855
1.15855
1.15855
1.15855
1.15855
1.15855
1.15855
1.15855
1.15855
1.15855
1.15855
1.15855
1.15855
1.15855
1.15855
1.15855
1.15855
1.15855
1.15855
1.15855
1.15855
1.15855
1.15855
1.15855
1.15855
1.15855
1.15855
1.15855
1.15855
1.15855
1.15855
1.15855
1.15855
1.15855
1.15855
1.15855
1.15855
1.15855
1.15855
1.15855
1.15855
1.15855
1.15855
1.15855
1.15855
1.15855
1.15855
1.15855
1.15855
1.15855
1.15855
1.15855
1.15855
1.15855
1.15855
1.15855
1.15855
1.15855
1.15855
1.15855
1.15855
1.15855
1.15855
1.15855
1.15855
1.15855
1.15855
1.15855
1.15855
1.15855
1.15855
1.15855
1.15855
1.15855
1.15855
1.15855
1.15855
1.15855
1.15855
1.15855
1.15855
1.15855
1.15855
1.15855
1.15855
1.15855
1.15855
1.15855
1.15855
1.15855
1.15855
1.15855
1.15855
1.15855
1.15855
1.15855
1.15855
1.15855
1.15855
1.15855
1.15855
1.15855
1.15855
1.15855
1.15855
1.15855
1.15855
1.15855
1.15855
1.15855
1.15855
1.15855
1.15855
1.15855
1.15855
1.15855
1.15855
1.15855
1.15855
1.15855
1.15855
1.15855
1.15855
1.15855
1.15855
1.15855
1.15855
1.15855
1.15855
1.15855
1.15855
1.15855
1.15855
1.15855
1.15855
1.15855
1.15855
1.15855
1.15855
1.15855
1.15855
1.15855
1.15855
1.15855
1.15855
1.15855
1.15855
1.15855
1.15855
1.15855
1.15855
1.15854
1.15854
1.15854
1.15854
1.15854
1.15854
1.15854
1.15854
1.15854
1.15854
1.15854
1.15854
1.15854
1.15854
1.15854
1.15854
1.15854
1.15854
1.15854
1.15854
1.15854
1.15854
1.15854
1.15854
1.15854
1.15854
1.15854
1.15854
1.15854
1.15854
1.15854
1.15854
1.15854
1.15854
1.15854
1.15854
1.15854
1.15854
1.15854
1.15854
1.15854
1.15854
1.15854
1.15854
1.15854
1.15854
1.15854
1.15854
1.15854
1.15854
1.15854
1.15854
1.15854
1.15854
1.15854
1.15854
1.15854
1.15854
1.15854
1.15854
1.15854
1.15854
1.15854
1.15854
1.15854
1.15854
1.15854
1.15854
1.15854
1.15854
1.15854
1.15854
1.15854
1.15854
1.15854
1.15854
1.15854
1.15854
1.15854
1.15854
1.15854
1.15854
1.15854
1.15854
1.15854
1.15854
1.15854
1.15854
1.15854
1.15854
1.15854
1.15854
1.15854
1.15854
1.15854
1.15854
1.15854
1.15854
1.15854
1.15854
1.15854
1.15854
1.15854
1.15854
1.15854
1.15854
1.15854
1.15854
1.15854
1.15854
1.15854
1.15854
1.15854
1.15854
1.15854
1.15854
1.15854
1.15854
1.15854
1.15854
1.15854
1.15854
1.15854
1.15854
1.15854
1.15854
1.15854
1.15854
1.15854
1.15854
1.15854
1.15854
1.15854
1.15854
1.15854
1.15854
1.15854
1.15854
1.15854
1.15854
1.15854
1.15854
1.15854
1.15854
1.15854
1.15854
1.15854
1.15854
1.15854
1.15854
1.15854
1.15854
1.15854
1.15854
1.15854
1.15854
1.15854
1.15854
1.15854
1.15854
1.15854
1.15854
1.15854
1.15854
1.15854
1.15854
1.15854
1.15854
1.15854
1.15854
1.15854
1.15854
1.15854
1.15854
1.15854
1.15854
1.15854
1.15854
1.15854
1.15854
1.15854
1.15854
1.15854
1.15854
1.15854
1.15854
1.15854
1.15854
1.15854
1.15854
1.15854
1.15854
1.15854
1.15854
1.15854
1.15854
1.15855
1.15855
1.15855
1.15855
1.15854
1.15854
1.15854
1.15854
1.15854
1.15854
1.15854
1.15854
1.15854
1.15854
1.15854
1.15854
1.15854
1.15854
1.15854
1.15854
1.15854
1.15854
1.15854
1.15854
1.15854
1.15854
1.15854
1.15854
1.15854
1.15854
1.15854
1.15854
1.15854
1.15854
1.15854
1.15854
1.15854
1.15854
1.15854
1.15854
1.15854
1.15854
1.15854
1.15854
1.15854
1.15854
1.15854
1.15854
1.15854
1.15854
1.15854
1.15854
1.15854
1.15854
1.15854
1.15854
1.15854
1.15854
1.15854
1.15854
1.15854
1.15854
1.15854
1.15854
1.15854
1.15854
1.15854
1.15854
1.15854
1.15854
1.15854
1.15854
1.15854
1.15854
1.15854
1.15854
1.15854
1.15854
1.15854
1.15854
1.15854
1.15854
1.15854
1.15854
1.15854
1.15854
1.15854
1.15854
1.15854
1.15854
1.15854
1.15854
1.15854
1.15854
1.15854
1.15854
1.15854
1.15854
1.15854
1.15854
1.15854
1.15854
1.15854
1.15854
1.15854
1.15854
1.15854
1.15854
1.15854
1.15854
1.15854
1.15854
1.15854
1.15854
1.15854
1.15854
1.15854
1.15854
1.15854
1.15854
1.15854
1.15854
1.15854
1.15854
1.15854
1.15854
1.15854
1.15854
1.15854
1.15854
1.15854
1.15854
1.15854
1.15854
1.15854
1.15854
1.15854
1.15854
1.15854
1.15854
1.15854
1.15854
1.15854
1.15854
1.15854
1.15854
1.15854
1.15854
1.15854
1.15854
1.15854
1.15854
1.15854
1.15854
1.15854
1.15854
1.15854
1.15854
1.15854
1.15854
1.15854
1.15854
1.15854
1.15854
1.15854
1.15854
1.15854
1.15854
1.15854
1.15854
1.15854
1.15854
1.15854
1.15854
1.15854
1.15854
1.15854
1.15854
1.15854
1.15854
1.15854
1.15854
1.15854
1.15854
1.15854
1.15854
1.15854
1.15854
1.15854
1.15854
1.15854
1.15854
1.15854
1.15854
1.15854
1.15854
1.15854
1.15854
1.15854
1.15854
1.15854
1.15854
1.15854
1.15854
1.15853
1.15853
1.15853
1.15853
1.15853
1.15853
1.15853
1.15853
1.15853
1.15853
1.15853
1.15853
1.15853
1.15853
1.15853
1.15853
1.15853
1.15853
1.15853
1.15853
1.15853
1.15853
1.15853
1.15853
1.15853
1.15853
1.15853
1.15853
1.15853
1.15853
1.15853
1.15853
1.15853
1.15853
1.15853
1.15853
1.15853
1.15853
1.15853
1.15853
1.15853
1.15853
1.15853
1.15853
1.15853
1.15853
1.15853
1.15853
1.15853
1.15853
1.15853
1.15853
1.15853
1.15853
1.15853
1.15853
1.15853
1.15853
1.15853
1.15853
1.15853
1.15853
1.15853
1.15853
1.15853
1.15853
1.15853
1.15853
1.15853
1.15853
1.15853
1.15853
1.15853
1.15853
1.15853
1.15853
1.15853
1.15853
1.15853
1.15853
1.15853
1.15853
1.15853
1.15853
1.15853
1.15853
1.15853
1.15853
1.15853
1.15853
1.15853
1.15853
1.15853
1.15853
1.15853
1.15853
1.15853
1.15853
1.15853
1.15853
1.15853
1.15853
1.15853
1.15853
1.15853
1.15853
1.15853
1.15853
1.15853
1.15853
1.15853
1.15853
1.15853
1.15853
1.15853
1.15853
1.15853
1.15853
1.15853
1.15853
1.15853
1.15853
1.15853
1.15853
1.15853
1.15853
1.15853
1.15853
1.15853
1.15853
1.15853
1.15853
1.15853
1.15853
1.15853
1.15853
1.15853
1.15853
1.15853
1.15853
1.15853
1.15853
1.15853
1.15853
1.15853
1.15853
1.15853
1.15853
1.15853
1.15853
1.15853
1.15853
1.15853
1.15853
1.15853
1.15853
1.15853
1.15853
1.15853
1.15853
1.15853
1.15853
1.15853
1.15853
1.15853
1.15853
1.15853
1.15853
1.15853
1.15853
1.15853
1.15853
1.15853
1.15853
1.15854
1.15854
1.15854
1.15854
1.15854
1.15854
1.15854
1.15854
1.15854
1.15854
1.15854
1.15854
1.15854
1.15854
1.15854
1.15854
1.15854
1.15854
1.15854
1.15854
1.15854
1.15854
1.15854
1.15854
1.15854
1.15854
1.15853
1.15853
1.15853
1.15853
1.15853
1.15853
1.15853
1.15853
1.15853
1.15853
1.15853
1.15853
1.15853
1.15853
1.15853
1.15853
1.15853
1.15853
1.15853
1.15853
1.15853
1.15853
1.15853
1.15853
1.15853
1.15853
1.15853
1.15853
1.15853
1.15853
1.15853
1.15853
1.15853
1.15853
1.15853
1.15853
1.15853
1.15853
1.15853
1.15853
1.15853
1.15853
1.15853
1.15853
1.15853
1.15853
1.15853
1.15853
1.15853
1.15853
1.15853
1.15853
1.15853
1.15853
1.15853
1.15853
1.15853
1.15853
1.15853
1.15853
1.15853
1.15853
1.15853
1.15853
1.15853
1.15853
1.15853
1.15853
1.15853
1.15853
1.15853
1.15853
1.15853
1.15853
1.15853
1.15853
1.15853
1.15853
1.15853
1.15853
1.15853
1.15853
1.15853
1.15853
1.15853
1.15853
1.15853
1.15853
1.15853
1.15853
1.15853
1.15853
1.15853
1.15853
1.15853
1.15853
1.15853
1.15853
1.15853
1.15853
1.15853
1.15853
1.15853
1.15853
1.15853
1.15853
1.15853
1.15853
1.15853
1.15853
1.15853
1.15853
1.15853
1.15853
1.15853
1.15853
1.15853
1.15853
1.15853
1.15853
1.15853
1.15853
1.15853
1.15853
1.15853
1.15853
1.15853
1.15853
1.15853
1.15853
1.15853
1.15853
1.15853
1.15853
1.15853
1.15853
1.15853
1.15853
1.15853
1.15853
1.15853
1.15853
1.15853
1.15853
1.15853
1.15853
1.15853
1.15853
1.15853
1.15853
1.15853
1.15853
1.15853
1.15853
1.15853
1.15853
1.15853
1.15853
1.15853
1.15853
1.15853
1.15853
1.15853
1.15853
1.15853
1.15853
1.15853
1.15853
1.15853
1.15853
1.15853
1.15853
1.15853
1.15853
1.15853
1.15853
1.15853
1.15853
1.15853
1.15853
1.15853
1.15853
1.15853
1.15853
1.15853
1.15853
1.15853
1.15853
1.15853
1.15853
1.15853
1.15853
1.15853
1.15853
1.15853
1.15853
1.15853
1.15853
1.15853
1.15853
1.15853
1.15853
1.15853
1.15853
1.15853
1.15853
1.15853
1.15853
1.15853
1.15853
1.15853
1.15853
1.15853
1.15853
1.15853
1.15853
1.15853
1.15853
1.15853
1.15853
1.15853
1.15853
1.15853
1.15853
1.15853
1.15853
1.15853
1.15853
1.15853
1.15853
1.15853
1.15853
1.15853
1.15853
1.15853
1.15853
1.15853
1.15853
1.15853
1.15853
1.15853
1.15853
1.15853
1.15853
1.15853
1.15853
1.15853
1.15853
1.15853
1.15853
1.15853
1.15853
1.15853
1.15853
1.15853
1.15853
1.15853
1.15853
1.15853
1.15853
1.15853
1.15853
1.15853
1.15853
1.15853
1.15853
1.15853
1.15853
1.15853
1.15853
1.15853
1.15853
1.15853
1.15853
1.15853
1.15853
1.15853
1.15853
1.15853
1.15853
1.15853
1.15853
1.15853
1.15853
1.15853
1.15853
1.15853
1.15853
1.15853
1.15853
1.15853
1.15853
1.15853
1.15853
1.15853
1.15853
1.15853
1.15853
1.15853
1.15853
1.15853
1.15853
1.15853
1.15853
1.15853
1.15853
1.15853
1.15853
1.15853
1.15853
1.15853
1.15853
1.15853
1.15853
1.15853
1.15853
1.15853
1.15853
1.15853
1.15853
1.15853
1.15853
1.15853
1.15853
1.15853
1.15853
1.15853
1.15853
1.15853
1.15853
1.15853
1.15853
1.15853
1.15853
1.15853
1.15853
1.15853
1.15853
1.15853
1.15853
1.15853
1.15853
1.15853
1.15853
1.15853
1.15853
1.15853
1.15853
1.15853
1.15853
1.15853
1.15853
1.15853
1.15853
1.15853
1.15853
1.15853
1.15853
1.15853
1.15853
1.15853
1.15853
1.15853
1.15853
1.15853
1.15853
1.15853
1.15853
1.15853
1.15853
1.15853
1.15853
1.15853
1.15853
1.15853
1.15853
1.15853
1.15853
1.15853
1.15853
1.15853
1.15853
1.15853
1.15853
1.15853
1.15853
1.15853
1.15853
1.15853
1.15853
1.15853
1.15853
1.15853
1.15853
1.15853
1.15853
1.15853
1.15853
1.15853
1.15853
1.15852
1.15852
1.15852
1.15852
1.15852
1.15852
1.15852
1.15852
1.15852
1.15852
1.15852
1.15852
1.15852
1.15852
1.15852
1.15852
1.15852
1.15852
1.15852
1.15852
1.15852
1.15852
1.15852
1.15852
1.15852
1.15852
1.15852
1.15852
1.15852
1.15852
1.15852
1.15852
1.15852
1.15852
1.15852
1.15852
1.15852
1.15852
1.15852
1.15852
1.15852
1.15852
1.15852
1.15852
1.15852
1.15852
1.15852
1.15852
1.15852
1.15852
1.15852
1.15852
1.15852
1.15852
1.15852
1.15852
1.15852
1.15852
1.15852
1.15852
1.15852
1.15852
1.15852
1.15852
1.15852
1.15852
1.15852
1.15852
1.15852
1.15852
1.15852
1.15852
1.15852
1.15852
1.15852
1.15852
1.15852
1.15852
1.15852
1.15852
1.15852
1.15852
1.15852
1.15852
1.15852
1.15852
1.15852
1.15852
1.15852
1.15852
1.15852
1.15852
1.15852
1.15852
1.15852
1.15852
1.15852
1.15852
1.15852
1.15852
1.15852
1.15852
1.15852
1.15852
1.15852
1.15852
1.15852
1.15852
1.15852
1.15852
1.15852
1.15852
1.15852
1.15852
1.15852
1.15852
1.15852
1.15852
1.15852
1.15852
1.15852
1.15852
1.15852
1.15852
1.15852
1.15852
1.15852
1.15852
1.15852
1.15852
1.15852
1.15852
1.15852
1.15852
1.15852
1.15852
1.15852
1.15852
1.15852
1.15852
1.15852
1.15852
1.15852
1.15852
1.15852
1.15852
1.15852
1.15852
1.15852
1.15852
1.15852
1.15852
1.15852
1.15852
1.15852
1.15852
1.15852
1.15852
1.15852
1.15852
1.15852
1.15852
1.15852
1.15852
1.15852
1.15852
1.15852
1.15852
1.15852
1.15852
1.15852
1.15852
1.15852
1.15852
1.15852
1.15852
1.15852
1.15852
1.15852
1.15852
1.15852
1.15852
1.15852
1.15852
1.15852
1.15852
1.15852
1.15852
1.15852
1.15852
1.15852
1.15852
1.15852
1.15852
1.15852
1.15852
1.15852
1.15852
1.15852
1.15852
1.15852
1.15852
1.15852
1.15852
1.15852
1.15852
1.15852
1.15852
1.15852
1.15852
1.15852
1.15852
1.15852
1.15852
1.15852
1.15852
1.15852
1.15852
1.15852
1.15852
1.15852
1.15852
1.15852
1.15852
1.15852
1.15852
1.15852
1.15852
1.15852
1.15852
1.15852
1.15852
1.15852
1.15852
1.15852
1.15852
1.15852
1.15852
1.15852
1.15852
1.15852
1.15852
1.15852
1.15852
1.15852
1.15852
1.15852
1.15852
1.15852
1.15852
1.15852
1.15852
1.15852
1.15852
1.15852
1.15852
1.15852
1.15852
1.15852
1.15852
1.15852
1.15852
1.15852
1.15852
1.15852
1.15852
1.15852
1.15852
1.15852
1.15852
1.15852
1.15852
1.15852
1.15852
1.15852
1.15852
1.15852
1.15852
1.15852
1.15852
1.15852
1.15852
1.15852
1.15852
1.15852
1.15852
1.15852
1.15852
1.15852
1.15852
1.15852
1.15852
1.15852
1.15852
1.15852
1.15852
1.15852
1.15852
1.15852
1.15852
1.15852
1.15852
1.15852
1.15852
1.15852
1.15852
1.15852
1.15852
1.15852
1.15852
1.15852
1.15852
1.15852
1.15852
1.15852
1.15852
1.15852
1.15852
1.15852
1.15852
1.15852
1.15852
1.15852
1.15852
1.15852
1.15852
1.15852
1.15852
1.15852
1.15852
1.15852
1.15852
1.15852
1.15852
1.15852
1.15852
1.15852
1.15852
1.15852
1.15852
1.15852
1.15852
1.15852
1.15852
1.15852
1.15852
1.15852
1.15852
1.15852
1.15852
1.15852
1.15852
1.15852
1.15852
1.15852
1.15852
1.15852
1.15852
1.15852
1.15852
1.15852
1.15852
1.15852
1.15852
1.15852
1.15852
1.15852
1.15852
1.15852
1.15852
1.15852
1.15852
1.15852
1.15852
1.15852
1.15852
1.15852
1.15852
1.15852
1.15852
1.15852
1.15852
1.15852
1.15852
1.15852
1.15852
1.15852
1.15852
1.15852
1.15852
1.15852
1.15852
1.15852
1.15852
1.15852
1.15852
1.15852
1.15852
1.15852
1.15852
1.15851
1.15851
1.15851
1.15851
1.15851
1.15851
1.15851
1.15851
1.15851
1.15851
1.15851
1.15851
1.15851
1.15851
1.15851
1.15851
1.15851
1.15851
1.15851
1.15851
1.15851
1.15851
1.15851
1.15851
1.15851
1.15851
1.15851
1.15851
1.15851
1.15851
1.15851
1.15851
1.15851
1.15851
1.15851
1.15851
1.15851
1.15851
1.15851
1.15851
1.15851
1.15851
1.15851
1.15851
1.15851
1.15851
1.15851
1.15851
1.15851
1.15851
1.15851
1.15851
1.15851
1.15851
1.15851
1.15851
1.15851
1.15851
1.15851
1.15851
1.15851
1.15851
1.15851
1.15851
1.15851
1.15851
1.15851
1.15851
1.15851
1.15851
1.15851
1.15851
1.15851
1.15851
1.15851
1.15851
1.15851
1.15851
1.15851
1.15851
1.15851
1.15851
1.15851
1.15851
1.15851
1.15851
1.15851
1.15851
1.15851
1.15851
1.15851
1.15851
1.15851
1.15851
1.15851
1.15851
1.15851
1.15851
1.15851
1.15851
1.15851
1.15851
1.15851
1.15851
1.15851
1.15851
1.15851
1.15851
1.15851
1.15851
1.15851
1.15851
1.15851
1.15851
1.15851
1.15851
1.15851
1.15851
1.15851
1.15851
1.15851
1.15851
1.15851
1.15851
1.15851
1.15851
1.15851
1.15851
1.15851
1.15851
1.15851
1.15851
1.15851
1.15851
1.15851
1.15851
1.15851
1.15851
1.15851
1.15851
1.15851
1.15851
1.15851
1.15851
1.15851
1.15851
1.15851
1.15851
1.15851
1.15851
1.15851
1.15851
1.15851
1.15851
1.15851
1.15851
1.15851
1.15851
1.15851
1.15851
1.15851
1.15851
1.15851
1.15851
1.15851
1.15851
1.15851
1.15851
1.15851
1.15851
1.15851
1.15851
1.15851
1.15851
1.15851
1.15851
1.15851
1.15851
1.15851
1.15851
1.15851
1.15851
1.15851
1.15851
1.15851
1.15851
1.15851
1.15851
1.15851
1.15851
1.15851
1.15851
1.15851
1.15851
1.15851
1.15851
1.15851
1.15851
1.15851
1.15851
1.15851
1.15851
1.15851
1.15851
1.15851
1.15851
1.15851
1.15851
1.15851
1.15851
1.15851
1.15851
1.15851
1.15851
1.15851
1.15851
1.15851
1.15851
1.15851
1.15851
1.15851
1.15851
1.15851
1.15851
1.15851
1.15851
1.15851
1.15851
1.15851
1.15851
1.15851
1.15851
1.15851
1.15851
1.15851
1.15851
1.15851
1.15851
1.15851
1.15851
1.15851
1.15851
1.15851
1.15851
1.15851
1.15851
1.15851
1.15851
1.15851
1.15851
1.15851
1.15851
1.15851
1.15851
1.15851
1.15851
1.15851
1.15851
1.15851
1.15851
1.15851
1.15851
1.15851
1.15851
1.15851
1.15851
1.15851
1.15851
1.15851
1.15851
1.15851
1.15851
1.15851
1.15851
1.15851
1.15851
1.15851
1.15851
1.15851
1.15851
1.15851
1.15851
1.15851
1.15851
1.15851
1.15851
1.15851
1.15851
1.15851
1.15851
1.15851
1.15851
1.15851
1.15851
1.15851
1.15851
1.15851
1.15851
1.15851
1.15851
1.15851
1.15851
1.15851
1.15851
1.15851
1.15851
1.15851
1.15851
1.15851
1.15851
1.15851
1.15851
1.15851
1.15851
1.15851
1.15851
1.15851
1.15851
1.15851
1.15851
1.15851
1.15851
1.15851
1.15851
1.15851
1.15851
1.15851
1.15851
1.15851
1.15851
1.15851
1.15851
1.15851
1.15851
1.15851
1.15851
1.15851
1.15851
1.15851
1.15851
1.15851
1.15851
1.15851
1.15851
1.15851
1.15851
1.15851
1.15851
1.15851
1.15851
1.15851
1.15851
1.15851
1.15851
1.15851
1.15851
1.15851
1.15851
1.15851
1.15851
1.15851
1.15851
1.15851
1.15851
1.15851
1.15851
1.15851
1.15851
1.15851
1.15851
1.15851
1.15851
1.15851
1.15851
1.15851
1.15851
1.15851
1.15851
1.15851
1.15851
1.15851
1.15851
1.15851
1.15851
1.15851
1.15851
1.15851
1.15851
1.15851
1.15851
1.15851
1.15851
1.15851
1.15851
1.15851
1.15851
1.15851
1.15851
1.15851
1.15851
1.1585
1.1585
1.1585
1.1585
1.1585
1.1585
1.1585
1.1585
1.1585
1.1585
1.1585
1.1585
1.1585
1.1585
1.1585
1.1585
1.1585
1.1585
1.1585
1.1585
1.1585
1.1585
1.1585
1.1585
1.1585
1.1585
1.15851
1.15851
1.15851
1.15851
1.15851
1.15851
1.15851
1.15851
1.1585
1.1585
1.1585
1.1585
1.1585
1.1585
1.1585
1.1585
1.1585
1.1585
1.1585
1.1585
1.1585
1.1585
1.1585
1.1585
1.1585
1.1585
1.1585
1.1585
1.1585
1.1585
1.1585
1.1585
1.1585
1.1585
1.1585
1.1585
1.1585
1.1585
1.1585
1.1585
1.1585
1.1585
1.1585
1.1585
1.1585
1.1585
1.1585
1.1585
1.1585
1.1585
1.1585
1.1585
1.1585
1.1585
1.1585
1.1585
1.1585
1.1585
1.1585
1.1585
1.1585
1.1585
1.1585
1.1585
1.1585
1.1585
1.1585
1.1585
1.1585
1.1585
1.1585
1.1585
1.1585
1.1585
1.1585
1.1585
1.1585
1.1585
1.1585
1.1585
1.1585
1.1585
1.1585
1.1585
1.1585
1.1585
1.1585
1.1585
1.1585
1.1585
1.1585
1.1585
1.1585
1.1585
1.1585
1.1585
1.1585
1.1585
1.1585
1.1585
1.1585
1.1585
1.1585
1.1585
1.1585
1.1585
1.1585
1.1585
1.1585
1.1585
1.1585
1.1585
1.1585
1.1585
1.1585
1.1585
1.1585
1.1585
1.1585
1.1585
1.1585
1.1585
1.1585
1.1585
1.1585
1.1585
1.1585
1.1585
1.1585
1.1585
1.1585
1.1585
1.1585
1.1585
1.1585
1.1585
1.1585
1.1585
1.1585
1.1585
1.1585
1.1585
1.1585
1.1585
1.1585
1.1585
1.1585
1.1585
1.1585
1.1585
1.1585
1.1585
1.1585
1.1585
1.1585
1.1585
1.1585
1.1585
1.1585
1.15851
1.15851
1.15851
1.15851
1.15851
1.15851
1.15851
1.15851
1.15851
1.15851
1.15851
1.15851
1.15851
1.15851
1.15851
1.1585
1.1585
1.1585
1.1585
1.1585
1.1585
1.1585
1.1585
1.1585
1.1585
1.1585
1.1585
1.1585
1.1585
1.1585
1.1585
1.1585
1.1585
1.1585
1.1585
1.1585
1.1585
1.1585
1.1585
1.1585
1.1585
1.1585
1.1585
1.1585
1.1585
1.1585
1.1585
1.1585
1.1585
1.1585
1.1585
1.1585
1.1585
1.1585
1.1585
1.1585
1.1585
1.1585
1.1585
1.1585
1.1585
1.1585
1.1585
1.1585
1.1585
1.1585
1.1585
1.1585
1.1585
1.1585
1.1585
1.1585
1.1585
1.1585
1.1585
1.1585
1.1585
1.1585
1.1585
1.1585
1.1585
1.1585
1.1585
1.1585
1.1585
1.1585
1.1585
1.1585
1.1585
1.1585
1.1585
1.1585
1.1585
1.1585
1.1585
1.1585
1.1585
1.1585
1.1585
1.1585
1.1585
1.1585
1.1585
1.1585
1.1585
1.1585
1.1585
1.1585
1.1585
1.1585
1.1585
1.1585
1.1585
1.1585
1.1585
1.1585
1.1585
1.1585
1.1585
1.1585
1.1585
1.1585
1.1585
1.1585
1.1585
1.1585
1.1585
1.1585
1.1585
1.1585
1.1585
1.1585
1.1585
1.1585
1.1585
1.1585
1.1585
1.1585
1.1585
1.1585
1.1585
1.1585
1.1585
1.1585
1.1585
1.1585
1.1585
1.1585
1.1585
1.1585
1.1585
1.1585
1.1585
1.1585
1.1585
1.1585
1.1585
1.1585
1.1585
1.1585
1.1585
1.1585
1.1585
1.1585
1.1585
1.1585
1.1585
1.1585
1.1585
1.1585
1.1585
1.1585
1.1585
1.1585
1.1585
1.1585
1.1585
1.1585
1.1585
1.1585
1.1585
1.1585
1.1585
1.1585
1.1585
1.1585
1.1585
1.1585
1.1585
1.1585
1.1585
1.1585
1.1585
1.1585
1.1585
1.1585
1.1585
1.1585
1.1585
1.1585
1.1585
1.1585
1.1585
1.1585
1.1585
1.1585
1.1585
1.1585
1.1585
1.1585
1.1585
1.1585
1.1585
1.1585
1.1585
1.15849
1.1585
1.1585
1.1585
1.1585
1.1585
1.1585
1.1585
1.1585
1.1585
1.1585
1.1585
1.1585
1.1585
1.1585
1.1585
1.1585
1.1585
1.1585
1.1585
1.1585
1.1585
1.1585
1.1585
1.1585
1.1585
1.1585
1.1585
1.1585
1.1585
1.1585
1.1585
1.1585
1.1585
1.1585
1.1585
1.1585
1.1585
1.1585
1.1585
1.1585
1.1585
1.1585
1.1585
1.1585
1.1585
1.1585
1.1585
1.1585
1.1585
1.1585
1.1585
1.1585
1.1585
1.1585
1.1585
1.1585
1.1585
1.1585
1.1585
1.1585
1.1585
1.1585
1.1585
1.1585
1.1585
1.1585
1.1585
1.1585
1.1585
1.1585
1.1585
1.1585
1.1585
1.1585
1.1585
1.1585
1.1585
1.1585
1.1585
1.1585
1.1585
1.1585
1.1585
1.1585
1.1585
1.1585
1.1585
1.1585
1.1585
1.1585
1.1585
1.1585
1.1585
1.1585
1.1585
1.1585
1.1585
1.1585
1.1585
1.1585
1.1585
1.1585
1.1585
1.1585
1.1585
1.1585
1.1585
1.1585
1.1585
1.1585
1.1585
1.1585
1.1585
1.1585
1.1585
1.1585
1.1585
1.1585
1.1585
1.1585
1.1585
1.1585
1.1585
1.1585
1.1585
1.1585
1.1585
1.1585
1.1585
1.1585
1.1585
1.1585
1.1585
1.1585
1.1585
1.1585
1.1585
1.1585
1.1585
1.1585
1.1585
1.1585
1.1585
1.1585
1.1585
1.1585
1.1585
1.1585
1.1585
1.1585
1.1585
1.1585
1.1585
1.1585
1.1585
1.1585
1.1585
1.1585
1.1585
1.1585
1.1585
1.1585
1.1585
1.1585
1.1585
1.1585
1.1585
1.1585
1.1585
1.1585
1.1585
1.1585
1.1585
1.1585
1.1585
1.1585
1.1585
1.1585
1.1585
1.1585
1.1585
1.1585
1.1585
1.1585
1.1585
1.1585
1.1585
1.1585
1.1585
1.1585
1.1585
1.1585
1.1585
1.1585
1.1585
1.1585
1.1585
1.1585
1.1585
1.15849
1.15846
1.15846
1.15846
1.15847
1.15848
1.15849
1.15849
1.15849
1.15849
1.15849
1.15849
1.15849
1.15849
1.15849
1.15849
1.15849
1.15849
1.15849
1.15849
1.15849
1.15849
1.15849
1.15849
1.15849
1.15849
1.15849
1.15849
1.15849
1.15849
1.15849
1.15849
1.15849
1.15849
1.15849
1.15849
1.15849
1.15849
1.15849
1.15849
1.15849
1.15849
1.15849
1.15849
1.15849
1.15849
1.15849
1.15849
1.15849
1.15849
1.15849
1.15849
1.15849
1.15849
1.15849
1.15849
1.15849
1.15849
1.15849
1.15849
1.15849
1.15849
1.15849
1.15849
1.15849
1.15849
1.15849
1.15849
1.15849
1.15849
1.15849
1.15849
1.15849
1.15849
1.15849
1.15849
1.15849
1.15849
1.15849
1.15849
1.15849
1.15849
1.15849
1.15849
1.15849
1.15849
1.15849
1.15849
1.15849
1.15849
1.15849
1.15849
1.15849
1.15849
1.15849
1.15849
1.15849
1.15849
1.15849
1.15849
1.15849
1.15849
1.15849
1.15849
1.15849
1.15849
1.15849
1.15849
1.15849
1.15849
1.15849
1.15849
1.15849
1.15849
1.15849
1.15849
1.15849
1.15849
1.15849
1.15849
1.15849
1.15849
1.15849
1.15849
1.15849
1.15849
1.15849
1.15849
1.15849
1.15849
1.15849
1.15849
1.15849
1.15849
1.15849
1.15849
1.15849
1.15849
1.15849
1.15849
1.15849
1.15849
1.15849
1.15849
1.15849
1.15849
1.15849
1.15849
1.15849
1.15849
1.15849
1.15849
1.15849
1.15849
1.15849
1.15849
1.15849
1.15849
1.15849
1.15849
1.15849
1.15849
1.15849
1.15849
1.15849
1.15849
1.15849
1.15849
1.15849
1.15849
1.15849
1.15849
1.15849
1.15849
1.15849
1.15849
1.15849
1.15849
1.15849
1.15849
1.15849
1.15849
1.15849
1.15849
1.15849
1.15849
1.15849
1.15849
1.15849
1.15849
1.15849
1.15849
1.15849
1.15849
1.15849
1.15849
1.15849
1.15849
1.15849
1.15849
1.1585
1.15865
1.15865
1.1587
1.15868
1.15854
1.15848
1.15847
1.15848
1.15848
1.15848
1.15848
1.15849
1.15849
1.15849
1.15849
1.15849
1.15849
1.15849
1.15849
1.15849
1.15849
1.15849
1.15849
1.15848
1.15848
1.15848
1.15848
1.15848
1.15848
1.15847
1.15847
1.15848
1.15848
1.15848
1.15848
1.15849
1.15849
1.15849
1.15849
1.15849
1.15849
1.15849
1.15849
1.15849
1.15849
1.15849
1.15849
1.15849
1.15849
1.15849
1.15849
1.15849
1.15849
1.15849
1.15849
1.15849
1.15849
1.15849
1.15849
1.15849
1.15849
1.15849
1.15849
1.15849
1.15849
1.15849
1.15849
1.15849
1.15849
1.15849
1.15849
1.15849
1.15849
1.15849
1.15849
1.15849
1.15849
1.15849
1.15849
1.15849
1.15849
1.15849
1.15849
1.15849
1.15849
1.15849
1.15849
1.15849
1.15849
1.15849
1.15849
1.15849
1.15849
1.15849
1.15849
1.15849
1.15849
1.15849
1.15849
1.15849
1.15849
1.15849
1.15849
1.15849
1.15849
1.15849
1.15849
1.15849
1.15849
1.15849
1.15849
1.15849
1.15849
1.15849
1.15849
1.15849
1.15849
1.15849
1.15849
1.15849
1.15849
1.15849
1.15849
1.15849
1.15849
1.15849
1.15849
1.15849
1.15849
1.15849
1.15849
1.15849
1.15849
1.15849
1.15849
1.15849
1.15849
1.15849
1.15849
1.15849
1.15849
1.15849
1.15849
1.15849
1.15849
1.15849
1.15849
1.15849
1.15849
1.15849
1.15849
1.15849
1.15849
1.15849
1.15849
1.15849
1.15849
1.15849
1.15849
1.15849
1.15849
1.15849
1.15849
1.15849
1.15849
1.15849
1.15849
1.15849
1.15849
1.15849
1.15849
1.15849
1.15849
1.15849
1.15849
1.15849
1.15849
1.15849
1.15849
1.15849
1.15849
1.15849
1.15849
1.15849
1.15849
1.15849
1.15849
1.15849
1.15849
1.15849
1.15849
1.15849
1.15849
1.15849
1.15849
1.15849
1.15849
1.15849
1.15849
1.1583
1.15879
1.15816
1.15777
1.15741
1.15811
1.1585
1.15855
1.15854
1.15853
1.15852
1.15851
1.1585
1.15849
1.15849
1.15849
1.15848
1.15848
1.15848
1.15848
1.15848
1.15847
1.15847
1.15847
1.15846
1.15845
1.15844
1.15843
1.15841
1.1584
1.1584
1.1584
1.15841
1.15842
1.15844
1.15846
1.15847
1.15848
1.15848
1.15848
1.15848
1.15848
1.15848
1.15848
1.15848
1.15848
1.15848
1.15848
1.15848
1.15848
1.15848
1.15848
1.15848
1.15848
1.15848
1.15848
1.15848
1.15848
1.15848
1.15848
1.15848
1.15848
1.15848
1.15848
1.15848
1.15848
1.15848
1.15848
1.15848
1.15848
1.15848
1.15848
1.15848
1.15848
1.15848
1.15848
1.15848
1.15848
1.15848
1.15848
1.15848
1.15848
1.15848
1.15848
1.15848
1.15848
1.15848
1.15848
1.15848
1.15848
1.15848
1.15848
1.15848
1.15848
1.15848
1.15848
1.15848
1.15848
1.15848
1.15848
1.15848
1.15848
1.15848
1.15848
1.15848
1.15848
1.15848
1.15848
1.15848
1.15848
1.15848
1.15848
1.15848
1.15848
1.15848
1.15848
1.15848
1.15848
1.15848
1.15848
1.15848
1.15848
1.15848
1.15848
1.15848
1.15848
1.15848
1.15848
1.15848
1.15848
1.15848
1.15848
1.15848
1.15848
1.15848
1.15848
1.15848
1.15848
1.15848
1.15848
1.15848
1.15848
1.15848
1.15848
1.15848
1.15848
1.15848
1.15848
1.15848
1.15848
1.15848
1.15848
1.15848
1.15848
1.15848
1.15848
1.15848
1.15848
1.15848
1.15848
1.15848
1.15848
1.15848
1.15848
1.15848
1.15848
1.15848
1.15848
1.15848
1.15848
1.15848
1.15848
1.15848
1.15848
1.15848
1.15848
1.15848
1.15848
1.15848
1.15848
1.15848
1.15848
1.15848
1.15848
1.15848
1.15848
1.15848
1.15848
1.15848
1.15848
1.15848
1.15848
1.15848
1.15848
1.15848
1.15848
1.15848
1.15848
1.15848
1.15848
1.15831
1.16212
1.15997
1.16259
1.16181
1.15946
1.15841
1.15826
1.15825
1.15827
1.15831
1.15835
1.15838
1.15841
1.15843
1.15844
1.15845
1.15845
1.15845
1.15845
1.15844
1.15843
1.15841
1.15838
1.15835
1.1583
1.15825
1.1582
1.15814
1.1581
1.15806
1.15806
1.15809
1.15815
1.15823
1.15832
1.1584
1.15845
1.15847
1.15848
1.15848
1.15848
1.15848
1.15848
1.15848
1.15848
1.15848
1.15848
1.15848
1.15848
1.15848
1.15848
1.15848
1.15848
1.15848
1.15848
1.15848
1.15848
1.15848
1.15848
1.15848
1.15848
1.15848
1.15848
1.15848
1.15848
1.15848
1.15848
1.15848
1.15848
1.15848
1.15848
1.15848
1.15848
1.15848
1.15848
1.15848
1.15848
1.15848
1.15848
1.15848
1.15848
1.15848
1.15848
1.15848
1.15848
1.15848
1.15848
1.15848
1.15848
1.15848
1.15848
1.15848
1.15848
1.15848
1.15848
1.15848
1.15848
1.15848
1.15848
1.15848
1.15848
1.15848
1.15848
1.15848
1.15848
1.15848
1.15848
1.15848
1.15848
1.15848
1.15848
1.15848
1.15848
1.15848
1.15848
1.15848
1.15848
1.15848
1.15848
1.15848
1.15848
1.15848
1.15848
1.15848
1.15848
1.15848
1.15848
1.15848
1.15848
1.15848
1.15848
1.15848
1.15848
1.15848
1.15848
1.15848
1.15848
1.15848
1.15848
1.15848
1.15848
1.15848
1.15848
1.15848
1.15848
1.15848
1.15848
1.15848
1.15848
1.15848
1.15848
1.15848
1.15848
1.15848
1.15848
1.15848
1.15848
1.15848
1.15848
1.15848
1.15848
1.15848
1.15848
1.15848
1.15848
1.15848
1.15848
1.15848
1.15848
1.15848
1.15848
1.15848
1.15848
1.15848
1.15848
1.15848
1.15848
1.15848
1.15848
1.15848
1.15848
1.15848
1.15848
1.15848
1.15848
1.15848
1.15848
1.15848
1.15848
1.15848
1.15848
1.15848
1.15848
1.15848
1.15848
1.15848
1.15848
1.15848
1.15848
1.16446
1.15268
1.16076
1.15309
1.15343
1.15498
1.15766
1.15918
1.15923
1.15917
1.15908
1.15895
1.15883
1.15872
1.15863
1.15854
1.15847
1.15841
1.15835
1.15829
1.15824
1.15818
1.15811
1.15802
1.15791
1.15777
1.15761
1.15743
1.15724
1.15707
1.15695
1.1569
1.15694
1.1571
1.15737
1.15771
1.15804
1.15828
1.15841
1.15846
1.15847
1.15847
1.15847
1.15847
1.15847
1.15847
1.15847
1.15847
1.15847
1.15847
1.15847
1.15847
1.15847
1.15847
1.15847
1.15847
1.15847
1.15847
1.15847
1.15847
1.15847
1.15847
1.15847
1.15847
1.15847
1.15847
1.15847
1.15847
1.15847
1.15847
1.15847
1.15847
1.15847
1.15847
1.15847
1.15847
1.15847
1.15847
1.15847
1.15847
1.15847
1.15847
1.15847
1.15847
1.15847
1.15847
1.15847
1.15847
1.15847
1.15847
1.15847
1.15847
1.15847
1.15847
1.15847
1.15847
1.15847
1.15847
1.15847
1.15847
1.15847
1.15847
1.15847
1.15847
1.15847
1.15847
1.15847
1.15847
1.15847
1.15847
1.15847
1.15847
1.15847
1.15847
1.15847
1.15847
1.15847
1.15847
1.15847
1.15847
1.15847
1.15847
1.15847
1.15847
1.15847
1.15847
1.15847
1.15847
1.15847
1.15847
1.15847
1.15847
1.15847
1.15847
1.15847
1.15847
1.15847
1.15847
1.15847
1.15847
1.15847
1.15847
1.15847
1.15847
1.15847
1.15847
1.15847
1.15847
1.15847
1.15847
1.15847
1.15847
1.15847
1.15847
1.15847
1.15847
1.15847
1.15847
1.15847
1.15847
1.15847
1.15847
1.15847
1.15847
1.15847
1.15847
1.15847
1.15847
1.15847
1.15847
1.15847
1.15847
1.15847
1.15847
1.15847
1.15847
1.15847
1.15847
1.15847
1.15847
1.15847
1.15847
1.15847
1.15847
1.15847
1.15847
1.15847
1.15847
1.15847
1.15847
1.15847
1.15847
1.15847
1.15847
1.15847
1.15847
1.15847
1.15847
1.15847
1.15847
1.16619
1.16156
1.16611
1.16299
1.1642
1.16401
1.15989
1.15715
1.15733
1.1569
1.15676
1.15683
1.15697
1.15713
1.15728
1.15743
1.15756
1.15766
1.15772
1.15774
1.15771
1.15761
1.15744
1.15718
1.15685
1.15645
1.156
1.15552
1.15504
1.1546
1.15423
1.15401
1.15399
1.15424
1.15479
1.15563
1.15663
1.15754
1.15812
1.15837
1.15845
1.15847
1.15847
1.15847
1.15847
1.15847
1.15847
1.15847
1.15847
1.15847
1.15847
1.15847
1.15847
1.15847
1.15847
1.15847
1.15847
1.15847
1.15847
1.15847
1.15847
1.15847
1.15847
1.15847
1.15847
1.15847
1.15847
1.15847
1.15847
1.15847
1.15847
1.15847
1.15847
1.15847
1.15847
1.15847
1.15847
1.15847
1.15847
1.15847
1.15847
1.15847
1.15847
1.15847
1.15847
1.15847
1.15847
1.15847
1.15847
1.15847
1.15847
1.15847
1.15847
1.15847
1.15847
1.15847
1.15847
1.15847
1.15847
1.15847
1.15847
1.15847
1.15847
1.15847
1.15847
1.15847
1.15847
1.15847
1.15847
1.15847
1.15847
1.15847
1.15847
1.15847
1.15847
1.15847
1.15847
1.15847
1.15847
1.15847
1.15847
1.15847
1.15847
1.15847
1.15847
1.15847
1.15847
1.15847
1.15847
1.15847
1.15847
1.15847
1.15847
1.15847
1.15847
1.15847
1.15847
1.15847
1.15847
1.15847
1.15847
1.15847
1.15847
1.15847
1.15847
1.15847
1.15847
1.15847
1.15847
1.15847
1.15847
1.15847
1.15847
1.15847
1.15847
1.15847
1.15847
1.15847
1.15847
1.15847
1.15847
1.15847
1.15847
1.15847
1.15847
1.15847
1.15847
1.15847
1.15847
1.15847
1.15847
1.15847
1.15847
1.15847
1.15847
1.15847
1.15847
1.15847
1.15847
1.15847
1.15847
1.15847
1.15847
1.15847
1.15847
1.15847
1.15847
1.15847
1.15847
1.15847
1.15847
1.15847
1.15847
1.15847
1.15847
1.15847
1.15847
1.15847
1.15847
1.15847
1.13698
1.14122
1.13791
1.13993
1.14149
1.14357
1.14925
1.15785
1.1629
1.1622
1.16054
1.15966
1.1592
1.15891
1.15862
1.15827
1.15786
1.15742
1.15698
1.15655
1.1561
1.15563
1.15513
1.1546
1.15403
1.1534
1.15273
1.15202
1.15128
1.15053
1.1498
1.14918
1.1488
1.14881
1.14938
1.15065
1.15269
1.15508
1.15699
1.15799
1.15835
1.15844
1.15846
1.15847
1.15847
1.15847
1.15847
1.15847
1.15847
1.15847
1.15847
1.15847
1.15847
1.15847
1.15847
1.15847
1.15847
1.15847
1.15847
1.15847
1.15847
1.15847
1.15847
1.15847
1.15847
1.15847
1.15847
1.15847
1.15847
1.15847
1.15847
1.15847
1.15847
1.15847
1.15847
1.15847
1.15847
1.15847
1.15847
1.15847
1.15847
1.15847
1.15847
1.15847
1.15847
1.15847
1.15847
1.15847
1.15847
1.15847
1.15847
1.15847
1.15847
1.15847
1.15847
1.15847
1.15847
1.15847
1.15847
1.15847
1.15847
1.15847
1.15847
1.15847
1.15847
1.15847
1.15847
1.15847
1.15847
1.15847
1.15847
1.15847
1.15847
1.15847
1.15847
1.15847
1.15847
1.15847
1.15847
1.15847
1.15847
1.15847
1.15847
1.15847
1.15847
1.15847
1.15847
1.15847
1.15847
1.15847
1.15847
1.15847
1.15847
1.15847
1.15847
1.15847
1.15847
1.15847
1.15847
1.15847
1.15847
1.15847
1.15847
1.15847
1.15847
1.15847
1.15847
1.15847
1.15847
1.15847
1.15847
1.15847
1.15847
1.15847
1.15847
1.15847
1.15847
1.15847
1.15847
1.15847
1.15847
1.15847
1.15847
1.15847
1.15847
1.15847
1.15847
1.15847
1.15847
1.15847
1.15847
1.15847
1.15847
1.15847
1.15847
1.15847
1.15847
1.15847
1.15847
1.15847
1.15847
1.15847
1.15847
1.15847
1.15847
1.15847
1.15847
1.15847
1.15847
1.15847
1.15847
1.15847
1.15847
1.15847
1.15847
1.15847
1.15847
1.15847
1.15847
1.15847
1.13933
1.13928
1.13953
1.13919
1.13958
1.13982
1.14052
1.14289
1.1441
1.14462
1.1448
1.14497
1.14515
1.14547
1.14618
1.14736
1.14884
1.15038
1.15175
1.15281
1.1535
1.15384
1.15386
1.1536
1.15311
1.15245
1.15169
1.15088
1.15005
1.14922
1.14847
1.14782
1.14703
1.14569
1.14398
1.14335
1.14523
1.14936
1.1538
1.15672
1.15798
1.15836
1.15845
1.15846
1.15846
1.15846
1.15846
1.15846
1.15846
1.15846
1.15846
1.15846
1.15846
1.15846
1.15846
1.15846
1.15846
1.15846
1.15846
1.15846
1.15846
1.15846
1.15846
1.15846
1.15846
1.15846
1.15846
1.15846
1.15846
1.15846
1.15846
1.15846
1.15846
1.15846
1.15846
1.15846
1.15846
1.15846
1.15846
1.15846
1.15846
1.15846
1.15846
1.15846
1.15846
1.15846
1.15846
1.15846
1.15846
1.15846
1.15846
1.15846
1.15846
1.15846
1.15846
1.15846
1.15846
1.15846
1.15846
1.15846
1.15846
1.15846
1.15846
1.15846
1.15846
1.15846
1.15846
1.15846
1.15846
1.15846
1.15846
1.15846
1.15846
1.15846
1.15846
1.15846
1.15846
1.15846
1.15846
1.15846
1.15846
1.15846
1.15846
1.15846
1.15846
1.15846
1.15846
1.15846
1.15846
1.15846
1.15846
1.15846
1.15846
1.15846
1.15846
1.15846
1.15846
1.15846
1.15846
1.15846
1.15846
1.15846
1.15846
1.15846
1.15846
1.15846
1.15846
1.15846
1.15846
1.15846
1.15846
1.15846
1.15846
1.15846
1.15846
1.15846
1.15846
1.15846
1.15846
1.15846
1.15846
1.15846
1.15846
1.15846
1.15846
1.15846
1.15846
1.15846
1.15846
1.15846
1.15846
1.15846
1.15846
1.15846
1.15846
1.15846
1.15846
1.15846
1.15846
1.15846
1.15846
1.15846
1.15846
1.15846
1.15846
1.15846
1.15846
1.15846
1.15846
1.15846
1.15846
1.15846
1.15846
1.15846
1.15846
1.15846
1.15846
1.15846
1.15846
1.15846
1.13941
1.1393
1.13945
1.13934
1.13937
1.13945
1.13941
1.1397
1.13994
1.14008
1.14017
1.14024
1.14033
1.14045
1.14064
1.14088
1.14116
1.14142
1.14166
1.14191
1.14222
1.14262
1.14305
1.14342
1.14365
1.1437
1.14357
1.14328
1.1428
1.14217
1.14156
1.14129
1.14146
1.14166
1.14111
1.13972
1.13922
1.1422
1.14824
1.15387
1.15698
1.15811
1.1584
1.15845
1.15846
1.15846
1.15846
1.15846
1.15846
1.15846
1.15846
1.15846
1.15846
1.15846
1.15846
1.15846
1.15846
1.15846
1.15846
1.15846
1.15846
1.15846
1.15846
1.15846
1.15846
1.15846
1.15846
1.15846
1.15846
1.15846
1.15846
1.15846
1.15846
1.15846
1.15846
1.15846
1.15846
1.15846
1.15846
1.15846
1.15846
1.15846
1.15846
1.15846
1.15846
1.15846
1.15846
1.15846
1.15846
1.15846
1.15846
1.15846
1.15846
1.15846
1.15846
1.15846
1.15846
1.15846
1.15846
1.15846
1.15846
1.15846
1.15846
1.15846
1.15846
1.15846
1.15846
1.15846
1.15846
1.15846
1.15846
1.15846
1.15846
1.15846
1.15846
1.15846
1.15846
1.15846
1.15846
1.15846
1.15846
1.15846
1.15846
1.15846
1.15846
1.15846
1.15846
1.15846
1.15846
1.15846
1.15846
1.15846
1.15846
1.15846
1.15846
1.15846
1.15846
1.15846
1.15846
1.15846
1.15846
1.15846
1.15846
1.15846
1.15846
1.15846
1.15846
1.15846
1.15846
1.15846
1.15846
1.15846
1.15846
1.15846
1.15846
1.15846
1.15846
1.15846
1.15846
1.15846
1.15846
1.15846
1.15846
1.15846
1.15846
1.15846
1.15846
1.15846
1.15846
1.15846
1.15846
1.15846
1.15846
1.15846
1.15846
1.15846
1.15846
1.15846
1.15846
1.15846
1.15846
1.15846
1.15846
1.15846
1.15846
1.15846
1.15846
1.15846
1.15846
1.15846
1.15846
1.15846
1.15846
1.15846
1.15846
1.15846
1.15846
1.15846
1.15846
1.15846
1.13938
1.13937
1.13938
1.13937
1.13937
1.13938
1.13938
1.13939
1.1394
1.13941
1.13942
1.13943
1.13943
1.13945
1.13947
1.1395
1.13954
1.13957
1.13961
1.13965
1.1397
1.13975
1.13981
1.13984
1.13985
1.13984
1.13979
1.13971
1.13964
1.13961
1.13963
1.13961
1.13947
1.13911
1.13858
1.13816
1.13871
1.14125
1.14597
1.15148
1.15564
1.15767
1.1583
1.15843
1.15845
1.15845
1.15845
1.15845
1.15845
1.15845
1.15845
1.15845
1.15845
1.15845
1.15845
1.15845
1.15845
1.15845
1.15845
1.15845
1.15845
1.15845
1.15845
1.15845
1.15845
1.15845
1.15845
1.15845
1.15845
1.15845
1.15845
1.15845
1.15845
1.15845
1.15845
1.15845
1.15845
1.15845
1.15845
1.15845
1.15845
1.15845
1.15845
1.15845
1.15845
1.15845
1.15845
1.15845
1.15845
1.15845
1.15845
1.15845
1.15845
1.15845
1.15845
1.15845
1.15845
1.15845
1.15845
1.15845
1.15845
1.15845
1.15845
1.15845
1.15845
1.15845
1.15845
1.15845
1.15845
1.15845
1.15845
1.15845
1.15845
1.15845
1.15845
1.15845
1.15845
1.15845
1.15845
1.15845
1.15845
1.15845
1.15845
1.15845
1.15845
1.15845
1.15845
1.15845
1.15845
1.15845
1.15845
1.15845
1.15845
1.15845
1.15845
1.15845
1.15845
1.15845
1.15845
1.15845
1.15845
1.15845
1.15845
1.15845
1.15845
1.15845
1.15845
1.15845
1.15845
1.15845
1.15845
1.15845
1.15845
1.15845
1.15845
1.15845
1.15845
1.15845
1.15845
1.15845
1.15845
1.15845
1.15845
1.15845
1.15845
1.15845
1.15845
1.15845
1.15845
1.15845
1.15845
1.15845
1.15845
1.15845
1.15845
1.15845
1.15845
1.15845
1.15845
1.15845
1.15845
1.15845
1.15845
1.15845
1.15845
1.15845
1.15845
1.15845
1.15845
1.15845
1.15845
1.15845
1.15845
1.15845
1.15845
1.15845
1.15845
1.15845
1.15845
1.15845
)
;

boundaryField
{
    inletTop
    {
        type            calculated;
        value           nonuniform List<scalar> 4(1.13937 1.13938 1.13939 1.13939);
    }
    inletBottom
    {
        type            calculated;
        value           nonuniform List<scalar> 4(1.1586 1.15861 1.15861 1.15862);
    }
    outletTop
    {
        type            calculated;
        value           nonuniform List<scalar> 4(1.15847 1.15846 1.15846 1.15845);
    }
    walls
    {
        type            calculated;
        value           nonuniform List<scalar> 
464
(
1.16619
1.16446
1.15831
1.1583
1.1585
1.15849
1.15849
1.1585
1.1585
1.15851
1.15851
1.15852
1.15852
1.15853
1.15853
1.15853
1.15854
1.15854
1.15855
1.15855
1.15856
1.15856
1.15856
1.15857
1.15857
1.15858
1.15858
1.15859
1.15859
1.1586
1.1586
1.1586
1.15845
1.15845
1.15845
1.15845
1.15845
1.15845
1.15845
1.15845
1.15845
1.15845
1.15845
1.15845
1.15845
1.15845
1.15845
1.15845
1.15845
1.15845
1.15845
1.15845
1.15845
1.15845
1.15845
1.15845
1.15845
1.15845
1.15845
1.15845
1.15845
1.15845
1.15845
1.15845
1.15845
1.15845
1.15845
1.15845
1.15845
1.15845
1.15845
1.15845
1.15845
1.15845
1.15845
1.15845
1.15845
1.15845
1.15845
1.15845
1.15845
1.15845
1.15845
1.15845
1.15845
1.15845
1.15845
1.15845
1.15845
1.15845
1.15845
1.15845
1.15845
1.15845
1.15845
1.15845
1.15845
1.15845
1.15845
1.15845
1.15845
1.15845
1.15845
1.15845
1.15845
1.15845
1.15845
1.15845
1.15845
1.15845
1.15845
1.15845
1.15845
1.15845
1.15845
1.15845
1.15845
1.15845
1.15845
1.15845
1.15845
1.15845
1.15845
1.15845
1.15845
1.15845
1.15845
1.15845
1.15845
1.15845
1.15845
1.15845
1.15845
1.15845
1.15845
1.15845
1.15845
1.15845
1.15845
1.15845
1.15845
1.15845
1.15845
1.15845
1.15845
1.15845
1.15845
1.15845
1.15845
1.15845
1.15845
1.15845
1.15845
1.15845
1.15845
1.15845
1.15845
1.15845
1.15845
1.15845
1.15845
1.15845
1.15845
1.15845
1.15845
1.15845
1.15845
1.15845
1.15845
1.15845
1.15845
1.15845
1.15845
1.15845
1.15845
1.15845
1.15845
1.15845
1.15845
1.15845
1.15845
1.15845
1.15845
1.15845
1.15845
1.15845
1.15845
1.15845
1.15843
1.1583
1.15767
1.15564
1.15147
1.14597
1.14125
1.13871
1.13816
1.13857
1.13911
1.13946
1.13961
1.13963
1.13961
1.13964
1.13971
1.13979
1.13984
1.13985
1.13984
1.13981
1.13975
1.13969
1.13964
1.13961
1.13957
1.13953
1.1395
1.13947
1.13945
1.13943
1.13942
1.13942
1.13941
1.1394
1.13938
1.13937
1.13938
1.13936
1.13937
1.13938
1.13936
1.13938
1.15862
1.15862
1.15862
1.15862
1.15862
1.15862
1.15862
1.15862
1.15862
1.15862
1.15862
1.15862
1.15863
1.15863
1.15863
1.15863
1.15862
1.15862
1.15862
1.15862
1.15862
1.15862
1.15862
1.15862
1.15862
1.15862
1.15862
1.15862
1.15862
1.15862
1.15862
1.15862
1.15862
1.15862
1.15862
1.15862
1.15862
1.15862
1.15862
1.15862
1.15862
1.15862
1.15862
1.15862
1.15862
1.15862
1.15862
1.15862
1.15862
1.15862
1.15862
1.15862
1.15862
1.15862
1.15862
1.15862
1.15862
1.15862
1.15862
1.15862
1.15862
1.15862
1.15862
1.15862
1.15862
1.15862
1.15862
1.15862
1.15862
1.15862
1.15862
1.15862
1.15862
1.15862
1.15862
1.15862
1.15862
1.15862
1.15862
1.15862
1.15862
1.15862
1.15862
1.15862
1.15862
1.15862
1.15862
1.15862
1.15862
1.15862
1.15862
1.15862
1.15862
1.15862
1.15862
1.15862
1.15862
1.15862
1.15862
1.15862
1.15862
1.15862
1.15862
1.15862
1.15862
1.15862
1.15862
1.15862
1.15862
1.15862
1.15862
1.15862
1.15862
1.15862
1.15862
1.15862
1.15862
1.15862
1.15862
1.15862
1.15862
1.15862
1.15862
1.15862
1.15862
1.15862
1.15862
1.15862
1.15862
1.15862
1.15862
1.15862
1.15862
1.15862
1.15862
1.15862
1.15862
1.15862
1.15862
1.15862
1.15862
1.15862
1.15862
1.15862
1.15862
1.15862
1.15862
1.15862
1.15862
1.15862
1.15862
1.15862
1.15862
1.15862
1.15862
1.15862
1.15862
1.15862
1.15862
1.15862
1.15862
1.15862
1.15862
1.15862
1.15862
1.15862
1.15862
1.15862
1.15862
1.15862
1.15862
1.15862
1.15862
1.15862
1.15862
1.15862
1.15862
1.15862
1.15862
1.15862
1.15862
1.15862
1.15862
1.15862
1.15862
1.15862
1.15862
1.15863
1.15862
1.15863
1.15862
1.15863
1.15862
1.15863
1.15862
1.15863
1.15862
1.15863
1.15862
1.15863
1.15861
1.1586
1.1586
1.15859
1.15859
1.15859
1.15858
1.15858
1.15857
1.15857
1.15856
1.15856
1.15855
1.15855
1.15855
1.15854
1.15854
1.15853
1.15853
1.15852
1.15852
1.15851
1.15851
1.15851
1.1585
1.1585
1.15849
1.15849
1.15848
1.15848
1.15847
1.15847
)
;
    }
    front
    {
        type            empty;
    }
    back
    {
        type            empty;
    }
    outletBottom
    {
        type            calculated;
        value           nonuniform List<scalar> 4(1.15862 1.15862 1.15862 1.15861);
    }
}


// ************************************************************************* //
