/*--------------------------------*- C++ -*----------------------------------*\
  =========                 |
  \\      /  F ield         | OpenFOAM: The Open Source CFD Toolbox
   \\    /   O peration     | Website:  https://openfoam.org
    \\  /    A nd           | Version:  dev
     \\/     M anipulation  |
\*---------------------------------------------------------------------------*/
FoamFile
{
    version     2.0;
    format      ascii;
    class       volScalarField;
    location    "20";
    object      thermo:pSatH2O;
}
// * * * * * * * * * * * * * * * * * * * * * * * * * * * * * * * * * * * * * //

dimensions      [1 -1 -2 0 0 0 0];

internalField   nonuniform List<scalar> 
8000
(
3525.69
3525.69
3525.69
3525.69
3525.68
3525.69
3525.69
3525.68
3525.68
3525.68
3525.68
3525.67
3525.69
3525.69
3525.69
3525.66
3525.68
3525.69
3525.69
3525.65
3525.69
3525.69
3525.7
3525.61
3525.69
3525.7
3525.71
3525.6
3525.68
3525.68
3525.69
3525.58
3525.69
3525.68
3525.71
3525.59
3525.67
3525.67
3525.7
3525.61
3525.68
3525.66
3525.66
3525.63
3525.68
3525.64
3525.67
3525.72
3525.64
3525.6
3525.59
3525.76
3525.66
3525.6
3525.43
3525.67
3525.66
3525.65
3525.37
3525.54
3525.55
3525.67
3525.42
3525.44
3525.48
3525.64
3525.46
3525.39
3525.51
3525.6
3525.47
3525.36
3525.56
3525.56
3525.46
3525.34
3525.6
3525.54
3525.44
3525.33
3525.61
3525.53
3525.43
3525.31
3525.61
3525.52
3525.42
3525.3
3525.62
3525.52
3525.41
3525.3
3525.62
3525.52
3525.41
3525.29
3525.61
3525.52
3525.4
3525.29
3525.61
3525.51
3525.4
3525.28
3525.61
3525.51
3525.4
3525.28
3525.61
3525.51
3525.4
3525.28
3525.61
3525.51
3525.4
3525.28
3525.61
3525.51
3525.4
3525.28
3525.61
3525.51
3525.39
3525.27
3525.61
3525.51
3525.39
3525.27
3525.61
3525.51
3525.39
3525.27
3525.61
3525.51
3525.39
3525.27
3525.61
3525.51
3525.39
3525.27
3525.61
3525.51
3525.39
3525.27
3525.61
3525.51
3525.39
3525.27
3525.61
3525.51
3525.39
3525.27
3525.61
3525.51
3525.39
3525.27
3525.61
3525.51
3525.39
3525.27
3525.61
3525.51
3525.39
3525.27
3525.61
3525.51
3525.39
3525.26
3525.61
3525.51
3525.39
3525.26
3525.61
3525.51
3525.39
3525.26
3525.61
3525.51
3525.39
3525.26
3525.61
3525.51
3525.39
3525.26
3525.61
3525.51
3525.39
3525.26
3525.61
3525.51
3525.39
3525.26
3525.61
3525.51
3525.39
3525.26
3525.61
3525.51
3525.38
3525.26
3525.61
3525.51
3525.38
3525.26
3525.61
3525.51
3525.38
3525.26
3525.61
3525.51
3525.38
3525.26
3525.61
3525.51
3525.38
3525.26
3525.61
3525.51
3525.38
3525.26
3525.61
3525.51
3525.38
3525.26
3525.61
3525.51
3525.38
3525.26
3525.61
3525.51
3525.38
3525.26
3525.61
3525.51
3525.38
3525.26
3525.61
3525.51
3525.38
3525.26
3525.61
3525.51
3525.38
3525.26
3525.61
3525.51
3525.38
3525.26
3525.61
3525.51
3525.38
3525.26
3525.61
3525.51
3525.38
3525.26
3525.61
3525.51
3525.38
3525.26
3525.61
3525.5
3525.38
3525.26
3525.61
3525.5
3525.38
3525.26
3525.61
3525.5
3525.38
3525.26
3525.61
3525.5
3525.38
3525.26
3525.61
3525.5
3525.38
3525.26
3525.61
3525.5
3525.38
3525.26
3525.61
3525.5
3525.38
3525.26
3525.61
3525.5
3525.38
3525.26
3525.61
3525.5
3525.38
3525.26
3525.61
3525.5
3525.38
3525.26
3525.61
3525.5
3525.38
3525.26
3525.61
3525.5
3525.38
3525.26
3525.61
3525.5
3525.38
3525.26
3525.61
3525.5
3525.38
3525.26
3525.61
3525.5
3525.38
3525.26
3525.61
3525.5
3525.38
3525.26
3525.61
3525.5
3525.38
3525.26
3525.61
3525.5
3525.38
3525.26
3525.61
3525.5
3525.38
3525.26
3525.61
3525.5
3525.38
3525.26
3525.61
3525.5
3525.38
3525.26
3525.61
3525.5
3525.38
3525.26
3525.61
3525.5
3525.38
3525.26
3525.61
3525.5
3525.38
3525.26
3525.61
3525.5
3525.38
3525.26
3525.61
3525.5
3525.38
3525.26
3525.61
3525.5
3525.38
3525.26
3525.61
3525.5
3525.38
3525.26
3525.61
3525.5
3525.38
3525.26
3525.61
3525.5
3525.38
3525.26
3525.61
3525.5
3525.38
3525.26
3525.61
3525.5
3525.38
3525.26
3525.61
3525.5
3525.38
3525.26
3525.61
3525.5
3525.38
3525.26
3525.61
3525.5
3525.38
3525.26
3525.61
3525.5
3525.38
3525.26
3525.61
3525.5
3525.38
3525.26
3525.61
3525.5
3525.38
3525.26
3525.61
3525.5
3525.38
3525.26
3525.61
3525.5
3525.38
3525.26
3525.61
3525.5
3525.38
3525.26
3525.61
3525.5
3525.38
3525.26
3525.61
3525.5
3525.38
3525.26
3525.61
3525.5
3525.38
3525.26
3525.61
3525.5
3525.38
3525.26
3525.61
3525.5
3525.38
3525.26
3525.61
3525.5
3525.38
3525.26
3525.61
3525.5
3525.38
3525.26
3525.61
3525.5
3525.38
3525.26
3525.61
3525.5
3525.38
3525.26
3525.61
3525.5
3525.38
3525.26
3525.61
3525.5
3525.38
3525.26
3525.61
3525.51
3525.38
3525.26
3525.61
3525.51
3525.38
3525.26
3525.61
3525.51
3525.38
3525.26
3525.61
3525.51
3525.38
3525.26
3525.61
3525.51
3525.38
3525.26
3525.61
3525.51
3525.38
3525.26
3525.61
3525.51
3525.38
3525.26
3525.61
3525.51
3525.38
3525.26
3525.61
3525.51
3525.38
3525.26
3525.61
3525.51
3525.38
3525.26
3525.61
3525.51
3525.38
3525.26
3525.61
3525.51
3525.39
3525.26
3525.61
3525.51
3525.39
3525.26
3525.61
3525.51
3525.39
3525.26
3525.61
3525.51
3525.39
3525.26
3525.61
3525.51
3525.39
3525.26
3525.61
3525.51
3525.39
3525.26
3525.61
3525.51
3525.39
3525.26
3525.61
3525.51
3525.39
3525.26
3525.61
3525.51
3525.39
3525.26
3525.61
3525.51
3525.39
3525.26
3525.61
3525.51
3525.39
3525.26
3525.61
3525.51
3525.39
3525.26
3525.61
3525.51
3525.39
3525.26
3525.61
3525.51
3525.39
3525.26
3525.61
3525.51
3525.39
3525.26
3525.61
3525.51
3525.39
3525.26
3525.61
3525.51
3525.39
3525.26
3525.61
3525.51
3525.39
3525.26
3525.61
3525.51
3525.39
3525.26
3525.61
3525.51
3525.39
3525.26
3525.61
3525.51
3525.39
3525.26
3525.61
3525.51
3525.39
3525.26
3525.61
3525.51
3525.39
3525.26
3525.61
3525.51
3525.39
3525.26
3525.61
3525.51
3525.39
3525.26
3525.61
3525.51
3525.39
3525.26
3525.61
3525.51
3525.39
3525.26
3525.61
3525.51
3525.38
3525.26
3525.61
3525.51
3525.38
3525.26
3525.61
3525.51
3525.38
3525.26
3525.61
3525.51
3525.38
3525.26
3525.61
3525.51
3525.38
3525.26
3525.61
3525.51
3525.38
3525.26
3525.61
3525.51
3525.38
3525.26
3525.61
3525.51
3525.38
3525.26
3525.61
3525.51
3525.38
3525.26
3525.61
3525.51
3525.38
3525.26
3525.61
3525.51
3525.38
3525.26
3525.61
3525.51
3525.38
3525.26
3525.61
3525.51
3525.38
3525.26
3525.61
3525.5
3525.38
3525.26
3525.61
3525.5
3525.38
3525.26
3525.61
3525.5
3525.38
3525.26
3525.61
3525.5
3525.38
3525.26
3525.61
3525.5
3525.38
3525.26
3525.61
3525.5
3525.38
3525.26
3525.61
3525.5
3525.38
3525.25
3525.61
3525.5
3525.38
3525.25
3525.61
3525.5
3525.38
3525.25
3525.61
3525.5
3525.38
3525.25
3525.61
3525.5
3525.38
3525.25
3525.61
3525.5
3525.38
3525.25
3525.61
3525.5
3525.37
3525.25
3525.59
3525.5
3525.38
3525.24
3525.63
3525.5
3525.36
3525.25
3525.58
3525.5
3525.38
3525.23
3525.65
3525.5
3525.36
3525.25
3525.56
3525.49
3525.37
3525.22
3525.65
3525.5
3525.35
3525.24
3525.55
3525.49
3525.37
3525.21
3525.66
3525.5
3525.33
3525.24
3525.55
3525.47
3525.37
3525.19
3525.66
3525.5
3525.31
3525.22
3525.54
3525.46
3525.36
3525.17
3525.66
3525.5
3525.29
3525.2
3525.54
3525.43
3525.34
3525.15
3525.65
3525.5
3525.27
3525.16
3525.55
3525.4
3525.3
3525.13
3525.63
3525.49
3525.24
3525.09
3525.55
3525.36
3525.22
3525.08
3525.6
3525.43
3525.21
3524.99
3525.54
3525.31
3525.08
3524.94
3525.12
3525.1
3525.09
3525.08
3525.08
3525.08
3525.09
3525.1
3525.16
3525.21
3525.2
3525.27
3525.46
3525.57
3525.5
3525.38
3525.31
3525.28
3525.25
3525.22
3525.2
3525.19
3525.18
3525.18
3525.17
3525.17
3525.16
3525.16
3525.16
3525.16
3525.15
3525.15
3525.15
3525.15
3525.15
3525.15
3525.15
3525.15
3525.14
3525.14
3525.14
3525.14
3525.14
3525.14
3525.14
3525.14
3525.14
3525.14
3525.14
3525.14
3525.14
3525.14
3525.14
3525.14
3525.14
3525.14
3525.14
3525.14
3525.14
3525.14
3525.14
3525.14
3525.14
3525.14
3525.14
3525.14
3525.14
3525.14
3525.14
3525.14
3525.14
3525.14
3525.14
3525.14
3525.14
3525.14
3525.14
3525.14
3525.14
3525.14
3525.14
3525.14
3525.14
3525.14
3525.14
3525.14
3525.14
3525.14
3525.14
3525.14
3525.14
3525.14
3525.14
3525.14
3525.14
3525.14
3525.14
3525.14
3525.14
3525.14
3525.14
3525.14
3525.14
3525.14
3525.14
3525.14
3525.14
3525.14
3525.14
3525.14
3525.14
3525.14
3525.14
3525.14
3525.14
3525.14
3525.14
3525.14
3525.14
3525.14
3525.14
3525.14
3525.14
3525.14
3525.14
3525.14
3525.14
3525.14
3525.14
3525.14
3525.14
3525.14
3525.14
3525.14
3525.14
3525.14
3525.14
3525.14
3525.14
3525.14
3525.14
3525.14
3525.14
3525.14
3525.14
3525.14
3525.14
3525.14
3525.14
3525.14
3525.14
3525.14
3525.14
3525.14
3525.14
3525.14
3525.14
3525.14
3525.14
3525.14
3525.14
3525.14
3525.14
3525.14
3525.14
3525.14
3525.14
3525.14
3525.14
3525.13
3525.13
3525.13
3525.13
3525.13
3525.13
3525.13
3525.13
3525.13
3525.12
3525.12
3525.12
3525.12
3525.11
3525.12
3525.1
3525.11
3525.09
3525.1
3525.07
3525.09
3525.05
3525.07
3525.03
3525.03
3525.01
3524.97
3524.96
3524.89
3524.87
3524.84
3524.99
3525.01
3525.03
3525.05
3525.09
3525.18
3525.28
3525.35
3525.42
3525.46
3525.32
3525.19
3525.26
3525.37
3525.37
3525.31
3525.26
3525.2
3525.15
3525.12
3525.09
3525.08
3525.07
3525.06
3525.05
3525.05
3525.05
3525.04
3525.04
3525.04
3525.03
3525.03
3525.03
3525.03
3525.03
3525.03
3525.02
3525.02
3525.02
3525.02
3525.02
3525.02
3525.02
3525.02
3525.02
3525.02
3525.02
3525.02
3525.02
3525.02
3525.02
3525.02
3525.02
3525.02
3525.02
3525.02
3525.02
3525.02
3525.02
3525.02
3525.02
3525.02
3525.02
3525.02
3525.02
3525.02
3525.02
3525.02
3525.02
3525.02
3525.02
3525.02
3525.02
3525.02
3525.02
3525.02
3525.02
3525.02
3525.02
3525.02
3525.02
3525.02
3525.02
3525.02
3525.02
3525.02
3525.02
3525.02
3525.02
3525.02
3525.02
3525.02
3525.02
3525.02
3525.02
3525.02
3525.02
3525.02
3525.02
3525.02
3525.02
3525.02
3525.02
3525.02
3525.02
3525.02
3525.02
3525.02
3525.02
3525.02
3525.02
3525.02
3525.02
3525.02
3525.02
3525.02
3525.02
3525.02
3525.02
3525.02
3525.02
3525.02
3525.02
3525.02
3525.02
3525.02
3525.02
3525.02
3525.02
3525.02
3525.02
3525.02
3525.02
3525.02
3525.02
3525.02
3525.02
3525.02
3525.02
3525.02
3525.02
3525.02
3525.02
3525.02
3525.02
3525.02
3525.02
3525.02
3525.02
3525.02
3525.02
3525.02
3525.02
3525.02
3525.02
3525.02
3525.02
3525.02
3525.02
3525.02
3525.02
3525.02
3525.02
3525.01
3525.01
3525.01
3525.01
3525.01
3525.01
3525.01
3525.01
3525.01
3525.01
3525.01
3525.01
3525
3525
3525
3525
3525
3524.99
3524.99
3524.99
3524.98
3524.98
3524.97
3524.97
3524.95
3524.96
3524.94
3524.94
3524.92
3524.9
3524.89
3524.86
3524.85
3524.8
3524.79
3524.75
3524.73
3524.86
3524.86
3524.88
3524.92
3524.98
3525.13
3525.29
3525.35
3525.35
3525.35
3525.28
3525.18
3525.22
3525.29
3525.29
3525.25
3525.19
3525.11
3525.05
3525
3524.98
3524.96
3524.95
3524.94
3524.94
3524.93
3524.93
3524.92
3524.92
3524.92
3524.91
3524.91
3524.91
3524.91
3524.91
3524.9
3524.9
3524.9
3524.9
3524.9
3524.9
3524.9
3524.9
3524.9
3524.9
3524.89
3524.89
3524.89
3524.89
3524.89
3524.89
3524.89
3524.89
3524.89
3524.89
3524.89
3524.89
3524.89
3524.89
3524.89
3524.89
3524.89
3524.89
3524.89
3524.89
3524.89
3524.89
3524.89
3524.89
3524.89
3524.89
3524.89
3524.89
3524.89
3524.89
3524.89
3524.89
3524.89
3524.89
3524.89
3524.89
3524.89
3524.89
3524.89
3524.89
3524.9
3524.9
3524.9
3524.9
3524.9
3524.9
3524.9
3524.9
3524.9
3524.9
3524.9
3524.9
3524.9
3524.9
3524.9
3524.9
3524.9
3524.9
3524.9
3524.9
3524.9
3524.9
3524.9
3524.9
3524.9
3524.9
3524.9
3524.9
3524.9
3524.9
3524.9
3524.9
3524.9
3524.9
3524.9
3524.9
3524.9
3524.9
3524.9
3524.9
3524.9
3524.9
3524.9
3524.9
3524.9
3524.9
3524.9
3524.9
3524.9
3524.9
3524.9
3524.9
3524.9
3524.9
3524.9
3524.9
3524.9
3524.9
3524.9
3524.9
3524.9
3524.9
3524.9
3524.9
3524.9
3524.9
3524.9
3524.9
3524.9
3524.9
3524.89
3524.89
3524.89
3524.89
3524.89
3524.89
3524.89
3524.89
3524.89
3524.89
3524.89
3524.89
3524.89
3524.89
3524.89
3524.89
3524.89
3524.88
3524.88
3524.88
3524.88
3524.88
3524.87
3524.87
3524.87
3524.87
3524.86
3524.86
3524.86
3524.85
3524.85
3524.83
3524.83
3524.82
3524.81
3524.8
3524.79
3524.78
3524.75
3524.74
3524.7
3524.7
3524.65
3524.63
3524.63
3524.75
3524.77
3524.8
3524.85
3524.94
3525.09
3525.23
3525.22
3525.1
3525.02
3525
3525.01
3525.09
3525.16
3525.19
3525.16
3525.08
3524.99
3524.93
3524.88
3524.86
3524.84
3524.83
3524.82
3524.82
3524.81
3524.81
3524.8
3524.8
3524.79
3524.79
3524.79
3524.79
3524.79
3524.78
3524.78
3524.78
3524.78
3524.78
3524.78
3524.78
3524.77
3524.77
3524.77
3524.77
3524.77
3524.77
3524.77
3524.77
3524.77
3524.77
3524.77
3524.77
3524.77
3524.77
3524.77
3524.77
3524.77
3524.77
3524.77
3524.77
3524.77
3524.77
3524.77
3524.77
3524.77
3524.77
3524.77
3524.77
3524.77
3524.77
3524.77
3524.77
3524.77
3524.77
3524.77
3524.77
3524.77
3524.77
3524.77
3524.77
3524.77
3524.77
3524.77
3524.77
3524.77
3524.77
3524.77
3524.77
3524.77
3524.77
3524.77
3524.77
3524.77
3524.77
3524.77
3524.77
3524.77
3524.77
3524.77
3524.77
3524.77
3524.77
3524.77
3524.77
3524.77
3524.77
3524.77
3524.77
3524.77
3524.77
3524.77
3524.77
3524.77
3524.77
3524.77
3524.77
3524.77
3524.77
3524.77
3524.77
3524.77
3524.77
3524.77
3524.77
3524.77
3524.77
3524.77
3524.77
3524.77
3524.77
3524.77
3524.77
3524.77
3524.77
3524.77
3524.77
3524.77
3524.77
3524.77
3524.77
3524.77
3524.77
3524.77
3524.77
3524.77
3524.77
3524.77
3524.77
3524.77
3524.77
3524.77
3524.77
3524.77
3524.77
3524.77
3524.77
3524.77
3524.77
3524.77
3524.77
3524.77
3524.77
3524.77
3524.77
3524.77
3524.77
3524.77
3524.76
3524.76
3524.76
3524.76
3524.76
3524.76
3524.76
3524.75
3524.75
3524.75
3524.75
3524.74
3524.74
3524.74
3524.73
3524.73
3524.72
3524.71
3524.71
3524.7
3524.69
3524.68
3524.67
3524.66
3524.64
3524.63
3524.6
3524.6
3524.55
3524.55
3524.53
3524.51
3524.61
3524.62
3524.63
3524.68
3524.76
3524.91
3525.06
3525.06
3524.93
3524.83
3524.82
3524.89
3525
3525.09
3525.11
3525.05
3524.94
3524.85
3524.79
3524.76
3524.74
3524.72
3524.71
3524.7
3524.7
3524.69
3524.69
3524.68
3524.68
3524.67
3524.67
3524.67
3524.67
3524.66
3524.66
3524.66
3524.66
3524.66
3524.65
3524.65
3524.65
3524.65
3524.65
3524.65
3524.65
3524.65
3524.65
3524.65
3524.65
3524.65
3524.65
3524.65
3524.65
3524.65
3524.65
3524.65
3524.65
3524.65
3524.65
3524.65
3524.65
3524.65
3524.65
3524.65
3524.65
3524.65
3524.65
3524.65
3524.65
3524.65
3524.65
3524.65
3524.65
3524.65
3524.65
3524.65
3524.65
3524.65
3524.65
3524.65
3524.65
3524.65
3524.65
3524.65
3524.65
3524.65
3524.65
3524.65
3524.65
3524.65
3524.65
3524.65
3524.65
3524.65
3524.65
3524.65
3524.65
3524.65
3524.65
3524.65
3524.65
3524.65
3524.65
3524.65
3524.65
3524.65
3524.65
3524.65
3524.65
3524.65
3524.65
3524.65
3524.65
3524.65
3524.65
3524.65
3524.65
3524.65
3524.65
3524.65
3524.65
3524.65
3524.65
3524.65
3524.65
3524.65
3524.65
3524.65
3524.65
3524.65
3524.65
3524.65
3524.65
3524.65
3524.65
3524.65
3524.65
3524.65
3524.65
3524.65
3524.65
3524.65
3524.65
3524.65
3524.65
3524.65
3524.65
3524.65
3524.65
3524.65
3524.65
3524.65
3524.65
3524.65
3524.65
3524.65
3524.65
3524.65
3524.65
3524.65
3524.65
3524.65
3524.65
3524.65
3524.65
3524.64
3524.64
3524.64
3524.64
3524.64
3524.64
3524.64
3524.64
3524.63
3524.63
3524.63
3524.63
3524.63
3524.62
3524.62
3524.62
3524.61
3524.61
3524.6
3524.6
3524.59
3524.58
3524.57
3524.57
3524.55
3524.55
3524.52
3524.52
3524.49
3524.49
3524.46
3524.45
3524.43
3524.41
3524.42
3524.56
3524.56
3524.58
3524.62
3524.68
3524.78
3524.93
3525
3524.95
3524.89
3524.88
3524.94
3525.01
3525.03
3524.98
3524.87
3524.77
3524.7
3524.66
3524.63
3524.62
3524.6
3524.59
3524.58
3524.58
3524.57
3524.56
3524.56
3524.56
3524.55
3524.55
3524.55
3524.54
3524.54
3524.54
3524.54
3524.54
3524.53
3524.53
3524.53
3524.53
3524.53
3524.53
3524.53
3524.53
3524.53
3524.53
3524.52
3524.52
3524.52
3524.52
3524.52
3524.52
3524.52
3524.52
3524.52
3524.52
3524.52
3524.52
3524.52
3524.52
3524.52
3524.52
3524.52
3524.52
3524.53
3524.53
3524.53
3524.53
3524.53
3524.53
3524.53
3524.53
3524.53
3524.53
3524.53
3524.53
3524.53
3524.53
3524.53
3524.53
3524.53
3524.53
3524.53
3524.53
3524.53
3524.53
3524.53
3524.53
3524.53
3524.53
3524.53
3524.53
3524.53
3524.53
3524.53
3524.53
3524.53
3524.53
3524.53
3524.53
3524.53
3524.53
3524.53
3524.53
3524.53
3524.53
3524.53
3524.53
3524.53
3524.53
3524.53
3524.53
3524.53
3524.53
3524.53
3524.53
3524.53
3524.53
3524.53
3524.53
3524.53
3524.53
3524.53
3524.53
3524.53
3524.53
3524.53
3524.53
3524.53
3524.53
3524.53
3524.53
3524.53
3524.53
3524.53
3524.53
3524.53
3524.53
3524.53
3524.53
3524.53
3524.53
3524.53
3524.53
3524.53
3524.53
3524.53
3524.53
3524.53
3524.53
3524.53
3524.53
3524.53
3524.53
3524.53
3524.53
3524.53
3524.53
3524.53
3524.53
3524.52
3524.52
3524.52
3524.52
3524.52
3524.52
3524.52
3524.52
3524.52
3524.52
3524.51
3524.51
3524.51
3524.51
3524.51
3524.5
3524.5
3524.5
3524.49
3524.49
3524.49
3524.48
3524.48
3524.47
3524.46
3524.46
3524.45
3524.44
3524.43
3524.41
3524.41
3524.38
3524.38
3524.35
3524.35
3524.33
3524.31
3524.31
3524.3
3524.36
3524.39
3524.4
3524.44
3524.5
3524.57
3524.7
3524.82
3524.87
3524.88
3524.89
3524.9
3524.9
3524.85
3524.76
3524.66
3524.6
3524.55
3524.52
3524.51
3524.49
3524.48
3524.47
3524.46
3524.45
3524.45
3524.44
3524.44
3524.43
3524.43
3524.43
3524.42
3524.42
3524.42
3524.42
3524.41
3524.41
3524.41
3524.41
3524.41
3524.41
3524.41
3524.4
3524.4
3524.4
3524.4
3524.4
3524.4
3524.4
3524.4
3524.4
3524.4
3524.4
3524.4
3524.4
3524.4
3524.4
3524.4
3524.4
3524.4
3524.4
3524.4
3524.4
3524.4
3524.4
3524.4
3524.4
3524.4
3524.4
3524.4
3524.4
3524.4
3524.4
3524.4
3524.4
3524.4
3524.41
3524.41
3524.41
3524.41
3524.41
3524.41
3524.41
3524.41
3524.41
3524.41
3524.41
3524.41
3524.41
3524.41
3524.41
3524.41
3524.41
3524.41
3524.41
3524.41
3524.41
3524.41
3524.41
3524.41
3524.41
3524.41
3524.41
3524.41
3524.41
3524.41
3524.41
3524.41
3524.41
3524.41
3524.41
3524.41
3524.41
3524.41
3524.41
3524.41
3524.41
3524.41
3524.41
3524.41
3524.41
3524.41
3524.41
3524.41
3524.41
3524.41
3524.41
3524.41
3524.41
3524.41
3524.41
3524.41
3524.41
3524.41
3524.41
3524.41
3524.41
3524.41
3524.41
3524.41
3524.41
3524.41
3524.41
3524.41
3524.41
3524.41
3524.41
3524.41
3524.41
3524.41
3524.41
3524.41
3524.41
3524.41
3524.41
3524.41
3524.4
3524.4
3524.4
3524.4
3524.4
3524.4
3524.4
3524.4
3524.4
3524.4
3524.4
3524.4
3524.4
3524.39
3524.39
3524.39
3524.39
3524.39
3524.38
3524.38
3524.38
3524.38
3524.37
3524.37
3524.37
3524.36
3524.36
3524.35
3524.35
3524.34
3524.33
3524.32
3524.32
3524.3
3524.3
3524.28
3524.27
3524.25
3524.25
3524.22
3524.22
3524.2
3524.19
3524.2
3524.31
3524.3
3524.32
3524.33
3524.36
3524.42
3524.48
3524.57
3524.64
3524.68
3524.7
3524.69
3524.66
3524.6
3524.53
3524.48
3524.44
3524.41
3524.39
3524.38
3524.37
3524.36
3524.35
3524.34
3524.33
3524.33
3524.32
3524.32
3524.31
3524.31
3524.3
3524.3
3524.3
3524.3
3524.29
3524.29
3524.29
3524.29
3524.29
3524.28
3524.28
3524.28
3524.28
3524.28
3524.28
3524.28
3524.28
3524.28
3524.28
3524.28
3524.28
3524.28
3524.28
3524.28
3524.28
3524.28
3524.28
3524.28
3524.28
3524.28
3524.28
3524.28
3524.28
3524.28
3524.28
3524.28
3524.28
3524.28
3524.28
3524.28
3524.28
3524.28
3524.28
3524.28
3524.28
3524.28
3524.28
3524.28
3524.28
3524.28
3524.28
3524.28
3524.28
3524.28
3524.28
3524.28
3524.28
3524.28
3524.28
3524.28
3524.28
3524.28
3524.28
3524.28
3524.29
3524.29
3524.29
3524.29
3524.29
3524.29
3524.29
3524.29
3524.29
3524.29
3524.29
3524.29
3524.29
3524.29
3524.29
3524.29
3524.29
3524.29
3524.29
3524.29
3524.29
3524.29
3524.29
3524.29
3524.29
3524.29
3524.29
3524.29
3524.29
3524.29
3524.29
3524.29
3524.29
3524.29
3524.29
3524.29
3524.29
3524.29
3524.29
3524.29
3524.29
3524.29
3524.29
3524.29
3524.29
3524.29
3524.29
3524.29
3524.29
3524.29
3524.29
3524.29
3524.29
3524.29
3524.28
3524.28
3524.28
3524.28
3524.28
3524.28
3524.28
3524.28
3524.28
3524.28
3524.28
3524.28
3524.28
3524.28
3524.28
3524.28
3524.28
3524.28
3524.27
3524.27
3524.27
3524.27
3524.27
3524.27
3524.27
3524.26
3524.26
3524.26
3524.26
3524.25
3524.25
3524.25
3524.24
3524.24
3524.23
3524.23
3524.22
3524.22
3524.21
3524.2
3524.19
3524.18
3524.17
3524.16
3524.14
3524.14
3524.12
3524.11
3524.1
3524.09
3524.09
3524.08
3524.16
3524.18
3524.19
3524.2
3524.23
3524.26
3524.3
3524.35
3524.4
3524.43
3524.45
3524.44
3524.42
3524.38
3524.34
3524.32
3524.29
3524.28
3524.26
3524.25
3524.24
3524.23
3524.22
3524.22
3524.21
3524.2
3524.2
3524.19
3524.19
3524.19
3524.18
3524.18
3524.18
3524.17
3524.17
3524.17
3524.17
3524.16
3524.16
3524.16
3524.16
3524.16
3524.16
3524.16
3524.16
3524.16
3524.16
3524.15
3524.15
3524.15
3524.15
3524.15
3524.15
3524.15
3524.15
3524.15
3524.15
3524.15
3524.15
3524.16
3524.16
3524.16
3524.16
3524.16
3524.16
3524.16
3524.16
3524.16
3524.16
3524.16
3524.16
3524.16
3524.16
3524.16
3524.16
3524.16
3524.16
3524.16
3524.16
3524.16
3524.16
3524.16
3524.16
3524.16
3524.16
3524.16
3524.16
3524.16
3524.16
3524.16
3524.16
3524.16
3524.16
3524.16
3524.16
3524.16
3524.16
3524.16
3524.16
3524.16
3524.16
3524.16
3524.16
3524.16
3524.16
3524.16
3524.16
3524.16
3524.16
3524.16
3524.16
3524.16
3524.16
3524.16
3524.16
3524.16
3524.16
3524.16
3524.16
3524.16
3524.16
3524.16
3524.16
3524.16
3524.16
3524.16
3524.16
3524.16
3524.16
3524.16
3524.16
3524.16
3524.16
3524.16
3524.16
3524.16
3524.16
3524.16
3524.16
3524.16
3524.16
3524.16
3524.16
3524.16
3524.16
3524.16
3524.16
3524.16
3524.16
3524.16
3524.16
3524.16
3524.16
3524.16
3524.16
3524.16
3524.16
3524.16
3524.16
3524.16
3524.16
3524.16
3524.16
3524.16
3524.15
3524.15
3524.15
3524.15
3524.15
3524.15
3524.15
3524.14
3524.14
3524.14
3524.14
3524.14
3524.13
3524.13
3524.13
3524.12
3524.12
3524.11
3524.11
3524.1
3524.1
3524.09
3524.08
3524.08
3524.07
3524.06
3524.05
3524.04
3524.03
3524.01
3524.01
3523.99
3523.99
3523.98
3523.97
3523.98
3524.06
3524.06
3524.07
3524.08
3524.1
3524.12
3524.15
3524.18
3524.2
3524.23
3524.23
3524.23
3524.22
3524.2
3524.19
3524.17
3524.16
3524.14
3524.13
3524.12
3524.11
3524.11
3524.1
3524.09
3524.08
3524.08
3524.07
3524.07
3524.07
3524.06
3524.06
3524.06
3524.05
3524.05
3524.05
3524.05
3524.04
3524.04
3524.04
3524.04
3524.04
3524.04
3524.03
3524.03
3524.03
3524.03
3524.03
3524.03
3524.03
3524.03
3524.03
3524.03
3524.03
3524.03
3524.03
3524.03
3524.03
3524.03
3524.03
3524.03
3524.03
3524.03
3524.03
3524.03
3524.03
3524.03
3524.03
3524.04
3524.04
3524.04
3524.04
3524.04
3524.04
3524.04
3524.04
3524.04
3524.04
3524.04
3524.04
3524.04
3524.04
3524.04
3524.04
3524.04
3524.04
3524.04
3524.04
3524.04
3524.04
3524.04
3524.04
3524.04
3524.04
3524.04
3524.04
3524.04
3524.04
3524.04
3524.04
3524.04
3524.04
3524.04
3524.04
3524.04
3524.04
3524.04
3524.04
3524.04
3524.04
3524.04
3524.04
3524.04
3524.04
3524.04
3524.04
3524.04
3524.04
3524.04
3524.04
3524.04
3524.04
3524.04
3524.04
3524.04
3524.04
3524.04
3524.04
3524.04
3524.04
3524.04
3524.04
3524.04
3524.04
3524.04
3524.04
3524.04
3524.04
3524.04
3524.04
3524.04
3524.04
3524.04
3524.04
3524.04
3524.04
3524.04
3524.04
3524.04
3524.04
3524.04
3524.04
3524.04
3524.04
3524.04
3524.04
3524.04
3524.04
3524.04
3524.04
3524.04
3524.04
3524.03
3524.03
3524.03
3524.03
3524.03
3524.03
3524.03
3524.03
3524.03
3524.02
3524.02
3524.02
3524.02
3524.02
3524.01
3524.01
3524.01
3524
3524
3524
3523.99
3523.99
3523.98
3523.97
3523.97
3523.96
3523.96
3523.95
3523.94
3523.93
3523.92
3523.91
3523.9
3523.89
3523.88
3523.87
3523.86
3523.87
3523.86
3523.94
3523.94
3523.95
3523.96
3523.97
3523.99
3524.01
3524.02
3524.04
3524.05
3524.06
3524.06
3524.06
3524.05
3524.04
3524.03
3524.02
3524.01
3524
3523.99
3523.99
3523.98
3523.97
3523.97
3523.96
3523.96
3523.95
3523.95
3523.94
3523.94
3523.94
3523.93
3523.93
3523.93
3523.92
3523.92
3523.92
3523.92
3523.92
3523.91
3523.91
3523.91
3523.91
3523.91
3523.91
3523.91
3523.91
3523.91
3523.91
3523.91
3523.91
3523.91
3523.91
3523.91
3523.91
3523.91
3523.91
3523.91
3523.91
3523.91
3523.91
3523.91
3523.91
3523.91
3523.91
3523.91
3523.91
3523.91
3523.91
3523.91
3523.91
3523.91
3523.91
3523.91
3523.92
3523.92
3523.92
3523.92
3523.92
3523.92
3523.92
3523.92
3523.92
3523.92
3523.92
3523.92
3523.92
3523.92
3523.92
3523.92
3523.92
3523.92
3523.92
3523.92
3523.92
3523.92
3523.92
3523.92
3523.92
3523.92
3523.92
3523.92
3523.92
3523.92
3523.92
3523.92
3523.92
3523.92
3523.92
3523.92
3523.92
3523.92
3523.92
3523.92
3523.92
3523.92
3523.92
3523.92
3523.92
3523.92
3523.92
3523.92
3523.92
3523.92
3523.92
3523.92
3523.92
3523.92
3523.92
3523.92
3523.92
3523.92
3523.92
3523.92
3523.92
3523.92
3523.92
3523.92
3523.92
3523.92
3523.92
3523.92
3523.92
3523.92
3523.92
3523.92
3523.92
3523.92
3523.92
3523.92
3523.92
3523.92
3523.92
3523.92
3523.92
3523.92
3523.92
3523.91
3523.91
3523.91
3523.91
3523.91
3523.91
3523.91
3523.91
3523.91
3523.91
3523.91
3523.9
3523.9
3523.9
3523.9
3523.9
3523.89
3523.89
3523.89
3523.89
3523.88
3523.88
3523.88
3523.87
3523.87
3523.86
3523.86
3523.85
3523.85
3523.84
3523.83
3523.83
3523.82
3523.81
3523.8
3523.79
3523.78
3523.78
3523.77
3523.76
3523.76
3523.75
3523.76
3523.82
3523.82
3523.83
3523.84
3523.85
3523.86
3523.87
3523.88
3523.9
3523.9
3523.91
3523.91
3523.91
3523.91
3523.9
3523.89
3523.89
3523.88
3523.87
3523.87
3523.86
3523.85
3523.85
3523.84
3523.84
3523.83
3523.83
3523.82
3523.82
3523.81
3523.81
3523.81
3523.81
3523.8
3523.8
3523.8
3523.8
3523.79
3523.79
3523.79
3523.79
3523.79
3523.79
3523.79
3523.79
3523.78
3523.78
3523.78
3523.78
3523.78
3523.78
3523.78
3523.78
3523.78
3523.78
3523.78
3523.78
3523.79
3523.79
3523.79
3523.79
3523.79
3523.79
3523.79
3523.79
3523.79
3523.79
3523.79
3523.79
3523.79
3523.79
3523.79
3523.79
3523.79
3523.79
3523.79
3523.79
3523.79
3523.79
3523.79
3523.79
3523.79
3523.8
3523.8
3523.8
3523.8
3523.8
3523.8
3523.8
3523.8
3523.8
3523.8
3523.8
3523.8
3523.8
3523.8
3523.8
3523.8
3523.8
3523.8
3523.8
3523.8
3523.8
3523.8
3523.8
3523.8
3523.8
3523.8
3523.8
3523.8
3523.8
3523.8
3523.8
3523.8
3523.8
3523.8
3523.8
3523.8
3523.8
3523.8
3523.8
3523.8
3523.8
3523.8
3523.8
3523.8
3523.8
3523.8
3523.8
3523.8
3523.8
3523.8
3523.8
3523.8
3523.8
3523.8
3523.8
3523.8
3523.8
3523.8
3523.8
3523.8
3523.8
3523.8
3523.8
3523.8
3523.8
3523.8
3523.8
3523.8
3523.8
3523.8
3523.8
3523.79
3523.79
3523.79
3523.79
3523.79
3523.79
3523.79
3523.79
3523.79
3523.79
3523.79
3523.79
3523.79
3523.78
3523.78
3523.78
3523.78
3523.78
3523.78
3523.77
3523.77
3523.77
3523.77
3523.76
3523.76
3523.76
3523.75
3523.75
3523.75
3523.74
3523.74
3523.73
3523.73
3523.72
3523.71
3523.7
3523.7
3523.69
3523.68
3523.67
3523.67
3523.66
3523.65
3523.65
3523.64
3523.64
3523.64
3523.7
3523.7
3523.71
3523.71
3523.72
3523.73
3523.74
3523.75
3523.76
3523.76
3523.77
3523.77
3523.77
3523.77
3523.77
3523.76
3523.76
3523.75
3523.74
3523.74
3523.73
3523.73
3523.72
3523.72
3523.71
3523.71
3523.7
3523.7
3523.69
3523.69
3523.69
3523.68
3523.68
3523.68
3523.68
3523.67
3523.67
3523.67
3523.67
3523.67
3523.67
3523.66
3523.66
3523.66
3523.66
3523.66
3523.66
3523.66
3523.66
3523.66
3523.66
3523.66
3523.66
3523.66
3523.66
3523.66
3523.66
3523.66
3523.66
3523.66
3523.66
3523.66
3523.66
3523.67
3523.67
3523.67
3523.67
3523.67
3523.67
3523.67
3523.67
3523.67
3523.67
3523.67
3523.67
3523.67
3523.67
3523.67
3523.67
3523.67
3523.67
3523.67
3523.67
3523.67
3523.67
3523.67
3523.67
3523.67
3523.67
3523.67
3523.67
3523.67
3523.67
3523.67
3523.67
3523.67
3523.67
3523.67
3523.68
3523.68
3523.68
3523.68
3523.68
3523.68
3523.68
3523.68
3523.68
3523.68
3523.68
3523.68
3523.68
3523.68
3523.68
3523.68
3523.68
3523.68
3523.68
3523.68
3523.68
3523.68
3523.68
3523.68
3523.68
3523.68
3523.68
3523.68
3523.68
3523.68
3523.68
3523.68
3523.68
3523.68
3523.68
3523.68
3523.68
3523.68
3523.68
3523.68
3523.68
3523.68
3523.68
3523.68
3523.68
3523.68
3523.68
3523.67
3523.67
3523.67
3523.67
3523.67
3523.67
3523.67
3523.67
3523.67
3523.67
3523.67
3523.67
3523.67
3523.67
3523.67
3523.67
3523.67
3523.67
3523.67
3523.66
3523.66
3523.66
3523.66
3523.66
3523.66
3523.66
3523.65
3523.65
3523.65
3523.65
3523.65
3523.64
3523.64
3523.64
3523.63
3523.63
3523.62
3523.62
3523.61
3523.61
3523.6
3523.6
3523.59
3523.59
3523.58
3523.57
3523.56
3523.56
3523.55
3523.54
3523.54
3523.53
3523.53
3523.52
3523.53
3523.58
3523.58
3523.59
3523.59
3523.6
3523.6
3523.61
3523.62
3523.62
3523.63
3523.63
3523.64
3523.64
3523.63
3523.63
3523.63
3523.62
3523.62
3523.61
3523.61
3523.6
3523.6
3523.59
3523.59
3523.59
3523.58
3523.58
3523.57
3523.57
3523.57
3523.56
3523.56
3523.56
3523.55
3523.55
3523.55
3523.55
3523.55
3523.54
3523.54
3523.54
3523.54
3523.54
3523.54
3523.54
3523.54
3523.54
3523.54
3523.54
3523.54
3523.54
3523.54
3523.54
3523.54
3523.54
3523.54
3523.54
3523.54
3523.54
3523.54
3523.54
3523.54
3523.54
3523.54
3523.54
3523.54
3523.54
3523.55
3523.55
3523.55
3523.55
3523.55
3523.55
3523.55
3523.55
3523.55
3523.55
3523.55
3523.55
3523.55
3523.55
3523.55
3523.55
3523.55
3523.55
3523.55
3523.55
3523.55
3523.55
3523.55
3523.55
3523.55
3523.55
3523.55
3523.55
3523.55
3523.55
3523.55
3523.55
3523.55
3523.55
3523.55
3523.55
3523.55
3523.55
3523.55
3523.55
3523.55
3523.55
3523.55
3523.55
3523.55
3523.55
3523.55
3523.55
3523.55
3523.55
3523.55
3523.55
3523.55
3523.55
3523.55
3523.55
3523.55
3523.55
3523.55
3523.55
3523.55
3523.55
3523.55
3523.55
3523.55
3523.55
3523.55
3523.55
3523.55
3523.55
3523.55
3523.55
3523.55
3523.55
3523.55
3523.55
3523.55
3523.55
3523.55
3523.55
3523.55
3523.55
3523.55
3523.55
3523.55
3523.55
3523.55
3523.55
3523.55
3523.55
3523.55
3523.55
3523.55
3523.55
3523.55
3523.54
3523.54
3523.54
3523.54
3523.54
3523.54
3523.54
3523.54
3523.53
3523.53
3523.53
3523.53
3523.53
3523.52
3523.52
3523.52
3523.51
3523.51
3523.51
3523.5
3523.5
3523.49
3523.49
3523.48
3523.48
3523.47
3523.47
3523.46
3523.45
3523.45
3523.44
3523.44
3523.43
3523.42
3523.42
3523.42
3523.41
3523.42
3523.46
3523.46
3523.46
3523.47
3523.47
3523.48
3523.48
3523.49
3523.49
3523.5
3523.5
3523.5
3523.5
3523.5
3523.5
3523.5
3523.49
3523.49
3523.49
3523.48
3523.48
3523.47
3523.47
3523.46
3523.46
3523.46
3523.45
3523.45
3523.45
3523.44
3523.44
3523.44
3523.43
3523.43
3523.43
3523.43
3523.42
3523.42
3523.42
3523.42
3523.42
3523.42
3523.41
3523.41
3523.41
3523.41
3523.41
3523.41
3523.41
3523.41
3523.41
3523.41
3523.41
3523.41
3523.41
3523.41
3523.41
3523.42
3523.42
3523.42
3523.42
3523.42
3523.42
3523.42
3523.42
3523.42
3523.42
3523.42
3523.42
3523.42
3523.42
3523.42
3523.43
3523.43
3523.43
3523.43
3523.43
3523.43
3523.43
3523.43
3523.43
3523.43
3523.43
3523.43
3523.43
3523.43
3523.43
3523.43
3523.43
3523.43
3523.43
3523.43
3523.43
3523.43
3523.43
3523.43
3523.43
3523.43
3523.43
3523.43
3523.43
3523.43
3523.43
3523.43
3523.43
3523.43
3523.43
3523.43
3523.43
3523.43
3523.43
3523.43
3523.43
3523.43
3523.43
3523.43
3523.43
3523.43
3523.43
3523.43
3523.43
3523.43
3523.43
3523.43
3523.43
3523.43
3523.43
3523.43
3523.43
3523.43
3523.43
3523.43
3523.43
3523.43
3523.43
3523.43
3523.43
3523.43
3523.43
3523.43
3523.43
3523.43
3523.43
3523.43
3523.43
3523.43
3523.43
3523.43
3523.43
3523.43
3523.43
3523.43
3523.43
3523.43
3523.43
3523.43
3523.43
3523.43
3523.43
3523.42
3523.42
3523.42
3523.42
3523.42
3523.42
3523.42
3523.42
3523.42
3523.42
3523.41
3523.41
3523.41
3523.41
3523.41
3523.4
3523.4
3523.4
3523.4
3523.39
3523.39
3523.39
3523.38
3523.38
3523.37
3523.37
3523.36
3523.36
3523.35
3523.35
3523.34
3523.34
3523.33
3523.32
3523.32
3523.31
3523.31
3523.31
3523.3
3523.3
3523.31
3523.34
3523.34
3523.34
3523.34
3523.35
3523.35
3523.36
3523.36
3523.36
3523.37
3523.37
3523.37
3523.37
3523.37
3523.37
3523.37
3523.36
3523.36
3523.36
3523.35
3523.35
3523.35
3523.34
3523.34
3523.33
3523.33
3523.33
3523.32
3523.32
3523.32
3523.31
3523.31
3523.31
3523.31
3523.3
3523.3
3523.3
3523.3
3523.3
3523.29
3523.29
3523.29
3523.29
3523.29
3523.29
3523.29
3523.29
3523.29
3523.29
3523.29
3523.29
3523.29
3523.29
3523.29
3523.29
3523.29
3523.29
3523.29
3523.29
3523.29
3523.29
3523.3
3523.3
3523.3
3523.3
3523.3
3523.3
3523.3
3523.3
3523.3
3523.3
3523.3
3523.3
3523.3
3523.3
3523.3
3523.3
3523.31
3523.31
3523.31
3523.31
3523.31
3523.31
3523.31
3523.31
3523.31
3523.31
3523.31
3523.31
3523.31
3523.31
3523.31
3523.31
3523.31
3523.31
3523.31
3523.31
3523.31
3523.31
3523.31
3523.31
3523.31
3523.31
3523.31
3523.31
3523.31
3523.31
3523.31
3523.31
3523.31
3523.31
3523.31
3523.31
3523.31
3523.31
3523.31
3523.31
3523.31
3523.31
3523.31
3523.31
3523.31
3523.31
3523.31
3523.31
3523.31
3523.31
3523.31
3523.31
3523.31
3523.31
3523.31
3523.31
3523.31
3523.31
3523.31
3523.31
3523.31
3523.31
3523.31
3523.31
3523.31
3523.31
3523.31
3523.31
3523.31
3523.31
3523.31
3523.31
3523.31
3523.31
3523.31
3523.31
3523.31
3523.31
3523.31
3523.3
3523.3
3523.3
3523.3
3523.3
3523.3
3523.3
3523.3
3523.3
3523.3
3523.3
3523.29
3523.29
3523.29
3523.29
3523.29
3523.29
3523.28
3523.28
3523.28
3523.28
3523.27
3523.27
3523.27
3523.26
3523.26
3523.26
3523.25
3523.25
3523.24
3523.24
3523.23
3523.23
3523.22
3523.22
3523.21
3523.21
3523.2
3523.2
3523.2
3523.19
3523.19
3523.19
3523.19
3523.21
3523.22
3523.22
3523.22
3523.22
3523.23
3523.23
3523.23
3523.24
3523.24
3523.24
3523.24
3523.24
3523.24
3523.24
3523.24
3523.24
3523.23
3523.23
3523.23
3523.22
3523.22
3523.22
3523.21
3523.21
3523.21
3523.2
3523.2
3523.2
3523.19
3523.19
3523.19
3523.18
3523.18
3523.18
3523.18
3523.18
3523.17
3523.17
3523.17
3523.17
3523.17
3523.17
3523.16
3523.16
3523.16
3523.16
3523.16
3523.16
3523.16
3523.16
3523.16
3523.16
3523.17
3523.17
3523.17
3523.17
3523.17
3523.17
3523.17
3523.17
3523.17
3523.17
3523.17
3523.18
3523.18
3523.18
3523.18
3523.18
3523.18
3523.18
3523.18
3523.18
3523.18
3523.18
3523.18
3523.18
3523.18
3523.18
3523.18
3523.18
3523.18
3523.18
3523.18
3523.19
3523.19
3523.19
3523.19
3523.19
3523.19
3523.19
3523.19
3523.19
3523.19
3523.19
3523.19
3523.19
3523.19
3523.19
3523.19
3523.19
3523.19
3523.19
3523.19
3523.19
3523.19
3523.19
3523.19
3523.19
3523.19
3523.19
3523.19
3523.19
3523.19
3523.19
3523.19
3523.19
3523.19
3523.19
3523.19
3523.19
3523.19
3523.19
3523.19
3523.19
3523.19
3523.19
3523.19
3523.19
3523.19
3523.19
3523.19
3523.19
3523.19
3523.19
3523.19
3523.19
3523.19
3523.19
3523.19
3523.19
3523.19
3523.19
3523.19
3523.19
3523.19
3523.19
3523.19
3523.19
3523.19
3523.19
3523.19
3523.18
3523.18
3523.18
3523.18
3523.18
3523.18
3523.18
3523.18
3523.18
3523.18
3523.18
3523.18
3523.18
3523.18
3523.17
3523.17
3523.17
3523.17
3523.17
3523.17
3523.16
3523.16
3523.16
3523.16
3523.16
3523.15
3523.15
3523.15
3523.14
3523.14
3523.14
3523.13
3523.13
3523.12
3523.12
3523.12
3523.11
3523.11
3523.1
3523.1
3523.09
3523.09
3523.08
3523.08
3523.08
3523.08
3523.07
3523.08
3523.09
3523.1
3523.1
3523.1
3523.1
3523.1
3523.1
3523.11
3523.11
3523.11
3523.11
3523.11
3523.11
3523.11
3523.11
3523.11
3523.11
3523.1
3523.1
3523.1
3523.1
3523.09
3523.09
3523.09
3523.08
3523.08
3523.08
3523.07
3523.07
3523.07
3523.06
3523.06
3523.06
3523.06
3523.05
3523.05
3523.05
3523.05
3523.05
3523.05
3523.04
3523.04
3523.04
3523.04
3523.04
3523.04
3523.04
3523.04
3523.04
3523.04
3523.04
3523.04
3523.04
3523.04
3523.04
3523.04
3523.04
3523.05
3523.05
3523.05
3523.05
3523.05
3523.05
3523.05
3523.05
3523.05
3523.05
3523.06
3523.06
3523.06
3523.06
3523.06
3523.06
3523.06
3523.06
3523.06
3523.06
3523.06
3523.06
3523.06
3523.06
3523.06
3523.06
3523.06
3523.06
3523.06
3523.06
3523.06
3523.06
3523.06
3523.06
3523.06
3523.06
3523.06
3523.06
3523.06
3523.06
3523.06
3523.06
3523.07
3523.07
3523.07
3523.07
3523.07
3523.07
3523.07
3523.07
3523.07
3523.07
3523.07
3523.07
3523.07
3523.07
3523.07
3523.07
3523.07
3523.07
3523.07
3523.07
3523.07
3523.07
3523.07
3523.07
3523.07
3523.07
3523.07
3523.07
3523.07
3523.07
3523.07
3523.07
3523.07
3523.07
3523.07
3523.07
3523.07
3523.07
3523.07
3523.07
3523.07
3523.07
3523.07
3523.07
3523.07
3523.06
3523.06
3523.06
3523.06
3523.06
3523.06
3523.06
3523.06
3523.06
3523.06
3523.06
3523.06
3523.06
3523.06
3523.06
3523.06
3523.06
3523.06
3523.06
3523.06
3523.05
3523.05
3523.05
3523.05
3523.05
3523.05
3523.05
3523.05
3523.04
3523.04
3523.04
3523.04
3523.03
3523.03
3523.03
3523.03
3523.02
3523.02
3523.02
3523.01
3523.01
3523
3523
3523
3522.99
3522.99
3522.98
3522.98
3522.98
3522.97
3522.97
3522.97
3522.96
3522.96
3522.96
3522.96
3522.97
3522.97
3522.97
3522.97
3522.98
3522.98
3522.98
3522.98
3522.98
3522.98
3522.98
3522.98
3522.98
3522.98
3522.98
3522.98
3522.98
3522.98
3522.97
3522.97
3522.97
3522.97
3522.96
3522.96
3522.96
3522.95
3522.95
3522.95
3522.95
3522.94
3522.94
3522.94
3522.93
3522.93
3522.93
3522.93
3522.93
3522.92
3522.92
3522.92
3522.92
3522.92
3522.92
3522.92
3522.91
3522.91
3522.91
3522.91
3522.91
3522.91
3522.91
3522.92
3522.92
3522.92
3522.92
3522.92
3522.92
3522.92
3522.92
3522.92
3522.93
3522.93
3522.93
3522.93
3522.93
3522.93
3522.93
3522.93
3522.93
3522.93
3522.94
3522.94
3522.94
3522.94
3522.94
3522.94
3522.94
3522.94
3522.94
3522.94
3522.94
3522.94
3522.94
3522.94
3522.94
3522.94
3522.94
3522.94
3522.94
3522.94
3522.94
3522.94
3522.94
3522.94
3522.94
3522.94
3522.94
3522.94
3522.94
3522.94
3522.94
3522.94
3522.94
3522.94
3522.94
3522.94
3522.94
3522.94
3522.94
3522.94
3522.94
3522.94
3522.94
3522.94
3522.94
3522.94
3522.94
3522.94
3522.94
3522.94
3522.94
3522.94
3522.94
3522.94
3522.94
3522.94
3522.94
3522.94
3522.94
3522.94
3522.94
3522.94
3522.94
3522.94
3522.94
3522.94
3522.94
3522.94
3522.94
3522.94
3522.94
3522.94
3522.94
3522.94
3522.94
3522.94
3522.94
3522.94
3522.94
3522.94
3522.94
3522.94
3522.94
3522.94
3522.94
3522.94
3522.94
3522.94
3522.94
3522.94
3522.94
3522.94
3522.93
3522.93
3522.93
3522.93
3522.93
3522.93
3522.93
3522.93
3522.93
3522.92
3522.92
3522.92
3522.92
3522.92
3522.91
3522.91
3522.91
3522.91
3522.9
3522.9
3522.9
3522.89
3522.89
3522.89
3522.88
3522.88
3522.87
3522.87
3522.87
3522.86
3522.86
3522.86
3522.85
3522.85
3522.85
3522.85
3522.85
3522.85
3522.85
3522.85
3522.85
3522.85
3522.85
3522.85
3522.85
3522.86
3522.86
3522.86
3522.86
3522.86
3522.86
3522.86
3522.86
3522.85
3522.85
3522.85
3522.85
3522.84
3522.84
3522.84
3522.84
3522.83
3522.83
3522.83
3522.83
3522.82
3522.82
3522.82
3522.81
3522.81
3522.81
3522.81
3522.81
3522.8
3522.8
3522.8
3522.8
3522.8
3522.79
3522.79
3522.79
3522.79
3522.79
3522.79
3522.79
3522.79
3522.79
3522.79
3522.79
3522.79
3522.79
3522.79
3522.79
3522.8
3522.8
3522.8
3522.8
3522.8
3522.8
3522.8
3522.81
3522.81
3522.81
3522.81
3522.81
3522.81
3522.81
3522.81
3522.81
3522.81
3522.81
3522.82
3522.82
3522.82
3522.82
3522.82
3522.82
3522.82
3522.82
3522.82
3522.82
3522.82
3522.82
3522.82
3522.82
3522.82
3522.82
3522.82
3522.82
3522.82
3522.82
3522.82
3522.82
3522.82
3522.82
3522.82
3522.82
3522.82
3522.82
3522.82
3522.82
3522.82
3522.82
3522.82
3522.82
3522.82
3522.82
3522.82
3522.82
3522.82
3522.82
3522.82
3522.82
3522.82
3522.82
3522.82
3522.82
3522.82
3522.82
3522.82
3522.82
3522.82
3522.82
3522.82
3522.82
3522.82
3522.82
3522.82
3522.82
3522.82
3522.82
3522.82
3522.82
3522.82
3522.82
3522.82
3522.82
3522.82
3522.82
3522.82
3522.82
3522.82
3522.82
3522.82
3522.82
3522.82
3522.82
3522.82
3522.82
3522.82
3522.82
3522.82
3522.82
3522.82
3522.82
3522.82
3522.82
3522.82
3522.81
3522.81
3522.81
3522.81
3522.81
3522.81
3522.81
3522.81
3522.81
3522.81
3522.8
3522.8
3522.8
3522.8
3522.8
3522.8
3522.79
3522.79
3522.79
3522.79
3522.78
3522.78
3522.78
3522.77
3522.77
3522.77
3522.76
3522.76
3522.76
3522.75
3522.75
3522.75
3522.74
3522.74
3522.74
3522.74
3522.73
3522.73
3522.73
3522.74
3522.72
3522.72
3522.73
3522.73
3522.73
3522.73
3522.73
3522.73
3522.73
3522.73
3522.73
3522.73
3522.73
3522.73
3522.73
3522.73
3522.72
3522.72
3522.72
3522.72
3522.72
3522.71
3522.71
3522.71
3522.71
3522.7
3522.7
3522.7
3522.69
3522.69
3522.69
3522.69
3522.68
3522.68
3522.68
3522.68
3522.68
3522.67
3522.67
3522.67
3522.67
3522.67
3522.67
3522.66
3522.66
3522.66
3522.66
3522.66
3522.66
3522.66
3522.66
3522.67
3522.67
3522.67
3522.67
3522.67
3522.67
3522.68
3522.68
3522.68
3522.68
3522.68
3522.68
3522.68
3522.69
3522.69
3522.69
3522.69
3522.69
3522.69
3522.69
3522.69
3522.69
3522.69
3522.69
3522.69
3522.69
3522.7
3522.7
3522.7
3522.7
3522.7
3522.7
3522.7
3522.7
3522.7
3522.7
3522.7
3522.7
3522.7
3522.7
3522.7
3522.7
3522.7
3522.7
3522.7
3522.7
3522.7
3522.7
3522.7
3522.7
3522.7
3522.7
3522.7
3522.7
3522.7
3522.7
3522.7
3522.7
3522.7
3522.7
3522.7
3522.7
3522.7
3522.7
3522.7
3522.7
3522.7
3522.7
3522.7
3522.7
3522.7
3522.7
3522.7
3522.7
3522.7
3522.7
3522.7
3522.7
3522.7
3522.7
3522.7
3522.7
3522.7
3522.7
3522.7
3522.7
3522.7
3522.7
3522.7
3522.7
3522.7
3522.7
3522.7
3522.7
3522.7
3522.7
3522.7
3522.7
3522.7
3522.7
3522.7
3522.7
3522.7
3522.7
3522.7
3522.7
3522.69
3522.69
3522.69
3522.69
3522.69
3522.69
3522.69
3522.69
3522.69
3522.69
3522.69
3522.69
3522.68
3522.68
3522.68
3522.68
3522.68
3522.68
3522.67
3522.67
3522.67
3522.67
3522.67
3522.66
3522.66
3522.66
3522.65
3522.65
3522.65
3522.64
3522.64
3522.64
3522.64
3522.63
3522.63
3522.63
3522.62
3522.62
3522.62
3522.62
3522.62
3522.62
3522.62
3522.6
3522.6
3522.6
3522.6
3522.6
3522.6
3522.61
3522.61
3522.61
3522.61
3522.61
3522.6
3522.6
3522.6
3522.6
3522.6
3522.6
3522.6
3522.59
3522.59
3522.59
3522.59
3522.58
3522.58
3522.58
3522.58
3522.57
3522.57
3522.57
3522.57
3522.56
3522.56
3522.56
3522.56
3522.56
3522.55
3522.55
3522.55
3522.55
3522.54
3522.54
3522.54
3522.54
3522.54
3522.54
3522.54
3522.54
3522.54
3522.54
3522.54
3522.54
3522.54
3522.54
3522.54
3522.55
3522.55
3522.55
3522.55
3522.55
3522.56
3522.56
3522.56
3522.56
3522.56
3522.56
3522.56
3522.57
3522.57
3522.57
3522.57
3522.57
3522.57
3522.57
3522.57
3522.57
3522.57
3522.57
3522.57
3522.57
3522.57
3522.57
3522.57
3522.57
3522.58
3522.58
3522.58
3522.58
3522.58
3522.58
3522.58
3522.58
3522.58
3522.58
3522.58
3522.58
3522.58
3522.58
3522.58
3522.58
3522.58
3522.58
3522.58
3522.58
3522.58
3522.58
3522.58
3522.58
3522.58
3522.58
3522.58
3522.58
3522.58
3522.58
3522.58
3522.58
3522.58
3522.58
3522.58
3522.58
3522.58
3522.58
3522.58
3522.58
3522.58
3522.58
3522.58
3522.58
3522.58
3522.58
3522.58
3522.58
3522.58
3522.58
3522.58
3522.58
3522.58
3522.58
3522.58
3522.58
3522.58
3522.58
3522.58
3522.58
3522.58
3522.58
3522.58
3522.58
3522.58
3522.58
3522.58
3522.58
3522.58
3522.58
3522.57
3522.57
3522.57
3522.57
3522.57
3522.57
3522.57
3522.57
3522.57
3522.57
3522.57
3522.57
3522.57
3522.57
3522.57
3522.56
3522.56
3522.56
3522.56
3522.56
3522.56
3522.56
3522.55
3522.55
3522.55
3522.55
3522.55
3522.54
3522.54
3522.54
3522.54
3522.53
3522.53
3522.53
3522.52
3522.52
3522.52
3522.52
3522.51
3522.51
3522.51
3522.51
3522.5
3522.5
3522.5
3522.5
3522.51
3522.47
3522.48
3522.48
3522.48
3522.48
3522.48
3522.48
3522.48
3522.48
3522.48
3522.48
3522.48
3522.48
3522.48
3522.47
3522.47
3522.47
3522.47
3522.47
3522.46
3522.46
3522.46
3522.46
3522.46
3522.45
3522.45
3522.45
3522.45
3522.44
3522.44
3522.44
3522.44
3522.43
3522.43
3522.43
3522.43
3522.43
3522.42
3522.42
3522.42
3522.42
3522.42
3522.41
3522.41
3522.41
3522.41
3522.41
3522.41
3522.41
3522.41
3522.41
3522.42
3522.42
3522.42
3522.42
3522.42
3522.43
3522.43
3522.43
3522.43
3522.43
3522.44
3522.44
3522.44
3522.44
3522.44
3522.44
3522.44
3522.45
3522.45
3522.45
3522.45
3522.45
3522.45
3522.45
3522.45
3522.45
3522.45
3522.45
3522.45
3522.45
3522.45
3522.45
3522.45
3522.45
3522.45
3522.45
3522.45
3522.45
3522.45
3522.45
3522.45
3522.45
3522.45
3522.45
3522.45
3522.45
3522.46
3522.46
3522.46
3522.46
3522.46
3522.46
3522.46
3522.46
3522.46
3522.46
3522.46
3522.46
3522.46
3522.46
3522.46
3522.46
3522.46
3522.46
3522.46
3522.46
3522.46
3522.46
3522.46
3522.46
3522.46
3522.46
3522.46
3522.46
3522.46
3522.46
3522.46
3522.46
3522.46
3522.46
3522.46
3522.46
3522.46
3522.46
3522.46
3522.46
3522.46
3522.46
3522.46
3522.46
3522.46
3522.46
3522.46
3522.46
3522.46
3522.46
3522.45
3522.45
3522.45
3522.45
3522.45
3522.45
3522.45
3522.45
3522.45
3522.45
3522.45
3522.45
3522.45
3522.45
3522.45
3522.45
3522.45
3522.45
3522.45
3522.45
3522.44
3522.44
3522.44
3522.44
3522.44
3522.44
3522.44
3522.43
3522.43
3522.43
3522.43
3522.43
3522.43
3522.42
3522.42
3522.42
3522.42
3522.41
3522.41
3522.41
3522.41
3522.4
3522.4
3522.4
3522.4
3522.39
3522.39
3522.39
3522.39
3522.39
3522.39
3522.39
3522.39
3522.35
3522.32
3522.35
3522.35
3522.35
3522.35
3522.36
3522.36
3522.36
3522.36
3522.35
3522.35
3522.35
3522.35
3522.35
3522.35
3522.34
3522.34
3522.34
3522.34
3522.34
3522.33
3522.33
3522.33
3522.33
3522.33
3522.32
3522.32
3522.32
3522.32
3522.31
3522.31
3522.31
3522.31
3522.31
3522.3
3522.3
3522.3
3522.3
3522.29
3522.29
3522.29
3522.29
3522.29
3522.29
3522.29
3522.29
3522.29
3522.29
3522.29
3522.29
3522.29
3522.29
3522.3
3522.3
3522.3
3522.3
3522.31
3522.31
3522.31
3522.31
3522.31
3522.32
3522.32
3522.32
3522.32
3522.32
3522.32
3522.32
3522.33
3522.33
3522.33
3522.33
3522.33
3522.33
3522.33
3522.33
3522.33
3522.33
3522.33
3522.33
3522.33
3522.33
3522.33
3522.33
3522.33
3522.33
3522.33
3522.33
3522.33
3522.33
3522.33
3522.33
3522.33
3522.33
3522.33
3522.33
3522.33
3522.33
3522.33
3522.33
3522.33
3522.33
3522.33
3522.33
3522.33
3522.33
3522.33
3522.33
3522.33
3522.33
3522.33
3522.33
3522.33
3522.33
3522.33
3522.33
3522.33
3522.33
3522.33
3522.33
3522.33
3522.33
3522.33
3522.33
3522.33
3522.33
3522.33
3522.33
3522.33
3522.33
3522.33
3522.33
3522.33
3522.33
3522.33
3522.33
3522.33
3522.33
3522.33
3522.33
3522.33
3522.33
3522.33
3522.33
3522.33
3522.33
3522.33
3522.33
3522.33
3522.33
3522.33
3522.33
3522.33
3522.33
3522.33
3522.33
3522.33
3522.33
3522.33
3522.33
3522.33
3522.33
3522.33
3522.33
3522.32
3522.32
3522.32
3522.32
3522.32
3522.32
3522.32
3522.32
3522.32
3522.31
3522.31
3522.31
3522.31
3522.31
3522.31
3522.3
3522.3
3522.3
3522.3
3522.29
3522.29
3522.29
3522.29
3522.29
3522.28
3522.28
3522.28
3522.28
3522.28
3522.27
3522.27
3522.27
3522.27
3522.27
3522.28
3522.21
3521.51
3522.15
3522.25
3522.29
3522.34
3522.25
3522.22
3522.22
3522.22
3522.22
3522.22
3522.22
3522.22
3522.22
3522.22
3522.22
3522.22
3522.21
3522.21
3522.21
3522.21
3522.21
3522.2
3522.2
3522.2
3522.2
3522.2
3522.19
3522.19
3522.19
3522.19
3522.18
3522.18
3522.18
3522.18
3522.18
3522.17
3522.17
3522.17
3522.17
3522.17
3522.16
3522.16
3522.16
3522.16
3522.16
3522.16
3522.16
3522.16
3522.16
3522.17
3522.17
3522.17
3522.17
3522.18
3522.18
3522.18
3522.19
3522.19
3522.19
3522.19
3522.19
3522.2
3522.2
3522.2
3522.2
3522.2
3522.2
3522.2
3522.2
3522.2
3522.21
3522.21
3522.21
3522.21
3522.21
3522.21
3522.21
3522.21
3522.21
3522.21
3522.21
3522.21
3522.21
3522.21
3522.21
3522.21
3522.21
3522.21
3522.21
3522.21
3522.21
3522.21
3522.21
3522.21
3522.21
3522.21
3522.21
3522.21
3522.21
3522.21
3522.21
3522.21
3522.21
3522.21
3522.21
3522.21
3522.21
3522.21
3522.21
3522.21
3522.21
3522.21
3522.21
3522.21
3522.21
3522.21
3522.21
3522.21
3522.21
3522.21
3522.21
3522.21
3522.21
3522.21
3522.21
3522.21
3522.21
3522.21
3522.21
3522.21
3522.21
3522.21
3522.21
3522.21
3522.21
3522.21
3522.21
3522.21
3522.21
3522.21
3522.21
3522.21
3522.21
3522.21
3522.21
3522.21
3522.21
3522.21
3522.21
3522.21
3522.21
3522.21
3522.21
3522.21
3522.21
3522.21
3522.21
3522.21
3522.21
3522.21
3522.21
3522.21
3522.2
3522.2
3522.2
3522.2
3522.2
3522.2
3522.2
3522.2
3522.2
3522.2
3522.19
3522.19
3522.19
3522.19
3522.19
3522.19
3522.18
3522.18
3522.18
3522.18
3522.18
3522.17
3522.17
3522.17
3522.17
3522.17
3522.16
3522.16
3522.16
3522.16
3522.16
3522.16
3522.16
3522.16
3522.16
3522.16
3521.84
3511.12
3520.18
3521.77
3521.22
3520.29
3521.77
3522.21
3522.19
3522.16
3522.14
3522.12
3522.11
3522.11
3522.1
3522.1
3522.09
3522.09
3522.09
3522.09
3522.08
3522.08
3522.08
3522.08
3522.08
3522.07
3522.07
3522.07
3522.07
3522.07
3522.06
3522.06
3522.06
3522.06
3522.06
3522.05
3522.05
3522.05
3522.05
3522.05
3522.05
3522.05
3522.05
3522.05
3522.06
3522.06
3522.07
3522.07
3522.07
3522.06
3522.06
3522.05
3522.05
3522.05
3522.05
3522.05
3522.06
3522.06
3522.06
3522.07
3522.07
3522.07
3522.07
3522.07
3522.08
3522.08
3522.08
3522.08
3522.08
3522.08
3522.08
3522.08
3522.08
3522.08
3522.08
3522.09
3522.09
3522.09
3522.09
3522.09
3522.09
3522.09
3522.09
3522.09
3522.09
3522.09
3522.09
3522.09
3522.09
3522.09
3522.09
3522.09
3522.09
3522.09
3522.09
3522.09
3522.09
3522.09
3522.09
3522.09
3522.09
3522.09
3522.09
3522.09
3522.09
3522.09
3522.09
3522.09
3522.09
3522.09
3522.09
3522.09
3522.09
3522.09
3522.09
3522.09
3522.09
3522.09
3522.09
3522.09
3522.09
3522.09
3522.09
3522.09
3522.09
3522.09
3522.09
3522.09
3522.09
3522.09
3522.09
3522.09
3522.09
3522.09
3522.09
3522.09
3522.09
3522.09
3522.09
3522.09
3522.09
3522.09
3522.09
3522.09
3522.09
3522.09
3522.09
3522.09
3522.09
3522.09
3522.09
3522.09
3522.09
3522.09
3522.09
3522.09
3522.09
3522.09
3522.09
3522.09
3522.09
3522.09
3522.08
3522.08
3522.08
3522.08
3522.08
3522.08
3522.08
3522.08
3522.08
3522.08
3522.08
3522.07
3522.07
3522.07
3522.07
3522.07
3522.07
3522.07
3522.06
3522.06
3522.06
3522.06
3522.06
3522.06
3522.05
3522.05
3522.05
3522.05
3522.05
3522.05
3522.04
3522.04
3522.04
3522.04
3522.04
3522.04
3522.04
3522.05
3519.16
3454.49
3506.03
3519.54
3530.88
3540.25
3525.26
3521.36
3521.53
3521.7
3521.78
3521.83
3521.87
3521.9
3521.93
3521.94
3521.95
3521.96
3521.96
3521.96
3521.96
3521.96
3521.96
3521.96
3521.96
3521.96
3521.96
3521.95
3521.95
3521.95
3521.95
3521.94
3521.94
3521.94
3521.94
3521.94
3521.94
3521.95
3521.95
3521.96
3521.98
3522
3522.03
3522.06
3522.1
3522.13
3522.17
3522.18
3522.18
3522.15
3522.1
3522.04
3521.99
3521.96
3521.94
3521.93
3521.93
3521.94
3521.94
3521.94
3521.95
3521.95
3521.95
3521.95
3521.95
3521.96
3521.96
3521.96
3521.96
3521.96
3521.96
3521.96
3521.96
3521.96
3521.96
3521.96
3521.96
3521.96
3521.96
3521.97
3521.97
3521.97
3521.97
3521.97
3521.97
3521.97
3521.97
3521.97
3521.97
3521.97
3521.97
3521.97
3521.97
3521.97
3521.97
3521.97
3521.97
3521.97
3521.97
3521.97
3521.97
3521.97
3521.97
3521.97
3521.97
3521.97
3521.97
3521.97
3521.97
3521.97
3521.97
3521.97
3521.97
3521.97
3521.97
3521.97
3521.97
3521.97
3521.97
3521.97
3521.97
3521.97
3521.97
3521.97
3521.97
3521.97
3521.97
3521.97
3521.97
3521.97
3521.97
3521.97
3521.97
3521.97
3521.97
3521.97
3521.97
3521.97
3521.97
3521.97
3521.97
3521.97
3521.97
3521.97
3521.97
3521.97
3521.97
3521.97
3521.97
3521.97
3521.97
3521.97
3521.97
3521.97
3521.97
3521.97
3521.97
3521.97
3521.96
3521.96
3521.96
3521.96
3521.96
3521.96
3521.96
3521.96
3521.96
3521.96
3521.96
3521.96
3521.96
3521.96
3521.96
3521.95
3521.95
3521.95
3521.95
3521.95
3521.95
3521.95
3521.95
3521.94
3521.94
3521.94
3521.94
3521.94
3521.94
3521.93
3521.93
3521.93
3521.93
3521.93
3521.93
3521.93
3521.93
3521.93
3521.93
3521.93
3521.93
3521.93
3521.47
3346.95
3457.77
3500.71
3466.22
3431.4
3510.15
3525.25
3523.65
3523.06
3522.83
3522.63
3522.42
3522.24
3522.1
3522
3521.93
3521.89
3521.85
3521.82
3521.8
3521.79
3521.78
3521.77
3521.77
3521.77
3521.77
3521.78
3521.79
3521.8
3521.81
3521.82
3521.83
3521.85
3521.87
3521.9
3521.93
3521.98
3522.04
3522.12
3522.23
3522.37
3522.55
3522.76
3523
3523.23
3523.44
3523.57
3523.58
3523.45
3523.17
3522.8
3522.42
3522.12
3521.94
3521.85
3521.82
3521.82
3521.82
3521.82
3521.83
3521.83
3521.83
3521.83
3521.83
3521.83
3521.84
3521.84
3521.84
3521.84
3521.84
3521.84
3521.84
3521.84
3521.84
3521.84
3521.84
3521.84
3521.84
3521.84
3521.84
3521.84
3521.84
3521.84
3521.84
3521.84
3521.84
3521.84
3521.84
3521.84
3521.85
3521.85
3521.85
3521.85
3521.85
3521.85
3521.85
3521.85
3521.85
3521.85
3521.85
3521.85
3521.85
3521.85
3521.85
3521.85
3521.85
3521.85
3521.85
3521.85
3521.85
3521.85
3521.85
3521.85
3521.85
3521.85
3521.85
3521.85
3521.85
3521.85
3521.85
3521.85
3521.85
3521.85
3521.85
3521.85
3521.85
3521.85
3521.85
3521.85
3521.85
3521.85
3521.85
3521.85
3521.85
3521.85
3521.85
3521.85
3521.85
3521.85
3521.85
3521.85
3521.85
3521.85
3521.85
3521.85
3521.85
3521.85
3521.85
3521.85
3521.85
3521.85
3521.85
3521.84
3521.84
3521.84
3521.84
3521.84
3521.84
3521.84
3521.84
3521.84
3521.84
3521.84
3521.84
3521.84
3521.84
3521.84
3521.84
3521.84
3521.84
3521.84
3521.84
3521.83
3521.83
3521.83
3521.83
3521.83
3521.83
3521.83
3521.83
3521.82
3521.82
3521.82
3521.82
3521.82
3521.82
3521.82
3521.81
3521.81
3521.81
3521.81
3521.81
3521.81
3521.81
3521.81
3521.81
3521.81
3521.81
3521.82
3514.08
3305.74
3424.83
3301.66
3578.05
3657.75
3566.31
3508.74
3516.47
3517.87
3517.72
3518.1
3518.94
3519.79
3520.44
3520.89
3521.2
3521.43
3521.6
3521.73
3521.84
3521.92
3521.99
3522.03
3522.06
3522.08
3522.09
3522.09
3522.09
3522.1
3522.1
3522.11
3522.14
3522.18
3522.25
3522.36
3522.52
3522.75
3523.07
3523.5
3524.06
3524.77
3525.64
3526.68
3527.83
3529.01
3530.08
3530.85
3531.11
3530.68
3529.51
3527.75
3525.77
3523.99
3522.73
3522.06
3521.8
3521.72
3521.7
3521.7
3521.7
3521.71
3521.71
3521.71
3521.71
3521.71
3521.72
3521.72
3521.72
3521.72
3521.72
3521.72
3521.72
3521.72
3521.72
3521.72
3521.72
3521.72
3521.72
3521.72
3521.72
3521.72
3521.72
3521.72
3521.72
3521.72
3521.72
3521.72
3521.72
3521.72
3521.72
3521.72
3521.72
3521.72
3521.72
3521.72
3521.72
3521.72
3521.72
3521.72
3521.72
3521.72
3521.72
3521.72
3521.72
3521.72
3521.72
3521.72
3521.72
3521.72
3521.72
3521.72
3521.72
3521.72
3521.72
3521.72
3521.72
3521.72
3521.72
3521.72
3521.72
3521.72
3521.72
3521.72
3521.72
3521.72
3521.72
3521.72
3521.72
3521.72
3521.72
3521.72
3521.72
3521.72
3521.72
3521.72
3521.72
3521.72
3521.72
3521.72
3521.72
3521.72
3521.72
3521.72
3521.72
3521.72
3521.72
3521.72
3521.72
3521.72
3521.72
3521.72
3521.72
3521.72
3521.72
3521.72
3521.72
3521.72
3521.72
3521.72
3521.72
3521.72
3521.72
3521.72
3521.72
3521.72
3521.72
3521.72
3521.72
3521.72
3521.72
3521.72
3521.71
3521.71
3521.71
3521.71
3521.71
3521.71
3521.71
3521.71
3521.71
3521.71
3521.7
3521.7
3521.7
3521.7
3521.7
3521.7
3521.7
3521.7
3521.7
3521.69
3521.69
3521.69
3521.69
3521.69
3521.69
3521.7
3521.7
3521.7
3317.67
3349.95
3431.38
3109.91
3486.84
3451
3459.99
3557.15
3530.39
3528.28
3535.55
3535.9
3532.85
3529.46
3526.9
3525.13
3523.91
3523.05
3522.41
3521.9
3521.49
3521.16
3520.9
3520.75
3520.68
3520.7
3520.81
3520.97
3521.18
3521.44
3521.76
3522.14
3522.6
3523.16
3523.83
3524.64
3525.62
3526.81
3528.27
3530.08
3532.31
3535.06
3538.36
3542.21
3546.51
3551
3555.23
3558.59
3560.31
3559.66
3556.23
3550.16
3542.39
3534.48
3528.11
3524.17
3522.37
3521.77
3521.62
3521.59
3521.58
3521.59
3521.59
3521.59
3521.59
3521.59
3521.59
3521.6
3521.6
3521.6
3521.6
3521.6
3521.6
3521.6
3521.6
3521.6
3521.6
3521.6
3521.6
3521.6
3521.6
3521.6
3521.6
3521.6
3521.6
3521.6
3521.6
3521.6
3521.6
3521.6
3521.6
3521.6
3521.6
3521.6
3521.6
3521.6
3521.6
3521.6
3521.6
3521.6
3521.6
3521.6
3521.6
3521.6
3521.6
3521.6
3521.6
3521.6
3521.6
3521.6
3521.6
3521.6
3521.6
3521.6
3521.6
3521.6
3521.6
3521.6
3521.6
3521.6
3521.6
3521.6
3521.6
3521.6
3521.6
3521.6
3521.6
3521.6
3521.6
3521.6
3521.6
3521.6
3521.6
3521.6
3521.6
3521.6
3521.6
3521.6
3521.6
3521.6
3521.6
3521.6
3521.6
3521.6
3521.6
3521.6
3521.6
3521.6
3521.6
3521.6
3521.6
3521.6
3521.6
3521.6
3521.6
3521.6
3521.6
3521.6
3521.6
3521.6
3521.6
3521.6
3521.6
3521.6
3521.6
3521.6
3521.6
3521.6
3521.6
3521.6
3521.6
3521.6
3521.59
3521.59
3521.59
3521.59
3521.59
3521.59
3521.59
3521.59
3521.59
3521.59
3521.59
3521.58
3521.58
3521.58
3521.58
3521.58
3521.58
3521.58
3521.58
3521.58
3521.58
3521.58
3521.58
3521.58
3521.58
3521.58
3521.58
3521.59
3386.1
3650.22
3597.11
3935.83
3365.73
3711.36
3681.13
3487.8
3492.41
3467.17
3478.42
3477.2
3488.75
3498.19
3504.94
3510.11
3514.15
3517.31
3519.82
3521.88
3523.63
3525.21
3526.67
3527.97
3529.14
3530.16
3531.04
3531.81
3532.51
3533.13
3533.74
3534.37
3535.07
3535.93
3537.03
3538.51
3540.56
3543.35
3547.11
3552.1
3558.51
3566.54
3576.27
3587.59
3600.21
3613.48
3626.4
3637.52
3644.91
3646.43
3640.18
3625.39
3603.31
3577.51
3553.3
3535.72
3526.35
3522.75
3521.73
3521.51
3521.47
3521.47
3521.47
3521.47
3521.47
3521.47
3521.47
3521.47
3521.48
3521.48
3521.48
3521.48
3521.48
3521.48
3521.48
3521.48
3521.48
3521.48
3521.48
3521.48
3521.48
3521.48
3521.48
3521.48
3521.48
3521.48
3521.48
3521.48
3521.48
3521.48
3521.48
3521.48
3521.48
3521.48
3521.48
3521.48
3521.48
3521.48
3521.48
3521.48
3521.48
3521.48
3521.48
3521.48
3521.48
3521.48
3521.48
3521.48
3521.48
3521.48
3521.48
3521.48
3521.48
3521.48
3521.48
3521.48
3521.48
3521.48
3521.48
3521.48
3521.48
3521.48
3521.48
3521.48
3521.48
3521.48
3521.48
3521.48
3521.48
3521.48
3521.48
3521.48
3521.48
3521.48
3521.48
3521.48
3521.48
3521.48
3521.48
3521.48
3521.48
3521.48
3521.48
3521.48
3521.48
3521.48
3521.48
3521.48
3521.48
3521.48
3521.48
3521.48
3521.48
3521.48
3521.48
3521.48
3521.48
3521.48
3521.48
3521.48
3521.48
3521.48
3521.48
3521.48
3521.48
3521.48
3521.48
3521.48
3521.48
3521.48
3521.48
3521.47
3521.47
3521.47
3521.47
3521.47
3521.47
3521.47
3521.47
3521.47
3521.47
3521.47
3521.47
3521.47
3521.47
3521.46
3521.46
3521.46
3521.46
3521.46
3521.46
3521.46
3521.46
3521.46
3521.46
3521.46
3521.46
3521.46
3521.47
3521.47
3556.3
3328.59
3316.97
3360.31
3271.53
3232.25
3269.46
3344.4
3526.85
3381.1
3583.41
3586.23
3580.19
3576.56
3573.17
3569.6
3565.84
3561.89
3557.68
3553.25
3548.79
3544.57
3540.86
3538.03
3536.42
3536.05
3536.6
3537.58
3538.73
3540.06
3541.75
3543.97
3546.95
3550.92
3556.14
3562.85
3571.26
3581.59
3594.01
3608.71
3625.84
3645.49
3667.69
3692.29
3718.91
3746.9
3775.12
3801.76
3823.8
3836.74
3834.73
3812.6
3769.11
3708.6
3641.3
3582.59
3545.15
3528.35
3522.94
3521.64
3521.39
3521.35
3521.35
3521.35
3521.35
3521.35
3521.35
3521.35
3521.35
3521.35
3521.36
3521.36
3521.36
3521.36
3521.36
3521.36
3521.36
3521.36
3521.36
3521.36
3521.36
3521.36
3521.36
3521.36
3521.36
3521.36
3521.36
3521.36
3521.36
3521.36
3521.36
3521.36
3521.36
3521.36
3521.36
3521.36
3521.36
3521.36
3521.36
3521.36
3521.36
3521.36
3521.36
3521.36
3521.36
3521.36
3521.36
3521.36
3521.36
3521.36
3521.36
3521.36
3521.36
3521.36
3521.36
3521.36
3521.36
3521.36
3521.36
3521.36
3521.36
3521.36
3521.36
3521.36
3521.36
3521.36
3521.36
3521.36
3521.36
3521.36
3521.36
3521.36
3521.36
3521.36
3521.36
3521.36
3521.36
3521.36
3521.36
3521.36
3521.36
3521.36
3521.36
3521.36
3521.36
3521.36
3521.36
3521.36
3521.36
3521.36
3521.36
3521.36
3521.36
3521.36
3521.36
3521.36
3521.36
3521.36
3521.36
3521.36
3521.36
3521.36
3521.36
3521.36
3521.36
3521.36
3521.36
3521.36
3521.36
3521.36
3521.35
3521.35
3521.35
3521.35
3521.35
3521.35
3521.35
3521.35
3521.35
3521.35
3521.35
3521.35
3521.35
3521.35
3521.35
3521.35
3521.35
3521.34
3521.34
3521.34
3521.34
3521.34
3521.34
3521.34
3521.34
3521.34
3521.34
3521.35
3521.35
3521.36
4674.25
4661.46
4649.71
4595.88
4640.87
4630.46
4594.2
4332.04
3742.09
3376.12
3469.06
3554.62
3563.57
3564.99
3567.34
3570.88
3573.84
3575.27
3574.52
3571.59
3568.04
3567.09
3571.97
3583.69
3599.79
3615.98
3629.18
3638.4
3644.43
3648.74
3652.41
3656.08
3660.28
3665.42
3671.79
3679.51
3688.74
3699.67
3712.54
3727.68
3745.44
3766.13
3790.06
3817.45
3848.62
3884.23
3925.48
3973.94
4029.44
4085.86
4126.96
4131.47
4087.46
3997.14
3868.25
3724.77
3611.72
3551.3
3528.83
3522.74
3521.47
3521.26
3521.23
3521.23
3521.23
3521.23
3521.23
3521.23
3521.23
3521.23
3521.23
3521.23
3521.23
3521.24
3521.24
3521.24
3521.24
3521.24
3521.24
3521.24
3521.24
3521.24
3521.24
3521.24
3521.24
3521.24
3521.24
3521.24
3521.24
3521.24
3521.24
3521.24
3521.24
3521.24
3521.24
3521.24
3521.24
3521.24
3521.24
3521.24
3521.24
3521.24
3521.24
3521.24
3521.24
3521.24
3521.24
3521.24
3521.24
3521.24
3521.24
3521.24
3521.24
3521.24
3521.24
3521.24
3521.24
3521.24
3521.24
3521.24
3521.24
3521.24
3521.24
3521.24
3521.24
3521.24
3521.24
3521.24
3521.24
3521.24
3521.24
3521.24
3521.24
3521.24
3521.24
3521.24
3521.24
3521.24
3521.24
3521.24
3521.24
3521.24
3521.24
3521.24
3521.24
3521.24
3521.24
3521.24
3521.24
3521.24
3521.24
3521.24
3521.24
3521.24
3521.24
3521.24
3521.24
3521.24
3521.24
3521.24
3521.24
3521.24
3521.24
3521.24
3521.24
3521.24
3521.24
3521.24
3521.24
3521.23
3521.23
3521.23
3521.23
3521.23
3521.23
3521.23
3521.23
3521.23
3521.23
3521.23
3521.23
3521.23
3521.23
3521.23
3521.23
3521.23
3521.23
3521.23
3521.23
3521.23
3521.23
3521.23
3521.23
3521.23
3521.23
3521.23
3521.23
3521.23
3521.23
3521.24
4706.17
4711.33
4691.68
4720.67
4673.8
4733.26
4649.45
4735.74
4535.06
4500.35
4462.98
4441.25
4432.73
4427.73
4423.25
4416.73
4408.42
4400.27
4390.83
4379.21
4367.69
4348.48
4300.83
4217.85
4119.67
4030.78
3961.54
3909.83
3870.3
3839.32
3813.95
3791.91
3772.76
3757.34
3746.88
3742.45
3744.57
3753.08
3767.18
3786.14
3809.36
3836.37
3866.45
3898.64
3932.06
3966.46
4002.33
4039.97
4075.54
4101.13
4118.99
4159.94
4247.7
4318.4
4252.54
4033.06
3784.94
3621.19
3549.51
3527.3
3522.18
3521.26
3521.13
3521.11
3521.11
3521.11
3521.11
3521.11
3521.11
3521.11
3521.11
3521.11
3521.11
3521.11
3521.11
3521.11
3521.11
3521.11
3521.11
3521.11
3521.11
3521.11
3521.11
3521.11
3521.11
3521.11
3521.11
3521.11
3521.11
3521.11
3521.11
3521.11
3521.11
3521.11
3521.11
3521.11
3521.11
3521.11
3521.11
3521.11
3521.11
3521.11
3521.11
3521.11
3521.12
3521.12
3521.12
3521.12
3521.12
3521.12
3521.12
3521.12
3521.12
3521.12
3521.12
3521.12
3521.12
3521.12
3521.12
3521.12
3521.12
3521.12
3521.12
3521.12
3521.12
3521.12
3521.12
3521.12
3521.12
3521.12
3521.12
3521.12
3521.12
3521.12
3521.12
3521.12
3521.12
3521.12
3521.12
3521.12
3521.12
3521.12
3521.12
3521.12
3521.12
3521.12
3521.12
3521.12
3521.12
3521.12
3521.12
3521.12
3521.12
3521.12
3521.12
3521.12
3521.12
3521.12
3521.12
3521.12
3521.12
3521.12
3521.12
3521.12
3521.12
3521.12
3521.11
3521.11
3521.11
3521.11
3521.11
3521.11
3521.11
3521.11
3521.11
3521.11
3521.11
3521.11
3521.11
3521.11
3521.11
3521.11
3521.11
3521.11
3521.11
3521.11
3521.11
3521.11
3521.11
3521.11
3521.11
3521.11
3521.11
3521.11
3521.11
3521.11
3521.11
3521.11
3521.11
3521.12
4705.92
4710.47
4697.53
4715.77
4690.56
4718.87
4688.3
4713.78
4696.47
4686.2
4679.57
4674.96
4672.27
4670.64
4669.16
4667.76
4666.38
4664.43
4662.08
4659.28
4654.64
4646.77
4634.28
4616.52
4595.06
4573.18
4555.13
4543.2
4536.51
4533.48
4532.77
4532.6
4530.62
4523.92
4509.62
4487.05
4458.64
4428.85
4401.69
4380.17
4366.57
4362.46
4367.81
4380.67
4398.09
4418.74
4445.02
4480.58
4520.75
4547.24
4543.2
4525.57
4543.74
4608.34
4617.32
4426.42
4076.96
3769.05
3601.99
3540.58
3524.61
3521.53
3521.06
3521
3521
3521
3521
3521
3521
3521
3521
3521
3520.99
3520.99
3520.99
3520.99
3520.99
3520.99
3520.99
3520.99
3520.99
3520.99
3520.99
3520.99
3520.99
3520.99
3520.99
3520.99
3520.99
3520.99
3520.99
3520.99
3520.99
3520.99
3520.99
3520.99
3520.99
3520.99
3520.99
3520.99
3520.99
3520.99
3520.99
3520.99
3520.99
3520.99
3520.99
3520.99
3520.99
3521
3521
3521
3521
3521
3521
3521
3521
3521
3521
3521
3521
3521
3521
3521
3521
3521
3521
3521
3521
3521
3521
3521
3521
3521
3521
3521
3521
3521
3521
3521
3521
3521
3521
3521
3521
3521
3521
3521
3521
3521
3521
3521
3521
3521
3521
3521
3521
3521
3521
3521
3521
3521
3521
3521
3521
3521
3521
3521
3521
3521
3521
3521
3521
3521
3521
3521
3521
3521
3520.99
3520.99
3520.99
3520.99
3520.99
3520.99
3520.99
3520.99
3520.99
3520.99
3520.99
3520.99
3520.99
3520.99
3520.99
3520.99
3520.99
3520.99
3520.99
3520.99
3521
3521
4704.85
4706.01
4703.78
4706.52
4703.21
4706.21
4703.56
4704.86
4704.79
4704.32
4703.98
4703.75
4703.56
4703.44
4703.32
4703.17
4703.03
4702.82
4702.51
4702.16
4701.59
4700.66
4699.28
4697.35
4694.86
4692.19
4689.88
4688.2
4687.16
4686.59
4686.09
4685.32
4684.01
4681.9
4678.68
4674.29
4669.26
4664.58
4660.96
4658.57
4657.65
4659.16
4664.16
4672.36
4681.29
4687.78
4690.86
4692.92
4697.36
4705.85
4717.44
4731.68
4750.18
4760.79
4715.1
4546.66
4247.4
3916.4
3677.77
3564.73
3529.53
3522.15
3521.04
3520.91
3520.89
3520.89
3520.89
3520.89
3520.89
3520.89
3520.89
3520.89
3520.89
3520.89
3520.89
3520.89
3520.89
3520.89
3520.89
3520.89
3520.89
3520.89
3520.89
3520.89
3520.89
3520.89
3520.89
3520.89
3520.89
3520.89
3520.89
3520.89
3520.89
3520.89
3520.89
3520.89
3520.89
3520.89
3520.89
3520.89
3520.89
3520.89
3520.89
3520.89
3520.89
3520.89
3520.89
3520.89
3520.89
3520.89
3520.89
3520.89
3520.89
3520.89
3520.89
3520.89
3520.89
3520.89
3520.89
3520.89
3520.89
3520.89
3520.89
3520.89
3520.89
3520.89
3520.89
3520.89
3520.89
3520.89
3520.89
3520.89
3520.89
3520.89
3520.89
3520.89
3520.89
3520.89
3520.89
3520.89
3520.89
3520.89
3520.89
3520.89
3520.89
3520.89
3520.89
3520.89
3520.89
3520.89
3520.89
3520.89
3520.89
3520.89
3520.89
3520.89
3520.89
3520.89
3520.89
3520.89
3520.89
3520.89
3520.89
3520.89
3520.89
3520.89
3520.89
3520.89
3520.89
3520.89
3520.89
3520.89
3520.89
3520.89
3520.89
3520.89
3520.89
3520.89
3520.89
3520.89
3520.89
3520.89
3520.89
3520.89
3520.89
3520.89
3520.89
3520.89
3520.89
3520.89
3520.89
3520.89
3520.89
3520.89
3520.89
3520.89
3520.89
3520.89
3520.89
3520.9
)
;

boundaryField
{
    inletTop
    {
        type            calculated;
        value           uniform 4704.92;
    }
    inletBottom
    {
        type            calculated;
        value           uniform 3525.69;
    }
    outletTop
    {
        type            calculated;
        value           nonuniform List<scalar> 4(3521.24 3521.12 3521 3520.9);
    }
    walls
    {
        type            calculated;
        value           nonuniform List<scalar> 
464
(
3556.3
3386.1
3317.67
3514.08
3521.47
3519.16
3521.84
3522.21
3522.35
3522.47
3522.6
3522.72
3522.85
3522.97
3523.09
3523.21
3523.34
3523.46
3523.58
3523.7
3523.82
3523.94
3524.06
3524.16
3524.31
3524.36
3524.56
3524.61
3524.75
3524.86
3524.99
3525.12
3520.9
3520.89
3520.89
3520.89
3520.89
3520.89
3520.89
3520.89
3520.89
3520.89
3520.89
3520.89
3520.89
3520.89
3520.89
3520.89
3520.89
3520.89
3520.89
3520.89
3520.89
3520.89
3520.89
3520.89
3520.89
3520.89
3520.89
3520.89
3520.89
3520.89
3520.89
3520.89
3520.89
3520.89
3520.89
3520.89
3520.89
3520.89
3520.89
3520.89
3520.89
3520.89
3520.89
3520.89
3520.89
3520.89
3520.89
3520.89
3520.89
3520.89
3520.89
3520.89
3520.89
3520.89
3520.89
3520.89
3520.89
3520.89
3520.89
3520.89
3520.89
3520.89
3520.89
3520.89
3520.89
3520.89
3520.89
3520.89
3520.89
3520.89
3520.89
3520.89
3520.89
3520.89
3520.89
3520.89
3520.89
3520.89
3520.89
3520.89
3520.89
3520.89
3520.89
3520.89
3520.89
3520.89
3520.89
3520.89
3520.89
3520.89
3520.89
3520.89
3520.89
3520.89
3520.89
3520.89
3520.89
3520.89
3520.89
3520.89
3520.89
3520.89
3520.89
3520.89
3520.89
3520.89
3520.89
3520.89
3520.89
3520.89
3520.89
3520.89
3520.89
3520.89
3520.89
3520.89
3520.89
3520.89
3520.89
3520.89
3520.89
3520.89
3520.89
3520.89
3520.89
3520.89
3520.89
3520.89
3520.89
3520.89
3520.89
3520.89
3520.89
3520.89
3520.89
3520.89
3520.91
3521.04
3522.15
3529.53
3564.73
3677.77
3916.4
4247.4
4546.66
4715.1
4760.79
4750.18
4731.68
4717.44
4705.85
4697.36
4692.92
4690.86
4687.78
4681.29
4672.36
4664.16
4659.16
4657.65
4658.57
4660.96
4664.58
4669.26
4674.29
4678.68
4681.9
4684.01
4685.32
4686.09
4686.59
4687.16
4688.2
4689.88
4692.19
4694.86
4697.35
4699.28
4700.66
4701.59
4702.16
4702.51
4702.82
4703.03
4703.17
4703.32
4703.44
4703.56
4703.75
4703.98
4704.32
4704.79
4704.86
4703.56
4706.21
4703.21
4706.52
4703.78
4706.01
4704.85
3525.69
3525.68
3525.68
3525.69
3525.68
3525.69
3525.69
3525.68
3525.69
3525.67
3525.68
3525.68
3525.64
3525.66
3525.66
3525.55
3525.48
3525.51
3525.56
3525.6
3525.61
3525.61
3525.62
3525.62
3525.61
3525.61
3525.61
3525.61
3525.61
3525.61
3525.61
3525.61
3525.61
3525.61
3525.61
3525.61
3525.61
3525.61
3525.61
3525.61
3525.61
3525.61
3525.61
3525.61
3525.61
3525.61
3525.61
3525.61
3525.61
3525.61
3525.61
3525.61
3525.61
3525.61
3525.61
3525.61
3525.61
3525.61
3525.61
3525.61
3525.61
3525.61
3525.61
3525.61
3525.61
3525.61
3525.61
3525.61
3525.61
3525.61
3525.61
3525.61
3525.61
3525.61
3525.61
3525.61
3525.61
3525.61
3525.61
3525.61
3525.61
3525.61
3525.61
3525.61
3525.61
3525.61
3525.61
3525.61
3525.61
3525.61
3525.61
3525.61
3525.61
3525.61
3525.61
3525.61
3525.61
3525.61
3525.61
3525.61
3525.61
3525.61
3525.61
3525.61
3525.61
3525.61
3525.61
3525.61
3525.61
3525.61
3525.61
3525.61
3525.61
3525.61
3525.61
3525.61
3525.61
3525.61
3525.61
3525.61
3525.61
3525.61
3525.61
3525.61
3525.61
3525.61
3525.61
3525.61
3525.61
3525.61
3525.61
3525.61
3525.61
3525.61
3525.61
3525.61
3525.61
3525.61
3525.61
3525.61
3525.61
3525.61
3525.61
3525.61
3525.61
3525.61
3525.61
3525.61
3525.61
3525.61
3525.61
3525.61
3525.61
3525.61
3525.61
3525.61
3525.61
3525.61
3525.61
3525.61
3525.61
3525.61
3525.61
3525.61
3525.61
3525.61
3525.61
3525.61
3525.61
3525.61
3525.61
3525.61
3525.61
3525.61
3525.61
3525.61
3525.61
3525.61
3525.61
3525.61
3525.61
3525.59
3525.63
3525.58
3525.65
3525.56
3525.65
3525.55
3525.66
3525.55
3525.66
3525.54
3525.66
3525.54
3525.65
3525.55
3525.63
3525.55
3525.6
3525.54
3524.84
3524.73
3524.63
3524.51
3524.42
3524.3
3524.2
3524.08
3523.98
3523.86
3523.76
3523.64
3523.53
3523.42
3523.31
3523.19
3523.08
3522.96
3522.85
3522.74
3522.62
3522.51
3522.39
3522.28
3522.16
3522.05
3521.93
3521.82
3521.7
3521.59
3521.47
3521.36
)
;
    }
    front
    {
        type            empty;
    }
    back
    {
        type            empty;
    }
    outletBottom
    {
        type            calculated;
        value           nonuniform List<scalar> 4(3525.54 3525.31 3525.08 3524.94);
    }
}


// ************************************************************************* //
