/*--------------------------------*- C++ -*----------------------------------*\
  =========                 |
  \\      /  F ield         | OpenFOAM: The Open Source CFD Toolbox
   \\    /   O peration     | Website:  https://openfoam.org
    \\  /    A nd           | Version:  dev
     \\/     M anipulation  |
\*---------------------------------------------------------------------------*/
FoamFile
{
    version     2.0;
    format      ascii;
    class       volScalarField;
    location    "6";
    object      thermo:pSatH2O;
}
// * * * * * * * * * * * * * * * * * * * * * * * * * * * * * * * * * * * * * //

dimensions      [1 -1 -2 0 0 0 0];

internalField   nonuniform List<scalar> 
8000
(
3525.69
3525.69
3525.7
3525.68
3525.69
3525.69
3525.67
3525.69
3525.66
3525.65
3525.66
3525.66
3525.68
3525.64
3525.68
3525.7
3525.72
3525.7
3525.62
3525.76
3525.67
3525.71
3525.48
3525.67
3525.58
3525.62
3525.38
3525.48
3525.53
3525.54
3525.36
3525.36
3525.56
3525.51
3525.38
3525.31
3525.59
3525.51
3525.4
3525.29
3525.61
3525.52
3525.4
3525.29
3525.62
3525.52
3525.4
3525.29
3525.63
3525.52
3525.4
3525.28
3525.63
3525.52
3525.4
3525.28
3525.63
3525.52
3525.4
3525.28
3525.63
3525.51
3525.4
3525.28
3525.63
3525.51
3525.39
3525.27
3525.63
3525.51
3525.39
3525.27
3525.63
3525.51
3525.39
3525.27
3525.63
3525.51
3525.39
3525.27
3525.63
3525.51
3525.39
3525.27
3525.63
3525.51
3525.39
3525.27
3525.63
3525.51
3525.39
3525.27
3525.63
3525.51
3525.39
3525.27
3525.63
3525.51
3525.39
3525.27
3525.63
3525.51
3525.39
3525.27
3525.63
3525.51
3525.39
3525.27
3525.63
3525.51
3525.39
3525.27
3525.63
3525.51
3525.39
3525.27
3525.63
3525.51
3525.39
3525.27
3525.63
3525.51
3525.39
3525.27
3525.63
3525.51
3525.39
3525.27
3525.63
3525.51
3525.39
3525.27
3525.63
3525.51
3525.39
3525.27
3525.63
3525.51
3525.39
3525.27
3525.63
3525.51
3525.39
3525.27
3525.63
3525.51
3525.39
3525.27
3525.63
3525.51
3525.39
3525.27
3525.63
3525.51
3525.39
3525.27
3525.62
3525.51
3525.39
3525.27
3525.62
3525.51
3525.39
3525.27
3525.62
3525.51
3525.39
3525.27
3525.62
3525.51
3525.39
3525.27
3525.62
3525.51
3525.39
3525.27
3525.62
3525.51
3525.39
3525.27
3525.62
3525.51
3525.39
3525.27
3525.62
3525.51
3525.39
3525.26
3525.62
3525.51
3525.39
3525.26
3525.62
3525.51
3525.39
3525.26
3525.62
3525.51
3525.39
3525.26
3525.62
3525.51
3525.39
3525.26
3525.62
3525.51
3525.39
3525.26
3525.62
3525.51
3525.39
3525.26
3525.62
3525.51
3525.39
3525.26
3525.62
3525.51
3525.39
3525.26
3525.62
3525.51
3525.39
3525.26
3525.62
3525.51
3525.39
3525.26
3525.62
3525.51
3525.39
3525.26
3525.62
3525.51
3525.39
3525.26
3525.62
3525.51
3525.39
3525.26
3525.62
3525.51
3525.39
3525.26
3525.62
3525.51
3525.39
3525.26
3525.62
3525.51
3525.39
3525.26
3525.62
3525.51
3525.39
3525.26
3525.62
3525.51
3525.39
3525.26
3525.62
3525.51
3525.38
3525.26
3525.62
3525.51
3525.38
3525.26
3525.62
3525.51
3525.38
3525.26
3525.62
3525.51
3525.38
3525.26
3525.62
3525.51
3525.38
3525.26
3525.62
3525.51
3525.38
3525.26
3525.62
3525.51
3525.38
3525.26
3525.62
3525.51
3525.38
3525.26
3525.62
3525.51
3525.38
3525.26
3525.62
3525.51
3525.38
3525.26
3525.62
3525.51
3525.38
3525.26
3525.62
3525.51
3525.38
3525.26
3525.62
3525.51
3525.38
3525.26
3525.62
3525.51
3525.38
3525.26
3525.62
3525.51
3525.38
3525.26
3525.62
3525.51
3525.38
3525.26
3525.62
3525.51
3525.38
3525.26
3525.62
3525.51
3525.38
3525.26
3525.62
3525.51
3525.38
3525.26
3525.62
3525.51
3525.38
3525.26
3525.62
3525.51
3525.38
3525.26
3525.62
3525.51
3525.38
3525.26
3525.62
3525.51
3525.38
3525.26
3525.62
3525.51
3525.38
3525.26
3525.62
3525.51
3525.38
3525.26
3525.62
3525.51
3525.38
3525.26
3525.62
3525.51
3525.38
3525.26
3525.62
3525.51
3525.38
3525.26
3525.62
3525.51
3525.38
3525.26
3525.62
3525.51
3525.38
3525.26
3525.62
3525.51
3525.38
3525.26
3525.62
3525.51
3525.38
3525.26
3525.62
3525.51
3525.38
3525.26
3525.62
3525.51
3525.38
3525.26
3525.62
3525.51
3525.38
3525.26
3525.62
3525.51
3525.38
3525.26
3525.62
3525.51
3525.38
3525.26
3525.62
3525.51
3525.38
3525.26
3525.62
3525.51
3525.38
3525.26
3525.62
3525.51
3525.38
3525.26
3525.62
3525.51
3525.38
3525.26
3525.62
3525.51
3525.38
3525.26
3525.62
3525.51
3525.38
3525.26
3525.62
3525.51
3525.38
3525.26
3525.62
3525.51
3525.38
3525.26
3525.62
3525.51
3525.38
3525.26
3525.62
3525.51
3525.38
3525.26
3525.62
3525.51
3525.38
3525.26
3525.62
3525.51
3525.38
3525.26
3525.62
3525.51
3525.38
3525.26
3525.62
3525.51
3525.38
3525.26
3525.62
3525.51
3525.38
3525.26
3525.62
3525.51
3525.38
3525.26
3525.62
3525.51
3525.38
3525.26
3525.62
3525.51
3525.38
3525.26
3525.62
3525.51
3525.39
3525.26
3525.62
3525.51
3525.39
3525.26
3525.62
3525.51
3525.39
3525.26
3525.62
3525.51
3525.39
3525.26
3525.62
3525.51
3525.39
3525.26
3525.62
3525.51
3525.39
3525.26
3525.62
3525.51
3525.39
3525.26
3525.62
3525.51
3525.39
3525.26
3525.62
3525.51
3525.39
3525.26
3525.62
3525.51
3525.39
3525.26
3525.62
3525.51
3525.39
3525.26
3525.62
3525.51
3525.39
3525.26
3525.62
3525.51
3525.39
3525.26
3525.62
3525.51
3525.39
3525.26
3525.62
3525.51
3525.39
3525.26
3525.62
3525.51
3525.39
3525.26
3525.62
3525.51
3525.39
3525.26
3525.62
3525.51
3525.39
3525.26
3525.62
3525.51
3525.39
3525.26
3525.62
3525.51
3525.39
3525.26
3525.62
3525.51
3525.39
3525.26
3525.62
3525.51
3525.39
3525.26
3525.62
3525.51
3525.39
3525.26
3525.62
3525.51
3525.39
3525.26
3525.62
3525.51
3525.39
3525.26
3525.62
3525.51
3525.39
3525.26
3525.62
3525.51
3525.39
3525.26
3525.62
3525.51
3525.39
3525.26
3525.62
3525.51
3525.39
3525.26
3525.62
3525.51
3525.39
3525.26
3525.62
3525.51
3525.39
3525.26
3525.62
3525.51
3525.39
3525.26
3525.62
3525.51
3525.39
3525.26
3525.62
3525.51
3525.39
3525.26
3525.62
3525.51
3525.39
3525.26
3525.62
3525.51
3525.39
3525.26
3525.62
3525.51
3525.39
3525.26
3525.62
3525.51
3525.39
3525.26
3525.62
3525.51
3525.39
3525.26
3525.62
3525.51
3525.39
3525.26
3525.62
3525.51
3525.39
3525.26
3525.62
3525.51
3525.39
3525.26
3525.62
3525.51
3525.39
3525.26
3525.62
3525.51
3525.39
3525.26
3525.62
3525.51
3525.39
3525.26
3525.62
3525.51
3525.39
3525.26
3525.62
3525.51
3525.39
3525.26
3525.62
3525.51
3525.39
3525.26
3525.62
3525.51
3525.39
3525.26
3525.62
3525.51
3525.38
3525.26
3525.62
3525.51
3525.38
3525.26
3525.62
3525.51
3525.38
3525.26
3525.62
3525.51
3525.38
3525.26
3525.62
3525.51
3525.38
3525.26
3525.62
3525.51
3525.38
3525.26
3525.62
3525.51
3525.38
3525.26
3525.62
3525.51
3525.38
3525.26
3525.62
3525.51
3525.38
3525.26
3525.62
3525.51
3525.38
3525.26
3525.62
3525.51
3525.38
3525.26
3525.62
3525.51
3525.38
3525.26
3525.62
3525.5
3525.38
3525.26
3525.62
3525.5
3525.38
3525.26
3525.62
3525.5
3525.38
3525.25
3525.62
3525.5
3525.38
3525.25
3525.62
3525.5
3525.38
3525.25
3525.62
3525.5
3525.38
3525.25
3525.62
3525.5
3525.37
3525.25
3525.62
3525.5
3525.37
3525.24
3525.62
3525.5
3525.37
3525.24
3525.63
3525.5
3525.36
3525.24
3525.6
3525.49
3525.37
3525.23
3525.64
3525.51
3525.35
3525.23
3525.59
3525.47
3525.36
3525.22
3525.64
3525.5
3525.33
3525.21
3525.59
3525.45
3525.34
3525.2
3525.63
3525.5
3525.32
3525.18
3525.59
3525.43
3525.3
3525.17
3525.61
3525.47
3525.3
3525.13
3525.58
3525.4
3525.23
3525.1
3525.07
3525.16
3525.32
3525.56
3525.73
3525.63
3525.41
3525.25
3525.2
3525.18
3525.17
3525.17
3525.16
3525.16
3525.16
3525.15
3525.15
3525.15
3525.15
3525.15
3525.15
3525.15
3525.15
3525.15
3525.15
3525.15
3525.15
3525.15
3525.15
3525.15
3525.15
3525.15
3525.15
3525.14
3525.14
3525.14
3525.14
3525.14
3525.14
3525.14
3525.14
3525.14
3525.14
3525.14
3525.14
3525.14
3525.14
3525.14
3525.14
3525.14
3525.14
3525.14
3525.14
3525.14
3525.14
3525.14
3525.14
3525.14
3525.14
3525.14
3525.14
3525.14
3525.14
3525.14
3525.14
3525.14
3525.14
3525.14
3525.14
3525.14
3525.14
3525.14
3525.14
3525.14
3525.14
3525.14
3525.14
3525.14
3525.14
3525.14
3525.14
3525.14
3525.14
3525.14
3525.14
3525.14
3525.14
3525.14
3525.14
3525.14
3525.14
3525.14
3525.14
3525.14
3525.14
3525.14
3525.14
3525.14
3525.14
3525.14
3525.14
3525.14
3525.14
3525.14
3525.14
3525.14
3525.14
3525.14
3525.14
3525.14
3525.14
3525.14
3525.14
3525.14
3525.14
3525.14
3525.14
3525.14
3525.14
3525.14
3525.14
3525.14
3525.14
3525.14
3525.14
3525.14
3525.14
3525.14
3525.14
3525.14
3525.14
3525.14
3525.14
3525.14
3525.14
3525.14
3525.14
3525.14
3525.14
3525.14
3525.14
3525.14
3525.14
3525.14
3525.14
3525.14
3525.14
3525.14
3525.14
3525.14
3525.14
3525.14
3525.14
3525.14
3525.14
3525.14
3525.14
3525.14
3525.14
3525.14
3525.14
3525.14
3525.14
3525.14
3525.14
3525.14
3525.14
3525.14
3525.14
3525.14
3525.14
3525.14
3525.14
3525.14
3525.14
3525.14
3525.14
3525.14
3525.14
3525.13
3525.13
3525.13
3525.13
3525.13
3525.13
3525.13
3525.12
3525.12
3525.12
3525.11
3525.11
3525.1
3525.1
3525.09
3525.08
3525.06
3525.06
3525.03
3525.01
3524.99
3525.03
3525.06
3525.23
3525.4
3525.44
3525.32
3525.17
3525.1
3525.07
3525.06
3525.05
3525.05
3525.04
3525.04
3525.04
3525.03
3525.03
3525.03
3525.03
3525.03
3525.03
3525.03
3525.03
3525.03
3525.03
3525.02
3525.02
3525.02
3525.02
3525.02
3525.02
3525.02
3525.02
3525.02
3525.02
3525.02
3525.02
3525.02
3525.02
3525.02
3525.02
3525.02
3525.02
3525.02
3525.02
3525.02
3525.02
3525.02
3525.02
3525.02
3525.02
3525.02
3525.02
3525.02
3525.02
3525.02
3525.02
3525.02
3525.02
3525.02
3525.02
3525.02
3525.02
3525.02
3525.02
3525.02
3525.02
3525.02
3525.02
3525.02
3525.02
3525.02
3525.02
3525.02
3525.02
3525.02
3525.02
3525.02
3525.02
3525.02
3525.02
3525.02
3525.02
3525.02
3525.02
3525.02
3525.02
3525.02
3525.02
3525.02
3525.02
3525.02
3525.02
3525.02
3525.02
3525.02
3525.02
3525.02
3525.02
3525.02
3525.02
3525.02
3525.02
3525.02
3525.02
3525.02
3525.02
3525.02
3525.02
3525.02
3525.02
3525.02
3525.02
3525.02
3525.02
3525.02
3525.02
3525.02
3525.02
3525.02
3525.02
3525.02
3525.02
3525.02
3525.02
3525.02
3525.02
3525.02
3525.02
3525.02
3525.02
3525.02
3525.02
3525.02
3525.02
3525.02
3525.02
3525.02
3525.02
3525.02
3525.02
3525.02
3525.02
3525.02
3525.02
3525.02
3525.02
3525.02
3525.02
3525.02
3525.02
3525.02
3525.02
3525.02
3525.02
3525.02
3525.02
3525.02
3525.02
3525.02
3525.02
3525.02
3525.02
3525.02
3525.02
3525.02
3525.02
3525.02
3525.02
3525.02
3525.02
3525.02
3525.02
3525.02
3525.01
3525.01
3525.01
3525.01
3525.01
3525.01
3525.01
3525.01
3525.01
3525.01
3525
3525
3525
3525
3524.99
3524.99
3524.98
3524.98
3524.97
3524.96
3524.95
3524.94
3524.92
3524.91
3524.89
3524.88
3524.96
3524.94
3525.03
3525.09
3525.09
3525.03
3524.98
3524.96
3524.95
3524.94
3524.93
3524.93
3524.92
3524.92
3524.92
3524.91
3524.91
3524.91
3524.91
3524.91
3524.91
3524.91
3524.9
3524.9
3524.9
3524.9
3524.9
3524.9
3524.9
3524.9
3524.9
3524.9
3524.9
3524.9
3524.9
3524.9
3524.9
3524.9
3524.9
3524.9
3524.9
3524.9
3524.9
3524.9
3524.9
3524.9
3524.9
3524.9
3524.9
3524.9
3524.9
3524.9
3524.9
3524.9
3524.9
3524.9
3524.9
3524.9
3524.9
3524.9
3524.9
3524.9
3524.9
3524.9
3524.9
3524.9
3524.9
3524.9
3524.9
3524.9
3524.9
3524.9
3524.9
3524.9
3524.9
3524.9
3524.9
3524.9
3524.9
3524.9
3524.9
3524.9
3524.9
3524.9
3524.9
3524.9
3524.9
3524.9
3524.9
3524.9
3524.9
3524.9
3524.9
3524.9
3524.9
3524.9
3524.9
3524.9
3524.9
3524.9
3524.9
3524.9
3524.9
3524.9
3524.9
3524.9
3524.9
3524.9
3524.9
3524.9
3524.9
3524.9
3524.9
3524.9
3524.9
3524.9
3524.9
3524.9
3524.9
3524.9
3524.9
3524.9
3524.9
3524.9
3524.9
3524.9
3524.9
3524.9
3524.9
3524.9
3524.9
3524.9
3524.9
3524.9
3524.9
3524.9
3524.9
3524.9
3524.9
3524.9
3524.9
3524.9
3524.9
3524.9
3524.9
3524.9
3524.9
3524.9
3524.9
3524.9
3524.9
3524.9
3524.9
3524.9
3524.9
3524.9
3524.9
3524.9
3524.9
3524.9
3524.9
3524.9
3524.9
3524.9
3524.9
3524.9
3524.9
3524.9
3524.89
3524.89
3524.89
3524.89
3524.89
3524.89
3524.89
3524.89
3524.89
3524.89
3524.89
3524.89
3524.89
3524.88
3524.88
3524.88
3524.88
3524.88
3524.87
3524.87
3524.87
3524.86
3524.86
3524.85
3524.84
3524.84
3524.83
3524.81
3524.8
3524.79
3524.78
3524.77
3524.81
3524.85
3524.86
3524.88
3524.88
3524.86
3524.84
3524.83
3524.82
3524.82
3524.81
3524.8
3524.8
3524.8
3524.79
3524.79
3524.79
3524.79
3524.79
3524.79
3524.78
3524.78
3524.78
3524.78
3524.78
3524.78
3524.78
3524.78
3524.78
3524.78
3524.78
3524.78
3524.78
3524.78
3524.78
3524.78
3524.78
3524.78
3524.78
3524.78
3524.78
3524.78
3524.78
3524.78
3524.78
3524.78
3524.78
3524.78
3524.78
3524.78
3524.78
3524.78
3524.78
3524.78
3524.78
3524.78
3524.78
3524.78
3524.78
3524.78
3524.78
3524.78
3524.78
3524.78
3524.78
3524.77
3524.77
3524.77
3524.77
3524.77
3524.77
3524.77
3524.77
3524.77
3524.77
3524.77
3524.77
3524.77
3524.77
3524.77
3524.77
3524.77
3524.77
3524.77
3524.77
3524.77
3524.77
3524.77
3524.77
3524.77
3524.77
3524.77
3524.77
3524.77
3524.77
3524.77
3524.77
3524.77
3524.77
3524.77
3524.77
3524.77
3524.77
3524.77
3524.77
3524.77
3524.77
3524.77
3524.77
3524.77
3524.77
3524.77
3524.77
3524.77
3524.77
3524.77
3524.77
3524.77
3524.77
3524.77
3524.77
3524.78
3524.78
3524.78
3524.78
3524.78
3524.78
3524.78
3524.78
3524.78
3524.78
3524.78
3524.78
3524.78
3524.78
3524.78
3524.78
3524.78
3524.78
3524.78
3524.78
3524.78
3524.78
3524.78
3524.78
3524.78
3524.78
3524.78
3524.78
3524.78
3524.78
3524.78
3524.78
3524.78
3524.78
3524.78
3524.77
3524.77
3524.77
3524.77
3524.77
3524.77
3524.77
3524.77
3524.77
3524.77
3524.77
3524.77
3524.77
3524.77
3524.77
3524.77
3524.77
3524.77
3524.77
3524.77
3524.77
3524.77
3524.77
3524.76
3524.76
3524.76
3524.76
3524.76
3524.75
3524.75
3524.75
3524.75
3524.74
3524.74
3524.73
3524.73
3524.72
3524.71
3524.7
3524.69
3524.68
3524.67
3524.67
3524.66
3524.69
3524.72
3524.73
3524.73
3524.73
3524.72
3524.71
3524.7
3524.7
3524.69
3524.69
3524.68
3524.68
3524.67
3524.67
3524.67
3524.67
3524.67
3524.66
3524.66
3524.66
3524.66
3524.66
3524.66
3524.66
3524.66
3524.66
3524.66
3524.66
3524.66
3524.66
3524.66
3524.66
3524.66
3524.66
3524.66
3524.66
3524.66
3524.66
3524.66
3524.66
3524.66
3524.66
3524.66
3524.66
3524.65
3524.65
3524.65
3524.65
3524.65
3524.65
3524.65
3524.65
3524.65
3524.65
3524.65
3524.65
3524.65
3524.65
3524.65
3524.65
3524.65
3524.65
3524.65
3524.65
3524.65
3524.65
3524.65
3524.65
3524.65
3524.65
3524.65
3524.65
3524.65
3524.65
3524.65
3524.65
3524.65
3524.65
3524.65
3524.65
3524.65
3524.65
3524.65
3524.65
3524.65
3524.65
3524.65
3524.65
3524.65
3524.65
3524.65
3524.65
3524.65
3524.65
3524.65
3524.65
3524.65
3524.65
3524.65
3524.65
3524.65
3524.65
3524.65
3524.65
3524.65
3524.65
3524.65
3524.65
3524.65
3524.65
3524.65
3524.65
3524.65
3524.65
3524.65
3524.65
3524.65
3524.65
3524.65
3524.65
3524.65
3524.65
3524.65
3524.65
3524.65
3524.65
3524.65
3524.65
3524.65
3524.65
3524.65
3524.65
3524.65
3524.65
3524.65
3524.65
3524.65
3524.65
3524.65
3524.65
3524.65
3524.65
3524.65
3524.65
3524.65
3524.65
3524.65
3524.65
3524.65
3524.65
3524.65
3524.65
3524.65
3524.65
3524.65
3524.65
3524.65
3524.65
3524.65
3524.65
3524.65
3524.65
3524.65
3524.65
3524.65
3524.65
3524.65
3524.65
3524.65
3524.65
3524.65
3524.65
3524.65
3524.65
3524.65
3524.64
3524.64
3524.64
3524.64
3524.64
3524.64
3524.64
3524.63
3524.63
3524.63
3524.63
3524.62
3524.62
3524.61
3524.61
3524.6
3524.6
3524.59
3524.58
3524.57
3524.57
3524.56
3524.55
3524.55
3524.57
3524.58
3524.59
3524.59
3524.59
3524.59
3524.58
3524.58
3524.57
3524.57
3524.56
3524.56
3524.56
3524.55
3524.55
3524.55
3524.55
3524.54
3524.54
3524.54
3524.54
3524.54
3524.54
3524.54
3524.54
3524.54
3524.54
3524.54
3524.54
3524.54
3524.54
3524.54
3524.54
3524.53
3524.53
3524.53
3524.53
3524.53
3524.53
3524.53
3524.53
3524.53
3524.53
3524.53
3524.53
3524.53
3524.53
3524.53
3524.53
3524.53
3524.53
3524.53
3524.53
3524.53
3524.53
3524.53
3524.53
3524.53
3524.53
3524.53
3524.53
3524.53
3524.53
3524.53
3524.53
3524.53
3524.53
3524.53
3524.53
3524.53
3524.53
3524.53
3524.53
3524.53
3524.53
3524.53
3524.53
3524.53
3524.53
3524.53
3524.53
3524.53
3524.53
3524.53
3524.53
3524.53
3524.53
3524.53
3524.53
3524.53
3524.53
3524.53
3524.53
3524.53
3524.53
3524.53
3524.53
3524.53
3524.53
3524.53
3524.53
3524.53
3524.53
3524.53
3524.53
3524.53
3524.53
3524.53
3524.53
3524.53
3524.53
3524.53
3524.53
3524.53
3524.53
3524.53
3524.53
3524.53
3524.53
3524.53
3524.53
3524.53
3524.53
3524.53
3524.53
3524.53
3524.53
3524.53
3524.53
3524.53
3524.53
3524.53
3524.53
3524.53
3524.53
3524.53
3524.53
3524.53
3524.53
3524.53
3524.53
3524.53
3524.53
3524.53
3524.53
3524.53
3524.53
3524.53
3524.53
3524.53
3524.53
3524.53
3524.53
3524.53
3524.53
3524.53
3524.53
3524.53
3524.53
3524.53
3524.53
3524.53
3524.53
3524.53
3524.53
3524.53
3524.53
3524.53
3524.53
3524.53
3524.53
3524.53
3524.52
3524.52
3524.52
3524.52
3524.52
3524.52
3524.52
3524.52
3524.52
3524.51
3524.51
3524.51
3524.51
3524.51
3524.5
3524.5
3524.49
3524.49
3524.49
3524.48
3524.47
3524.47
3524.46
3524.46
3524.45
3524.44
3524.43
3524.44
3524.45
3524.45
3524.46
3524.46
3524.46
3524.46
3524.45
3524.45
3524.45
3524.44
3524.44
3524.43
3524.43
3524.43
3524.43
3524.42
3524.42
3524.42
3524.42
3524.42
3524.42
3524.42
3524.42
3524.42
3524.42
3524.42
3524.41
3524.41
3524.41
3524.41
3524.41
3524.41
3524.41
3524.41
3524.41
3524.41
3524.41
3524.41
3524.41
3524.41
3524.41
3524.41
3524.41
3524.41
3524.41
3524.41
3524.41
3524.41
3524.41
3524.41
3524.41
3524.41
3524.41
3524.41
3524.41
3524.41
3524.41
3524.41
3524.41
3524.41
3524.41
3524.41
3524.41
3524.41
3524.41
3524.41
3524.41
3524.41
3524.41
3524.41
3524.41
3524.41
3524.41
3524.41
3524.41
3524.41
3524.41
3524.41
3524.41
3524.41
3524.41
3524.41
3524.41
3524.41
3524.41
3524.41
3524.41
3524.41
3524.41
3524.41
3524.41
3524.41
3524.41
3524.41
3524.41
3524.41
3524.41
3524.41
3524.41
3524.41
3524.41
3524.41
3524.41
3524.41
3524.41
3524.41
3524.41
3524.41
3524.41
3524.41
3524.41
3524.41
3524.41
3524.41
3524.41
3524.41
3524.41
3524.41
3524.41
3524.41
3524.41
3524.41
3524.41
3524.41
3524.41
3524.41
3524.41
3524.41
3524.41
3524.41
3524.41
3524.41
3524.41
3524.41
3524.41
3524.41
3524.41
3524.41
3524.41
3524.41
3524.41
3524.41
3524.41
3524.41
3524.41
3524.41
3524.41
3524.41
3524.41
3524.41
3524.41
3524.41
3524.41
3524.41
3524.41
3524.41
3524.41
3524.41
3524.41
3524.41
3524.41
3524.41
3524.41
3524.41
3524.41
3524.41
3524.41
3524.41
3524.4
3524.4
3524.4
3524.4
3524.4
3524.4
3524.4
3524.4
3524.4
3524.4
3524.4
3524.39
3524.39
3524.39
3524.39
3524.39
3524.39
3524.38
3524.38
3524.38
3524.37
3524.37
3524.36
3524.36
3524.35
3524.35
3524.34
3524.33
3524.33
3524.32
3524.32
3524.32
3524.32
3524.33
3524.33
3524.33
3524.33
3524.33
3524.33
3524.32
3524.32
3524.32
3524.31
3524.31
3524.31
3524.31
3524.3
3524.3
3524.3
3524.3
3524.3
3524.3
3524.3
3524.3
3524.29
3524.29
3524.29
3524.29
3524.29
3524.29
3524.29
3524.29
3524.29
3524.29
3524.29
3524.29
3524.29
3524.29
3524.29
3524.29
3524.29
3524.29
3524.29
3524.29
3524.29
3524.29
3524.29
3524.29
3524.29
3524.29
3524.29
3524.29
3524.29
3524.29
3524.29
3524.29
3524.29
3524.29
3524.29
3524.29
3524.29
3524.29
3524.29
3524.29
3524.29
3524.29
3524.29
3524.29
3524.29
3524.29
3524.29
3524.29
3524.29
3524.29
3524.29
3524.29
3524.29
3524.29
3524.29
3524.29
3524.29
3524.29
3524.29
3524.29
3524.29
3524.29
3524.29
3524.29
3524.29
3524.29
3524.29
3524.29
3524.29
3524.29
3524.29
3524.29
3524.29
3524.29
3524.29
3524.29
3524.29
3524.29
3524.29
3524.29
3524.29
3524.29
3524.29
3524.29
3524.29
3524.29
3524.29
3524.29
3524.29
3524.29
3524.29
3524.29
3524.29
3524.29
3524.29
3524.29
3524.29
3524.29
3524.29
3524.29
3524.29
3524.29
3524.29
3524.29
3524.29
3524.29
3524.29
3524.29
3524.29
3524.29
3524.29
3524.29
3524.29
3524.29
3524.29
3524.29
3524.29
3524.29
3524.29
3524.29
3524.29
3524.29
3524.29
3524.29
3524.29
3524.29
3524.29
3524.29
3524.29
3524.29
3524.29
3524.29
3524.29
3524.29
3524.29
3524.29
3524.29
3524.29
3524.29
3524.29
3524.28
3524.28
3524.28
3524.28
3524.28
3524.28
3524.28
3524.28
3524.28
3524.28
3524.28
3524.28
3524.28
3524.28
3524.28
3524.28
3524.27
3524.27
3524.27
3524.27
3524.27
3524.26
3524.26
3524.26
3524.26
3524.25
3524.25
3524.25
3524.24
3524.24
3524.23
3524.23
3524.22
3524.22
3524.21
3524.21
3524.2
3524.21
3524.2
3524.2
3524.2
3524.2
3524.2
3524.2
3524.2
3524.2
3524.19
3524.19
3524.19
3524.19
3524.18
3524.18
3524.18
3524.18
3524.18
3524.18
3524.18
3524.17
3524.17
3524.17
3524.17
3524.17
3524.17
3524.17
3524.17
3524.17
3524.17
3524.17
3524.17
3524.17
3524.17
3524.17
3524.17
3524.17
3524.17
3524.17
3524.17
3524.17
3524.17
3524.17
3524.17
3524.17
3524.17
3524.17
3524.17
3524.17
3524.17
3524.17
3524.17
3524.17
3524.17
3524.17
3524.17
3524.17
3524.17
3524.17
3524.17
3524.17
3524.17
3524.17
3524.17
3524.16
3524.16
3524.16
3524.16
3524.16
3524.16
3524.16
3524.16
3524.16
3524.16
3524.16
3524.16
3524.16
3524.16
3524.16
3524.16
3524.16
3524.16
3524.16
3524.16
3524.16
3524.16
3524.16
3524.16
3524.16
3524.16
3524.16
3524.16
3524.16
3524.16
3524.16
3524.16
3524.16
3524.16
3524.16
3524.16
3524.16
3524.16
3524.16
3524.16
3524.16
3524.16
3524.16
3524.16
3524.16
3524.16
3524.16
3524.16
3524.16
3524.16
3524.16
3524.16
3524.16
3524.16
3524.16
3524.16
3524.16
3524.16
3524.16
3524.16
3524.16
3524.16
3524.17
3524.17
3524.17
3524.17
3524.17
3524.17
3524.17
3524.17
3524.17
3524.17
3524.17
3524.17
3524.17
3524.17
3524.17
3524.17
3524.17
3524.17
3524.17
3524.17
3524.17
3524.17
3524.17
3524.16
3524.16
3524.16
3524.16
3524.16
3524.16
3524.16
3524.16
3524.16
3524.16
3524.16
3524.16
3524.16
3524.16
3524.16
3524.16
3524.16
3524.16
3524.16
3524.16
3524.16
3524.16
3524.16
3524.16
3524.16
3524.16
3524.16
3524.15
3524.15
3524.15
3524.15
3524.15
3524.15
3524.15
3524.14
3524.14
3524.14
3524.14
3524.13
3524.13
3524.13
3524.12
3524.12
3524.12
3524.11
3524.11
3524.1
3524.1
3524.1
3524.09
3524.09
3524.09
3524.07
3524.07
3524.07
3524.07
3524.07
3524.07
3524.07
3524.07
3524.07
3524.07
3524.06
3524.06
3524.06
3524.06
3524.06
3524.06
3524.05
3524.05
3524.05
3524.05
3524.05
3524.05
3524.05
3524.05
3524.05
3524.05
3524.05
3524.05
3524.05
3524.05
3524.05
3524.05
3524.05
3524.05
3524.05
3524.05
3524.05
3524.05
3524.05
3524.05
3524.05
3524.05
3524.05
3524.04
3524.04
3524.04
3524.04
3524.04
3524.04
3524.04
3524.04
3524.04
3524.04
3524.04
3524.04
3524.04
3524.04
3524.04
3524.04
3524.04
3524.04
3524.04
3524.04
3524.04
3524.04
3524.04
3524.04
3524.04
3524.04
3524.04
3524.04
3524.04
3524.04
3524.04
3524.04
3524.04
3524.04
3524.04
3524.04
3524.04
3524.04
3524.04
3524.04
3524.04
3524.04
3524.04
3524.04
3524.04
3524.04
3524.04
3524.04
3524.04
3524.04
3524.04
3524.04
3524.04
3524.04
3524.04
3524.04
3524.04
3524.04
3524.04
3524.04
3524.04
3524.04
3524.04
3524.04
3524.04
3524.04
3524.04
3524.04
3524.04
3524.04
3524.04
3524.04
3524.04
3524.04
3524.04
3524.04
3524.04
3524.04
3524.04
3524.04
3524.04
3524.04
3524.04
3524.04
3524.04
3524.04
3524.04
3524.04
3524.04
3524.04
3524.04
3524.04
3524.04
3524.04
3524.04
3524.04
3524.04
3524.04
3524.04
3524.04
3524.04
3524.04
3524.04
3524.04
3524.04
3524.04
3524.04
3524.04
3524.04
3524.04
3524.04
3524.04
3524.04
3524.04
3524.04
3524.04
3524.04
3524.04
3524.04
3524.04
3524.04
3524.04
3524.04
3524.04
3524.04
3524.04
3524.04
3524.04
3524.04
3524.04
3524.03
3524.03
3524.03
3524.03
3524.03
3524.03
3524.03
3524.03
3524.02
3524.02
3524.02
3524.02
3524.02
3524.01
3524.01
3524.01
3524
3524
3524
3523.99
3523.99
3523.98
3523.98
3523.98
3523.98
3523.97
3523.97
3523.95
3523.95
3523.95
3523.95
3523.95
3523.95
3523.95
3523.94
3523.94
3523.94
3523.94
3523.94
3523.94
3523.94
3523.93
3523.93
3523.93
3523.93
3523.93
3523.93
3523.93
3523.93
3523.93
3523.93
3523.93
3523.93
3523.93
3523.93
3523.93
3523.93
3523.93
3523.92
3523.92
3523.92
3523.92
3523.92
3523.92
3523.92
3523.92
3523.92
3523.92
3523.92
3523.92
3523.92
3523.92
3523.92
3523.92
3523.92
3523.92
3523.92
3523.92
3523.92
3523.92
3523.92
3523.92
3523.92
3523.92
3523.92
3523.92
3523.92
3523.92
3523.92
3523.92
3523.92
3523.92
3523.92
3523.92
3523.92
3523.92
3523.92
3523.92
3523.92
3523.92
3523.92
3523.92
3523.92
3523.92
3523.92
3523.92
3523.92
3523.92
3523.92
3523.92
3523.92
3523.92
3523.92
3523.92
3523.92
3523.92
3523.92
3523.92
3523.92
3523.92
3523.92
3523.92
3523.92
3523.92
3523.92
3523.92
3523.92
3523.92
3523.92
3523.92
3523.92
3523.92
3523.92
3523.92
3523.92
3523.92
3523.92
3523.92
3523.92
3523.92
3523.92
3523.92
3523.92
3523.92
3523.92
3523.92
3523.92
3523.92
3523.92
3523.92
3523.92
3523.92
3523.92
3523.92
3523.92
3523.92
3523.92
3523.92
3523.92
3523.92
3523.92
3523.92
3523.92
3523.92
3523.92
3523.92
3523.92
3523.92
3523.92
3523.92
3523.92
3523.92
3523.92
3523.92
3523.92
3523.92
3523.92
3523.92
3523.92
3523.92
3523.92
3523.92
3523.92
3523.92
3523.92
3523.92
3523.92
3523.92
3523.92
3523.92
3523.92
3523.92
3523.92
3523.92
3523.92
3523.92
3523.92
3523.91
3523.91
3523.91
3523.91
3523.91
3523.91
3523.91
3523.91
3523.91
3523.91
3523.9
3523.9
3523.9
3523.9
3523.9
3523.89
3523.89
3523.89
3523.89
3523.88
3523.88
3523.88
3523.87
3523.87
3523.87
3523.86
3523.86
3523.86
3523.86
3523.86
3523.82
3523.82
3523.82
3523.82
3523.82
3523.82
3523.82
3523.82
3523.82
3523.82
3523.82
3523.81
3523.81
3523.81
3523.81
3523.81
3523.81
3523.81
3523.81
3523.81
3523.81
3523.81
3523.8
3523.8
3523.8
3523.8
3523.8
3523.8
3523.8
3523.8
3523.8
3523.8
3523.8
3523.8
3523.8
3523.8
3523.8
3523.8
3523.8
3523.8
3523.8
3523.8
3523.8
3523.8
3523.8
3523.8
3523.8
3523.8
3523.8
3523.8
3523.8
3523.8
3523.8
3523.8
3523.8
3523.8
3523.8
3523.8
3523.8
3523.8
3523.8
3523.8
3523.8
3523.8
3523.8
3523.8
3523.8
3523.8
3523.8
3523.8
3523.8
3523.8
3523.8
3523.8
3523.8
3523.8
3523.8
3523.8
3523.8
3523.8
3523.8
3523.8
3523.8
3523.8
3523.8
3523.8
3523.8
3523.8
3523.8
3523.8
3523.8
3523.8
3523.8
3523.8
3523.8
3523.8
3523.8
3523.8
3523.8
3523.8
3523.8
3523.8
3523.8
3523.8
3523.8
3523.8
3523.8
3523.8
3523.8
3523.8
3523.8
3523.8
3523.8
3523.8
3523.8
3523.8
3523.8
3523.8
3523.8
3523.8
3523.8
3523.8
3523.8
3523.8
3523.8
3523.8
3523.8
3523.8
3523.8
3523.8
3523.8
3523.8
3523.8
3523.8
3523.8
3523.8
3523.8
3523.8
3523.8
3523.8
3523.8
3523.8
3523.8
3523.8
3523.8
3523.8
3523.8
3523.8
3523.8
3523.8
3523.8
3523.8
3523.8
3523.8
3523.8
3523.8
3523.8
3523.8
3523.8
3523.8
3523.8
3523.8
3523.8
3523.8
3523.8
3523.8
3523.79
3523.79
3523.79
3523.79
3523.79
3523.79
3523.79
3523.79
3523.79
3523.79
3523.79
3523.79
3523.78
3523.78
3523.78
3523.78
3523.78
3523.78
3523.77
3523.77
3523.77
3523.77
3523.76
3523.76
3523.76
3523.76
3523.75
3523.75
3523.75
3523.74
3523.74
3523.74
3523.74
3523.74
3523.7
3523.7
3523.7
3523.7
3523.7
3523.7
3523.69
3523.69
3523.69
3523.69
3523.69
3523.69
3523.69
3523.69
3523.69
3523.69
3523.69
3523.68
3523.68
3523.68
3523.68
3523.68
3523.68
3523.68
3523.68
3523.68
3523.68
3523.68
3523.68
3523.68
3523.68
3523.68
3523.68
3523.68
3523.68
3523.68
3523.68
3523.68
3523.68
3523.68
3523.68
3523.68
3523.68
3523.68
3523.68
3523.68
3523.68
3523.68
3523.68
3523.68
3523.68
3523.68
3523.68
3523.68
3523.68
3523.68
3523.68
3523.68
3523.68
3523.68
3523.68
3523.68
3523.68
3523.68
3523.68
3523.68
3523.68
3523.68
3523.68
3523.68
3523.68
3523.68
3523.68
3523.68
3523.68
3523.68
3523.68
3523.68
3523.68
3523.68
3523.68
3523.68
3523.68
3523.68
3523.68
3523.68
3523.68
3523.68
3523.68
3523.68
3523.68
3523.68
3523.68
3523.68
3523.68
3523.68
3523.68
3523.68
3523.68
3523.68
3523.68
3523.68
3523.68
3523.68
3523.68
3523.68
3523.68
3523.68
3523.68
3523.68
3523.68
3523.68
3523.68
3523.68
3523.68
3523.68
3523.68
3523.68
3523.68
3523.68
3523.68
3523.68
3523.68
3523.68
3523.68
3523.68
3523.68
3523.68
3523.68
3523.68
3523.68
3523.68
3523.68
3523.68
3523.68
3523.68
3523.68
3523.68
3523.68
3523.68
3523.68
3523.68
3523.68
3523.68
3523.68
3523.68
3523.68
3523.68
3523.68
3523.68
3523.68
3523.68
3523.68
3523.68
3523.68
3523.68
3523.68
3523.68
3523.68
3523.68
3523.67
3523.67
3523.67
3523.67
3523.67
3523.67
3523.67
3523.67
3523.67
3523.67
3523.67
3523.67
3523.67
3523.67
3523.67
3523.67
3523.67
3523.66
3523.66
3523.66
3523.66
3523.66
3523.66
3523.65
3523.65
3523.65
3523.65
3523.65
3523.64
3523.64
3523.64
3523.64
3523.63
3523.63
3523.63
3523.63
3523.62
3523.62
3523.62
3523.62
3523.57
3523.57
3523.57
3523.57
3523.57
3523.57
3523.57
3523.57
3523.57
3523.57
3523.57
3523.57
3523.56
3523.56
3523.56
3523.56
3523.56
3523.56
3523.56
3523.56
3523.56
3523.56
3523.56
3523.56
3523.56
3523.56
3523.56
3523.56
3523.56
3523.56
3523.56
3523.56
3523.56
3523.56
3523.56
3523.56
3523.56
3523.56
3523.56
3523.56
3523.56
3523.56
3523.56
3523.56
3523.56
3523.56
3523.56
3523.56
3523.56
3523.56
3523.56
3523.56
3523.56
3523.56
3523.56
3523.56
3523.56
3523.56
3523.56
3523.56
3523.56
3523.55
3523.55
3523.55
3523.55
3523.55
3523.55
3523.55
3523.55
3523.55
3523.55
3523.55
3523.55
3523.55
3523.55
3523.55
3523.55
3523.55
3523.55
3523.55
3523.55
3523.55
3523.55
3523.55
3523.55
3523.55
3523.55
3523.55
3523.55
3523.55
3523.55
3523.55
3523.55
3523.55
3523.55
3523.55
3523.55
3523.55
3523.55
3523.55
3523.55
3523.55
3523.55
3523.55
3523.55
3523.55
3523.55
3523.55
3523.55
3523.55
3523.55
3523.55
3523.55
3523.55
3523.55
3523.55
3523.55
3523.55
3523.55
3523.55
3523.55
3523.55
3523.55
3523.55
3523.55
3523.55
3523.55
3523.55
3523.55
3523.55
3523.56
3523.56
3523.56
3523.56
3523.56
3523.56
3523.56
3523.56
3523.56
3523.56
3523.56
3523.56
3523.56
3523.55
3523.55
3523.55
3523.55
3523.55
3523.55
3523.55
3523.55
3523.55
3523.55
3523.55
3523.55
3523.55
3523.55
3523.55
3523.55
3523.55
3523.55
3523.55
3523.55
3523.55
3523.55
3523.55
3523.55
3523.55
3523.55
3523.55
3523.55
3523.55
3523.55
3523.55
3523.55
3523.54
3523.54
3523.54
3523.54
3523.54
3523.54
3523.54
3523.54
3523.53
3523.53
3523.53
3523.53
3523.53
3523.52
3523.52
3523.52
3523.52
3523.51
3523.51
3523.51
3523.51
3523.51
3523.51
3523.5
3523.5
3523.45
3523.45
3523.45
3523.45
3523.45
3523.45
3523.44
3523.44
3523.44
3523.44
3523.44
3523.44
3523.44
3523.44
3523.44
3523.44
3523.44
3523.44
3523.44
3523.44
3523.44
3523.44
3523.44
3523.44
3523.44
3523.44
3523.44
3523.44
3523.44
3523.44
3523.44
3523.44
3523.44
3523.44
3523.44
3523.44
3523.44
3523.44
3523.44
3523.44
3523.44
3523.43
3523.43
3523.43
3523.43
3523.43
3523.43
3523.43
3523.43
3523.43
3523.43
3523.43
3523.43
3523.43
3523.43
3523.43
3523.43
3523.43
3523.43
3523.43
3523.43
3523.43
3523.43
3523.43
3523.43
3523.43
3523.43
3523.43
3523.43
3523.43
3523.43
3523.43
3523.43
3523.43
3523.43
3523.43
3523.43
3523.43
3523.43
3523.43
3523.43
3523.43
3523.43
3523.43
3523.43
3523.43
3523.43
3523.43
3523.43
3523.43
3523.43
3523.43
3523.43
3523.43
3523.43
3523.43
3523.43
3523.43
3523.43
3523.43
3523.43
3523.43
3523.43
3523.43
3523.43
3523.43
3523.43
3523.43
3523.43
3523.43
3523.43
3523.43
3523.43
3523.43
3523.43
3523.43
3523.43
3523.43
3523.43
3523.43
3523.43
3523.43
3523.43
3523.43
3523.43
3523.43
3523.43
3523.43
3523.43
3523.43
3523.43
3523.43
3523.43
3523.43
3523.43
3523.43
3523.43
3523.43
3523.43
3523.43
3523.43
3523.43
3523.43
3523.43
3523.43
3523.43
3523.43
3523.43
3523.43
3523.43
3523.43
3523.43
3523.43
3523.43
3523.43
3523.43
3523.43
3523.43
3523.43
3523.43
3523.43
3523.43
3523.43
3523.43
3523.43
3523.43
3523.43
3523.43
3523.43
3523.43
3523.43
3523.43
3523.42
3523.42
3523.42
3523.42
3523.42
3523.42
3523.42
3523.42
3523.42
3523.42
3523.41
3523.41
3523.41
3523.41
3523.41
3523.4
3523.4
3523.4
3523.4
3523.4
3523.39
3523.39
3523.39
3523.39
3523.39
3523.39
3523.39
3523.39
3523.32
3523.32
3523.32
3523.32
3523.32
3523.32
3523.32
3523.32
3523.32
3523.32
3523.32
3523.32
3523.32
3523.32
3523.32
3523.32
3523.31
3523.31
3523.31
3523.31
3523.31
3523.31
3523.31
3523.31
3523.31
3523.31
3523.31
3523.31
3523.31
3523.31
3523.31
3523.31
3523.31
3523.31
3523.31
3523.31
3523.31
3523.31
3523.31
3523.31
3523.31
3523.31
3523.31
3523.31
3523.31
3523.31
3523.31
3523.31
3523.31
3523.31
3523.31
3523.31
3523.31
3523.31
3523.31
3523.31
3523.31
3523.31
3523.31
3523.31
3523.31
3523.31
3523.31
3523.31
3523.31
3523.31
3523.31
3523.31
3523.31
3523.31
3523.31
3523.31
3523.31
3523.31
3523.31
3523.31
3523.31
3523.31
3523.31
3523.31
3523.31
3523.31
3523.31
3523.31
3523.31
3523.31
3523.31
3523.31
3523.31
3523.31
3523.31
3523.31
3523.31
3523.31
3523.31
3523.31
3523.31
3523.31
3523.31
3523.31
3523.31
3523.31
3523.31
3523.31
3523.31
3523.31
3523.31
3523.31
3523.31
3523.31
3523.31
3523.31
3523.31
3523.31
3523.31
3523.31
3523.31
3523.31
3523.31
3523.31
3523.31
3523.31
3523.31
3523.31
3523.31
3523.31
3523.31
3523.31
3523.31
3523.31
3523.31
3523.31
3523.31
3523.31
3523.31
3523.31
3523.31
3523.31
3523.31
3523.31
3523.31
3523.31
3523.31
3523.31
3523.31
3523.31
3523.31
3523.31
3523.31
3523.31
3523.31
3523.31
3523.31
3523.31
3523.31
3523.31
3523.31
3523.31
3523.31
3523.31
3523.31
3523.31
3523.31
3523.31
3523.31
3523.31
3523.31
3523.31
3523.31
3523.3
3523.3
3523.3
3523.3
3523.3
3523.3
3523.3
3523.3
3523.3
3523.3
3523.3
3523.29
3523.29
3523.29
3523.29
3523.29
3523.29
3523.29
3523.28
3523.28
3523.28
3523.28
3523.28
3523.27
3523.27
3523.27
3523.27
3523.27
3523.27
3523.27
3523.27
3523.2
3523.2
3523.2
3523.2
3523.2
3523.2
3523.19
3523.19
3523.19
3523.19
3523.19
3523.19
3523.19
3523.19
3523.19
3523.19
3523.19
3523.19
3523.19
3523.19
3523.19
3523.19
3523.19
3523.19
3523.19
3523.19
3523.19
3523.19
3523.19
3523.19
3523.19
3523.19
3523.19
3523.19
3523.19
3523.19
3523.19
3523.19
3523.19
3523.19
3523.19
3523.19
3523.19
3523.19
3523.19
3523.19
3523.19
3523.19
3523.19
3523.19
3523.19
3523.19
3523.19
3523.19
3523.19
3523.19
3523.19
3523.19
3523.19
3523.19
3523.19
3523.19
3523.19
3523.19
3523.19
3523.19
3523.19
3523.19
3523.19
3523.19
3523.19
3523.19
3523.19
3523.19
3523.19
3523.19
3523.19
3523.19
3523.19
3523.19
3523.19
3523.19
3523.19
3523.19
3523.19
3523.19
3523.19
3523.19
3523.19
3523.19
3523.19
3523.19
3523.19
3523.19
3523.19
3523.19
3523.19
3523.19
3523.19
3523.19
3523.19
3523.19
3523.19
3523.19
3523.19
3523.19
3523.19
3523.19
3523.19
3523.19
3523.19
3523.19
3523.19
3523.19
3523.19
3523.19
3523.19
3523.19
3523.19
3523.19
3523.19
3523.19
3523.19
3523.19
3523.19
3523.19
3523.19
3523.19
3523.19
3523.19
3523.19
3523.19
3523.19
3523.19
3523.19
3523.19
3523.19
3523.19
3523.19
3523.19
3523.19
3523.19
3523.19
3523.19
3523.19
3523.19
3523.19
3523.19
3523.19
3523.19
3523.19
3523.19
3523.19
3523.19
3523.19
3523.19
3523.19
3523.19
3523.19
3523.19
3523.19
3523.19
3523.19
3523.19
3523.19
3523.19
3523.18
3523.18
3523.18
3523.18
3523.18
3523.18
3523.18
3523.18
3523.18
3523.18
3523.18
3523.18
3523.18
3523.17
3523.17
3523.17
3523.17
3523.17
3523.17
3523.17
3523.16
3523.16
3523.16
3523.16
3523.16
3523.16
3523.16
3523.15
3523.15
3523.15
3523.15
3523.15
3523.15
3523.15
3523.07
3523.07
3523.07
3523.07
3523.07
3523.07
3523.07
3523.07
3523.07
3523.07
3523.07
3523.07
3523.07
3523.07
3523.07
3523.07
3523.07
3523.07
3523.07
3523.07
3523.07
3523.07
3523.07
3523.07
3523.07
3523.07
3523.07
3523.07
3523.07
3523.07
3523.07
3523.07
3523.07
3523.07
3523.07
3523.07
3523.07
3523.07
3523.07
3523.07
3523.07
3523.07
3523.07
3523.07
3523.07
3523.07
3523.07
3523.07
3523.07
3523.07
3523.07
3523.07
3523.07
3523.07
3523.07
3523.07
3523.07
3523.07
3523.07
3523.07
3523.07
3523.07
3523.07
3523.07
3523.07
3523.07
3523.07
3523.07
3523.07
3523.07
3523.07
3523.07
3523.07
3523.07
3523.07
3523.07
3523.07
3523.07
3523.07
3523.07
3523.07
3523.07
3523.07
3523.07
3523.07
3523.07
3523.07
3523.07
3523.07
3523.07
3523.07
3523.07
3523.07
3523.07
3523.07
3523.07
3523.07
3523.07
3523.07
3523.07
3523.07
3523.07
3523.07
3523.07
3523.07
3523.07
3523.07
3523.07
3523.07
3523.07
3523.07
3523.07
3523.07
3523.07
3523.07
3523.07
3523.07
3523.07
3523.07
3523.07
3523.07
3523.07
3523.07
3523.07
3523.07
3523.07
3523.07
3523.07
3523.07
3523.07
3523.07
3523.07
3523.07
3523.07
3523.07
3523.07
3523.07
3523.07
3523.07
3523.07
3523.07
3523.07
3523.07
3523.07
3523.07
3523.07
3523.07
3523.07
3523.07
3523.07
3523.07
3523.07
3523.07
3523.07
3523.07
3523.07
3523.07
3523.07
3523.07
3523.07
3523.06
3523.06
3523.06
3523.06
3523.06
3523.06
3523.06
3523.06
3523.06
3523.06
3523.06
3523.06
3523.06
3523.06
3523.06
3523.06
3523.06
3523.06
3523.05
3523.05
3523.05
3523.05
3523.05
3523.05
3523.05
3523.05
3523.04
3523.04
3523.04
3523.04
3523.04
3523.04
3523.04
3523.03
3523.03
3523.03
3523.03
3523.03
3523.03
3523.03
3522.95
3522.95
3522.95
3522.95
3522.95
3522.95
3522.94
3522.94
3522.94
3522.94
3522.94
3522.94
3522.94
3522.94
3522.94
3522.94
3522.94
3522.94
3522.94
3522.94
3522.95
3522.95
3522.95
3522.95
3522.95
3522.95
3522.95
3522.95
3522.95
3522.95
3522.95
3522.95
3522.95
3522.95
3522.95
3522.95
3522.95
3522.95
3522.95
3522.95
3522.95
3522.95
3522.95
3522.95
3522.95
3522.95
3522.95
3522.95
3522.95
3522.95
3522.95
3522.95
3522.95
3522.95
3522.95
3522.95
3522.95
3522.95
3522.95
3522.95
3522.95
3522.94
3522.94
3522.94
3522.94
3522.94
3522.94
3522.94
3522.94
3522.94
3522.94
3522.94
3522.94
3522.94
3522.94
3522.94
3522.94
3522.94
3522.94
3522.94
3522.94
3522.94
3522.94
3522.94
3522.94
3522.94
3522.94
3522.94
3522.94
3522.94
3522.94
3522.94
3522.94
3522.94
3522.94
3522.94
3522.94
3522.94
3522.94
3522.94
3522.94
3522.94
3522.94
3522.94
3522.94
3522.94
3522.94
3522.94
3522.94
3522.94
3522.94
3522.94
3522.94
3522.94
3522.94
3522.94
3522.94
3522.94
3522.94
3522.94
3522.94
3522.94
3522.94
3522.94
3522.94
3522.94
3522.94
3522.94
3522.94
3522.94
3522.94
3522.94
3522.95
3522.95
3522.95
3522.95
3522.95
3522.95
3522.95
3522.95
3522.95
3522.95
3522.94
3522.94
3522.94
3522.94
3522.94
3522.94
3522.94
3522.94
3522.94
3522.94
3522.94
3522.94
3522.94
3522.94
3522.94
3522.94
3522.94
3522.94
3522.94
3522.94
3522.94
3522.94
3522.94
3522.94
3522.94
3522.94
3522.94
3522.94
3522.94
3522.94
3522.94
3522.94
3522.94
3522.94
3522.93
3522.93
3522.93
3522.93
3522.93
3522.93
3522.93
3522.93
3522.93
3522.92
3522.92
3522.92
3522.92
3522.92
3522.92
3522.92
3522.92
3522.91
3522.91
3522.91
3522.91
3522.91
3522.91
3522.91
3522.82
3522.82
3522.82
3522.82
3522.82
3522.82
3522.82
3522.82
3522.82
3522.82
3522.82
3522.82
3522.82
3522.82
3522.82
3522.82
3522.82
3522.82
3522.82
3522.82
3522.82
3522.82
3522.82
3522.82
3522.82
3522.82
3522.82
3522.82
3522.82
3522.82
3522.82
3522.82
3522.83
3522.83
3522.83
3522.83
3522.82
3522.82
3522.82
3522.82
3522.82
3522.82
3522.82
3522.82
3522.82
3522.82
3522.82
3522.82
3522.82
3522.82
3522.82
3522.82
3522.82
3522.82
3522.82
3522.82
3522.82
3522.82
3522.82
3522.82
3522.82
3522.82
3522.82
3522.82
3522.82
3522.82
3522.82
3522.82
3522.82
3522.82
3522.82
3522.82
3522.82
3522.82
3522.82
3522.82
3522.82
3522.82
3522.82
3522.82
3522.82
3522.82
3522.82
3522.82
3522.82
3522.82
3522.82
3522.82
3522.82
3522.82
3522.82
3522.82
3522.82
3522.82
3522.82
3522.82
3522.82
3522.82
3522.82
3522.82
3522.82
3522.82
3522.82
3522.82
3522.82
3522.82
3522.82
3522.82
3522.82
3522.82
3522.82
3522.82
3522.82
3522.82
3522.82
3522.82
3522.82
3522.82
3522.82
3522.82
3522.82
3522.82
3522.82
3522.82
3522.82
3522.82
3522.82
3522.82
3522.82
3522.82
3522.82
3522.82
3522.82
3522.82
3522.82
3522.82
3522.82
3522.82
3522.82
3522.82
3522.82
3522.82
3522.82
3522.82
3522.82
3522.82
3522.82
3522.82
3522.82
3522.82
3522.82
3522.82
3522.82
3522.82
3522.82
3522.82
3522.82
3522.82
3522.82
3522.82
3522.82
3522.82
3522.82
3522.82
3522.82
3522.82
3522.82
3522.82
3522.82
3522.82
3522.82
3522.82
3522.82
3522.82
3522.81
3522.81
3522.81
3522.81
3522.81
3522.81
3522.81
3522.81
3522.81
3522.81
3522.81
3522.8
3522.8
3522.8
3522.8
3522.8
3522.8
3522.8
3522.8
3522.8
3522.79
3522.79
3522.79
3522.79
3522.79
3522.79
3522.7
3522.7
3522.7
3522.7
3522.7
3522.7
3522.7
3522.69
3522.69
3522.69
3522.69
3522.69
3522.69
3522.69
3522.7
3522.7
3522.7
3522.7
3522.7
3522.7
3522.7
3522.7
3522.7
3522.7
3522.7
3522.7
3522.7
3522.7
3522.7
3522.7
3522.7
3522.7
3522.7
3522.7
3522.7
3522.7
3522.7
3522.7
3522.7
3522.7
3522.7
3522.7
3522.7
3522.7
3522.7
3522.7
3522.7
3522.7
3522.7
3522.7
3522.7
3522.7
3522.7
3522.7
3522.7
3522.7
3522.7
3522.7
3522.7
3522.7
3522.7
3522.7
3522.7
3522.7
3522.7
3522.7
3522.7
3522.7
3522.7
3522.7
3522.7
3522.7
3522.7
3522.7
3522.7
3522.7
3522.7
3522.7
3522.7
3522.7
3522.7
3522.7
3522.7
3522.7
3522.7
3522.7
3522.7
3522.7
3522.7
3522.7
3522.7
3522.7
3522.7
3522.7
3522.7
3522.7
3522.7
3522.7
3522.7
3522.7
3522.7
3522.7
3522.7
3522.7
3522.7
3522.7
3522.7
3522.7
3522.7
3522.7
3522.7
3522.7
3522.7
3522.7
3522.7
3522.7
3522.7
3522.7
3522.7
3522.7
3522.7
3522.7
3522.7
3522.7
3522.7
3522.7
3522.7
3522.7
3522.7
3522.7
3522.7
3522.7
3522.7
3522.7
3522.7
3522.7
3522.7
3522.7
3522.7
3522.7
3522.7
3522.7
3522.7
3522.7
3522.7
3522.7
3522.7
3522.7
3522.7
3522.7
3522.7
3522.7
3522.7
3522.7
3522.7
3522.7
3522.7
3522.7
3522.7
3522.7
3522.7
3522.7
3522.7
3522.7
3522.7
3522.7
3522.7
3522.7
3522.7
3522.7
3522.7
3522.69
3522.69
3522.69
3522.69
3522.69
3522.69
3522.69
3522.69
3522.69
3522.69
3522.69
3522.69
3522.69
3522.68
3522.68
3522.68
3522.68
3522.68
3522.68
3522.68
3522.68
3522.68
3522.68
3522.67
3522.67
3522.67
3522.67
3522.67
3522.67
3522.57
3522.57
3522.57
3522.57
3522.57
3522.57
3522.57
3522.57
3522.57
3522.57
3522.57
3522.57
3522.57
3522.57
3522.57
3522.57
3522.57
3522.57
3522.57
3522.58
3522.58
3522.58
3522.58
3522.58
3522.58
3522.58
3522.58
3522.58
3522.58
3522.58
3522.58
3522.58
3522.58
3522.58
3522.58
3522.58
3522.58
3522.58
3522.58
3522.58
3522.58
3522.58
3522.58
3522.58
3522.58
3522.58
3522.58
3522.58
3522.58
3522.58
3522.58
3522.58
3522.58
3522.58
3522.58
3522.58
3522.58
3522.58
3522.58
3522.58
3522.58
3522.58
3522.58
3522.58
3522.58
3522.58
3522.58
3522.58
3522.58
3522.58
3522.58
3522.58
3522.58
3522.58
3522.58
3522.58
3522.58
3522.58
3522.58
3522.58
3522.58
3522.58
3522.58
3522.58
3522.58
3522.58
3522.58
3522.58
3522.58
3522.58
3522.58
3522.58
3522.58
3522.58
3522.58
3522.58
3522.58
3522.58
3522.58
3522.58
3522.58
3522.58
3522.58
3522.58
3522.58
3522.58
3522.58
3522.58
3522.58
3522.58
3522.58
3522.58
3522.58
3522.58
3522.58
3522.58
3522.58
3522.58
3522.58
3522.58
3522.58
3522.58
3522.58
3522.58
3522.58
3522.58
3522.58
3522.58
3522.58
3522.58
3522.58
3522.58
3522.58
3522.58
3522.58
3522.58
3522.58
3522.58
3522.58
3522.58
3522.58
3522.58
3522.58
3522.58
3522.58
3522.58
3522.58
3522.58
3522.58
3522.58
3522.58
3522.58
3522.58
3522.58
3522.58
3522.58
3522.58
3522.58
3522.58
3522.58
3522.58
3522.58
3522.58
3522.58
3522.58
3522.58
3522.58
3522.58
3522.57
3522.57
3522.57
3522.57
3522.57
3522.57
3522.57
3522.57
3522.57
3522.57
3522.57
3522.57
3522.57
3522.57
3522.57
3522.56
3522.56
3522.56
3522.56
3522.56
3522.56
3522.56
3522.56
3522.56
3522.56
3522.56
3522.56
3522.55
3522.55
3522.55
3522.55
3522.55
3522.45
3522.45
3522.45
3522.45
3522.45
3522.45
3522.45
3522.44
3522.44
3522.44
3522.44
3522.44
3522.44
3522.45
3522.45
3522.45
3522.45
3522.45
3522.45
3522.45
3522.45
3522.45
3522.45
3522.46
3522.46
3522.46
3522.46
3522.46
3522.46
3522.46
3522.46
3522.46
3522.46
3522.46
3522.46
3522.46
3522.46
3522.46
3522.46
3522.46
3522.46
3522.46
3522.46
3522.46
3522.46
3522.46
3522.46
3522.46
3522.46
3522.46
3522.46
3522.46
3522.46
3522.46
3522.46
3522.46
3522.46
3522.46
3522.46
3522.46
3522.46
3522.46
3522.46
3522.46
3522.46
3522.46
3522.46
3522.46
3522.46
3522.46
3522.46
3522.46
3522.46
3522.46
3522.46
3522.46
3522.46
3522.46
3522.46
3522.46
3522.46
3522.46
3522.46
3522.46
3522.46
3522.46
3522.46
3522.46
3522.46
3522.46
3522.46
3522.46
3522.46
3522.46
3522.46
3522.46
3522.46
3522.46
3522.46
3522.46
3522.46
3522.46
3522.46
3522.46
3522.46
3522.46
3522.46
3522.46
3522.46
3522.46
3522.46
3522.46
3522.46
3522.46
3522.46
3522.46
3522.46
3522.46
3522.46
3522.46
3522.46
3522.46
3522.46
3522.46
3522.46
3522.46
3522.46
3522.46
3522.46
3522.46
3522.46
3522.46
3522.46
3522.46
3522.46
3522.46
3522.46
3522.46
3522.46
3522.46
3522.46
3522.46
3522.46
3522.46
3522.46
3522.46
3522.46
3522.46
3522.46
3522.46
3522.46
3522.46
3522.46
3522.46
3522.46
3522.46
3522.46
3522.46
3522.46
3522.46
3522.46
3522.46
3522.45
3522.45
3522.45
3522.45
3522.45
3522.45
3522.45
3522.45
3522.45
3522.45
3522.45
3522.45
3522.45
3522.45
3522.45
3522.45
3522.45
3522.45
3522.45
3522.45
3522.44
3522.44
3522.44
3522.44
3522.44
3522.44
3522.44
3522.44
3522.44
3522.44
3522.44
3522.44
3522.44
3522.44
3522.43
3522.43
3522.43
3522.44
3522.33
3522.33
3522.33
3522.32
3522.32
3522.32
3522.32
3522.32
3522.32
3522.32
3522.32
3522.32
3522.32
3522.32
3522.32
3522.32
3522.33
3522.33
3522.33
3522.33
3522.33
3522.33
3522.33
3522.33
3522.33
3522.33
3522.34
3522.34
3522.34
3522.34
3522.34
3522.34
3522.34
3522.34
3522.34
3522.34
3522.34
3522.34
3522.34
3522.34
3522.34
3522.34
3522.34
3522.34
3522.34
3522.34
3522.34
3522.34
3522.34
3522.34
3522.34
3522.34
3522.34
3522.34
3522.34
3522.34
3522.34
3522.34
3522.34
3522.34
3522.34
3522.33
3522.33
3522.33
3522.33
3522.33
3522.33
3522.33
3522.33
3522.33
3522.33
3522.33
3522.33
3522.33
3522.33
3522.33
3522.33
3522.33
3522.33
3522.33
3522.33
3522.33
3522.33
3522.33
3522.33
3522.33
3522.33
3522.33
3522.33
3522.33
3522.33
3522.33
3522.33
3522.33
3522.33
3522.33
3522.33
3522.33
3522.33
3522.33
3522.33
3522.33
3522.33
3522.33
3522.33
3522.33
3522.33
3522.33
3522.33
3522.33
3522.33
3522.33
3522.33
3522.33
3522.33
3522.33
3522.33
3522.33
3522.33
3522.33
3522.33
3522.33
3522.33
3522.33
3522.33
3522.33
3522.33
3522.34
3522.34
3522.34
3522.34
3522.34
3522.34
3522.34
3522.34
3522.34
3522.34
3522.34
3522.34
3522.34
3522.34
3522.34
3522.34
3522.34
3522.34
3522.34
3522.34
3522.34
3522.34
3522.33
3522.33
3522.33
3522.33
3522.33
3522.33
3522.33
3522.33
3522.33
3522.33
3522.33
3522.33
3522.33
3522.33
3522.33
3522.33
3522.33
3522.33
3522.33
3522.33
3522.33
3522.33
3522.33
3522.33
3522.33
3522.33
3522.33
3522.33
3522.33
3522.33
3522.33
3522.33
3522.32
3522.32
3522.32
3522.32
3522.32
3522.32
3522.32
3522.32
3522.32
3522.32
3522.32
3522.32
3522.32
3522.32
3522.32
3522.32
3522.32
3522.32
3522.32
3522.2
3522.2
3522.2
3522.2
3522.2
3522.2
3522.19
3522.19
3522.19
3522.19
3522.19
3522.19
3522.19
3522.2
3522.2
3522.2
3522.2
3522.2
3522.2
3522.21
3522.21
3522.21
3522.21
3522.21
3522.21
3522.21
3522.21
3522.21
3522.21
3522.21
3522.21
3522.21
3522.21
3522.21
3522.21
3522.21
3522.21
3522.21
3522.21
3522.21
3522.21
3522.21
3522.21
3522.21
3522.21
3522.21
3522.21
3522.21
3522.21
3522.21
3522.21
3522.21
3522.21
3522.21
3522.21
3522.21
3522.21
3522.21
3522.21
3522.21
3522.21
3522.21
3522.21
3522.21
3522.21
3522.21
3522.21
3522.21
3522.21
3522.21
3522.21
3522.21
3522.21
3522.21
3522.21
3522.21
3522.21
3522.21
3522.21
3522.21
3522.21
3522.21
3522.21
3522.21
3522.21
3522.21
3522.21
3522.21
3522.21
3522.21
3522.21
3522.21
3522.21
3522.21
3522.21
3522.21
3522.21
3522.21
3522.21
3522.21
3522.21
3522.21
3522.21
3522.21
3522.21
3522.21
3522.21
3522.21
3522.21
3522.21
3522.21
3522.21
3522.21
3522.21
3522.21
3522.21
3522.21
3522.21
3522.21
3522.21
3522.21
3522.21
3522.21
3522.21
3522.21
3522.21
3522.21
3522.21
3522.21
3522.21
3522.21
3522.21
3522.21
3522.21
3522.21
3522.21
3522.21
3522.21
3522.21
3522.21
3522.21
3522.21
3522.21
3522.21
3522.21
3522.21
3522.21
3522.21
3522.21
3522.21
3522.21
3522.21
3522.21
3522.21
3522.21
3522.21
3522.21
3522.21
3522.21
3522.21
3522.21
3522.21
3522.21
3522.21
3522.21
3522.21
3522.21
3522.21
3522.21
3522.21
3522.21
3522.21
3522.21
3522.21
3522.21
3522.21
3522.21
3522.21
3522.21
3522.2
3522.2
3522.2
3522.2
3522.2
3522.2
3522.2
3522.2
3522.2
3522.2
3522.2
3522.2
3522.2
3522.2
3522.2
3522.2
3522.2
3522.2
3522.2
3522.2
3522.2
3522.09
3522.07
3522.08
3522.07
3522.07
3522.07
3522.07
3522.07
3522.07
3522.07
3522.07
3522.07
3522.07
3522.07
3522.07
3522.08
3522.08
3522.08
3522.08
3522.08
3522.09
3522.09
3522.09
3522.09
3522.09
3522.09
3522.09
3522.09
3522.09
3522.09
3522.09
3522.09
3522.09
3522.09
3522.09
3522.09
3522.09
3522.09
3522.09
3522.09
3522.09
3522.09
3522.09
3522.09
3522.09
3522.09
3522.09
3522.09
3522.09
3522.09
3522.09
3522.09
3522.09
3522.09
3522.09
3522.09
3522.09
3522.09
3522.09
3522.09
3522.09
3522.09
3522.09
3522.09
3522.09
3522.09
3522.09
3522.09
3522.09
3522.09
3522.09
3522.09
3522.09
3522.09
3522.09
3522.09
3522.09
3522.09
3522.09
3522.09
3522.09
3522.09
3522.09
3522.09
3522.09
3522.09
3522.09
3522.09
3522.09
3522.09
3522.09
3522.09
3522.09
3522.09
3522.09
3522.09
3522.09
3522.09
3522.09
3522.09
3522.09
3522.09
3522.09
3522.09
3522.09
3522.09
3522.09
3522.09
3522.09
3522.09
3522.09
3522.09
3522.09
3522.09
3522.09
3522.09
3522.09
3522.09
3522.09
3522.09
3522.09
3522.09
3522.09
3522.09
3522.09
3522.09
3522.09
3522.09
3522.09
3522.09
3522.09
3522.09
3522.09
3522.09
3522.09
3522.09
3522.09
3522.09
3522.09
3522.09
3522.09
3522.09
3522.09
3522.09
3522.09
3522.09
3522.09
3522.09
3522.09
3522.09
3522.09
3522.09
3522.09
3522.09
3522.09
3522.09
3522.09
3522.09
3522.09
3522.09
3522.09
3522.09
3522.09
3522.09
3522.09
3522.09
3522.09
3522.09
3522.09
3522.09
3522.09
3522.09
3522.09
3522.09
3522.09
3522.09
3522.09
3522.08
3522.08
3522.08
3522.08
3522.08
3522.08
3522.08
3522.08
3522.08
3522.08
3522.08
3522.08
3522.08
3522.08
3522.08
3522.08
3522.08
3522.08
3522.08
3522.08
3522.08
3522.08
3522.08
3521.86
3522.11
3521.97
3521.95
3521.95
3521.95
3521.94
3521.94
3521.95
3521.95
3521.94
3521.94
3521.94
3521.95
3521.95
3521.95
3521.95
3521.96
3521.96
3521.96
3521.96
3521.96
3521.97
3521.97
3521.97
3521.97
3521.97
3521.97
3521.97
3521.97
3521.97
3521.97
3521.97
3521.97
3521.97
3521.97
3521.97
3521.97
3521.97
3521.97
3521.97
3521.97
3521.97
3521.97
3521.97
3521.97
3521.97
3521.97
3521.97
3521.97
3521.97
3521.97
3521.97
3521.97
3521.97
3521.97
3521.97
3521.97
3521.97
3521.97
3521.97
3521.97
3521.97
3521.97
3521.97
3521.97
3521.97
3521.97
3521.97
3521.97
3521.97
3521.97
3521.97
3521.97
3521.97
3521.97
3521.97
3521.97
3521.97
3521.97
3521.97
3521.97
3521.97
3521.97
3521.97
3521.97
3521.97
3521.97
3521.97
3521.97
3521.97
3521.97
3521.97
3521.97
3521.97
3521.97
3521.97
3521.97
3521.97
3521.97
3521.97
3521.97
3521.97
3521.97
3521.97
3521.97
3521.97
3521.97
3521.97
3521.97
3521.97
3521.97
3521.97
3521.97
3521.97
3521.97
3521.97
3521.97
3521.97
3521.97
3521.97
3521.97
3521.97
3521.97
3521.97
3521.97
3521.97
3521.97
3521.97
3521.97
3521.97
3521.97
3521.97
3521.97
3521.97
3521.97
3521.97
3521.97
3521.97
3521.97
3521.97
3521.97
3521.97
3521.97
3521.97
3521.97
3521.97
3521.97
3521.97
3521.97
3521.97
3521.97
3521.97
3521.97
3521.97
3521.97
3521.97
3521.97
3521.97
3521.97
3521.97
3521.97
3521.97
3521.97
3521.97
3521.97
3521.97
3521.97
3521.97
3521.97
3521.97
3521.97
3521.97
3521.97
3521.96
3521.96
3521.96
3521.96
3521.96
3521.96
3521.96
3521.96
3521.96
3521.96
3521.96
3521.96
3521.96
3521.96
3521.96
3521.96
3521.96
3521.96
3521.96
3521.96
3521.96
3521.96
3521.96
3521.96
3521.96
3521.96
3522.56
3520.09
3521.46
3521.78
3521.85
3521.86
3521.87
3521.89
3521.91
3521.91
3521.89
3521.87
3521.84
3521.83
3521.83
3521.83
3521.83
3521.83
3521.84
3521.84
3521.84
3521.84
3521.84
3521.84
3521.85
3521.85
3521.85
3521.85
3521.85
3521.85
3521.85
3521.85
3521.85
3521.85
3521.85
3521.85
3521.85
3521.85
3521.85
3521.85
3521.85
3521.85
3521.85
3521.85
3521.85
3521.85
3521.85
3521.85
3521.85
3521.85
3521.85
3521.85
3521.85
3521.85
3521.85
3521.85
3521.85
3521.85
3521.85
3521.85
3521.85
3521.85
3521.85
3521.85
3521.85
3521.85
3521.85
3521.85
3521.85
3521.85
3521.85
3521.85
3521.85
3521.85
3521.85
3521.85
3521.85
3521.85
3521.85
3521.85
3521.85
3521.85
3521.85
3521.85
3521.85
3521.85
3521.85
3521.85
3521.85
3521.85
3521.85
3521.85
3521.85
3521.85
3521.85
3521.85
3521.85
3521.85
3521.85
3521.85
3521.85
3521.85
3521.85
3521.85
3521.85
3521.85
3521.85
3521.85
3521.85
3521.85
3521.85
3521.85
3521.85
3521.85
3521.85
3521.85
3521.85
3521.85
3521.85
3521.85
3521.85
3521.85
3521.85
3521.85
3521.85
3521.85
3521.85
3521.85
3521.85
3521.85
3521.85
3521.85
3521.85
3521.85
3521.85
3521.85
3521.85
3521.85
3521.85
3521.85
3521.85
3521.85
3521.85
3521.85
3521.85
3521.85
3521.85
3521.85
3521.85
3521.85
3521.85
3521.85
3521.85
3521.85
3521.85
3521.85
3521.85
3521.85
3521.85
3521.85
3521.85
3521.85
3521.85
3521.85
3521.85
3521.85
3521.85
3521.85
3521.85
3521.84
3521.84
3521.84
3521.84
3521.84
3521.84
3521.84
3521.84
3521.84
3521.84
3521.84
3521.84
3521.84
3521.84
3521.84
3521.84
3521.84
3521.84
3521.84
3521.84
3521.84
3521.84
3521.84
3521.84
3521.84
3521.84
3521.84
3521.84
3521.84
3521.84
3521.84
3520.6
3535.61
3526.89
3523.04
3522
3522.08
3522.28
3522.51
3522.67
3522.69
3522.53
3522.26
3521.98
3521.81
3521.73
3521.71
3521.71
3521.71
3521.71
3521.72
3521.72
3521.72
3521.72
3521.72
3521.72
3521.72
3521.73
3521.73
3521.73
3521.73
3521.73
3521.73
3521.73
3521.73
3521.73
3521.73
3521.73
3521.73
3521.73
3521.73
3521.73
3521.73
3521.73
3521.73
3521.73
3521.73
3521.73
3521.73
3521.73
3521.73
3521.73
3521.73
3521.73
3521.73
3521.73
3521.73
3521.73
3521.73
3521.73
3521.73
3521.73
3521.73
3521.73
3521.73
3521.73
3521.72
3521.72
3521.72
3521.72
3521.72
3521.72
3521.72
3521.72
3521.72
3521.72
3521.72
3521.72
3521.72
3521.72
3521.72
3521.72
3521.72
3521.72
3521.72
3521.72
3521.72
3521.72
3521.72
3521.72
3521.72
3521.72
3521.72
3521.72
3521.72
3521.72
3521.72
3521.72
3521.72
3521.72
3521.72
3521.72
3521.72
3521.72
3521.72
3521.72
3521.72
3521.72
3521.72
3521.72
3521.72
3521.72
3521.72
3521.72
3521.72
3521.72
3521.72
3521.72
3521.72
3521.73
3521.73
3521.73
3521.73
3521.73
3521.73
3521.73
3521.73
3521.73
3521.73
3521.73
3521.73
3521.73
3521.73
3521.73
3521.73
3521.73
3521.73
3521.73
3521.73
3521.73
3521.73
3521.73
3521.73
3521.73
3521.73
3521.73
3521.73
3521.73
3521.73
3521.73
3521.73
3521.73
3521.73
3521.73
3521.73
3521.73
3521.73
3521.73
3521.73
3521.73
3521.73
3521.72
3521.72
3521.72
3521.72
3521.72
3521.72
3521.72
3521.72
3521.72
3521.72
3521.72
3521.72
3521.72
3521.72
3521.72
3521.72
3521.72
3521.72
3521.72
3521.72
3521.72
3521.72
3521.72
3521.72
3521.72
3521.72
3521.72
3521.72
3521.72
3521.72
3521.72
3521.72
3521.72
3521.72
3521.72
3521.72
3521.72
3521.72
3521.72
3521.72
3510.74
3452.66
3483.22
3509.24
3521.39
3524.49
3525.97
3527.47
3528.68
3528.99
3528.11
3526.26
3524.2
3522.69
3521.92
3521.66
3521.6
3521.59
3521.59
3521.6
3521.6
3521.6
3521.6
3521.6
3521.6
3521.6
3521.6
3521.6
3521.6
3521.6
3521.61
3521.61
3521.61
3521.61
3521.61
3521.61
3521.61
3521.61
3521.61
3521.61
3521.61
3521.61
3521.61
3521.61
3521.61
3521.6
3521.6
3521.6
3521.6
3521.6
3521.6
3521.6
3521.6
3521.6
3521.6
3521.6
3521.6
3521.6
3521.6
3521.6
3521.6
3521.6
3521.6
3521.6
3521.6
3521.6
3521.6
3521.6
3521.6
3521.6
3521.6
3521.6
3521.6
3521.6
3521.6
3521.6
3521.6
3521.6
3521.6
3521.6
3521.6
3521.6
3521.6
3521.6
3521.6
3521.6
3521.6
3521.6
3521.6
3521.6
3521.6
3521.6
3521.6
3521.6
3521.6
3521.6
3521.6
3521.6
3521.6
3521.6
3521.6
3521.6
3521.6
3521.6
3521.6
3521.6
3521.6
3521.6
3521.6
3521.6
3521.6
3521.6
3521.6
3521.6
3521.6
3521.6
3521.6
3521.6
3521.6
3521.6
3521.6
3521.6
3521.6
3521.6
3521.6
3521.6
3521.6
3521.6
3521.6
3521.6
3521.6
3521.6
3521.6
3521.6
3521.6
3521.6
3521.6
3521.6
3521.6
3521.6
3521.6
3521.6
3521.6
3521.6
3521.6
3521.6
3521.6
3521.6
3521.6
3521.6
3521.6
3521.6
3521.6
3521.6
3521.6
3521.6
3521.6
3521.6
3521.6
3521.6
3521.6
3521.6
3521.6
3521.6
3521.6
3521.6
3521.6
3521.6
3521.6
3521.6
3521.6
3521.6
3521.6
3521.6
3521.6
3521.6
3521.6
3521.6
3521.6
3521.6
3521.6
3521.6
3521.6
3521.6
3521.6
3521.6
3521.6
3521.6
3521.6
3521.6
3521.6
3521.6
3521.6
3521.6
3521.6
3521.6
3521.6
3521.6
3521.6
3521.6
3611.89
3720.39
3697.12
3621.71
3559.04
3539.51
3543.02
3551.39
3558.18
3560.95
3558.07
3549.8
3539.03
3529.77
3524.36
3522.21
3521.61
3521.49
3521.47
3521.47
3521.48
3521.48
3521.48
3521.48
3521.48
3521.48
3521.48
3521.48
3521.48
3521.48
3521.48
3521.48
3521.48
3521.48
3521.48
3521.48
3521.48
3521.48
3521.48
3521.48
3521.48
3521.48
3521.48
3521.48
3521.48
3521.48
3521.48
3521.48
3521.48
3521.48
3521.48
3521.48
3521.48
3521.48
3521.48
3521.48
3521.48
3521.48
3521.48
3521.48
3521.48
3521.48
3521.48
3521.48
3521.48
3521.48
3521.48
3521.48
3521.48
3521.48
3521.48
3521.48
3521.48
3521.48
3521.48
3521.48
3521.48
3521.48
3521.48
3521.48
3521.48
3521.48
3521.48
3521.48
3521.48
3521.48
3521.48
3521.48
3521.48
3521.48
3521.48
3521.48
3521.48
3521.48
3521.48
3521.48
3521.48
3521.48
3521.48
3521.48
3521.48
3521.48
3521.48
3521.48
3521.48
3521.48
3521.48
3521.48
3521.48
3521.48
3521.48
3521.48
3521.48
3521.48
3521.48
3521.48
3521.48
3521.48
3521.48
3521.48
3521.48
3521.48
3521.48
3521.48
3521.48
3521.48
3521.48
3521.48
3521.48
3521.48
3521.48
3521.48
3521.48
3521.48
3521.48
3521.48
3521.48
3521.48
3521.48
3521.48
3521.48
3521.48
3521.48
3521.48
3521.48
3521.48
3521.48
3521.48
3521.48
3521.48
3521.48
3521.48
3521.48
3521.48
3521.48
3521.48
3521.48
3521.48
3521.48
3521.48
3521.48
3521.48
3521.48
3521.48
3521.48
3521.48
3521.48
3521.48
3521.48
3521.48
3521.48
3521.48
3521.48
3521.48
3521.48
3521.48
3521.48
3521.48
3521.48
3521.48
3521.48
3521.48
3521.48
3521.48
3521.48
3521.48
3521.48
3521.48
3521.48
3521.48
3521.48
3521.48
3521.48
3521.48
3521.48
3521.48
3521.48
3521.48
3521.48
3521.48
3242.4
3129.16
3146.05
3290.87
3443.77
3549.35
3605.48
3635.58
3657.99
3672.55
3670.06
3646.38
3607.61
3567.65
3539.76
3526.69
3522.5
3521.54
3521.38
3521.36
3521.36
3521.36
3521.36
3521.36
3521.36
3521.36
3521.36
3521.36
3521.36
3521.36
3521.36
3521.36
3521.36
3521.36
3521.36
3521.36
3521.36
3521.36
3521.36
3521.36
3521.36
3521.36
3521.36
3521.36
3521.36
3521.36
3521.36
3521.36
3521.36
3521.36
3521.36
3521.36
3521.36
3521.36
3521.36
3521.36
3521.36
3521.36
3521.36
3521.36
3521.36
3521.36
3521.36
3521.36
3521.36
3521.36
3521.36
3521.36
3521.36
3521.36
3521.36
3521.36
3521.36
3521.36
3521.36
3521.36
3521.36
3521.36
3521.36
3521.36
3521.36
3521.36
3521.36
3521.36
3521.36
3521.36
3521.36
3521.36
3521.36
3521.36
3521.36
3521.36
3521.36
3521.36
3521.36
3521.36
3521.36
3521.36
3521.36
3521.36
3521.36
3521.36
3521.36
3521.36
3521.36
3521.36
3521.36
3521.36
3521.36
3521.36
3521.36
3521.36
3521.36
3521.36
3521.36
3521.36
3521.36
3521.36
3521.36
3521.36
3521.36
3521.36
3521.36
3521.36
3521.36
3521.36
3521.36
3521.36
3521.36
3521.36
3521.36
3521.36
3521.36
3521.36
3521.36
3521.36
3521.36
3521.36
3521.36
3521.36
3521.36
3521.36
3521.36
3521.36
3521.36
3521.36
3521.36
3521.36
3521.36
3521.36
3521.36
3521.36
3521.36
3521.36
3521.36
3521.36
3521.36
3521.36
3521.36
3521.36
3521.36
3521.36
3521.36
3521.36
3521.36
3521.36
3521.36
3521.36
3521.36
3521.36
3521.36
3521.36
3521.36
3521.36
3521.36
3521.36
3521.36
3521.36
3521.36
3521.36
3521.36
3521.36
3521.36
3521.36
3521.36
3521.36
3521.36
3521.36
3521.36
3521.36
3521.36
3521.36
3521.36
3521.36
3521.36
3521.36
3521.36
3521.36
3521.36
3521.36
4678.04
4542
4346.69
4037.64
3784.71
3680.81
3677.71
3740.6
3836.93
3921.34
3956.67
3925.86
3834.11
3712.72
3609.06
3550.52
3528.4
3522.57
3521.43
3521.26
3521.24
3521.24
3521.24
3521.24
3521.24
3521.24
3521.24
3521.24
3521.24
3521.24
3521.24
3521.24
3521.24
3521.24
3521.24
3521.24
3521.24
3521.24
3521.24
3521.24
3521.24
3521.24
3521.24
3521.24
3521.24
3521.24
3521.24
3521.24
3521.24
3521.24
3521.24
3521.24
3521.24
3521.24
3521.24
3521.24
3521.24
3521.24
3521.24
3521.24
3521.24
3521.24
3521.24
3521.24
3521.24
3521.24
3521.24
3521.24
3521.24
3521.24
3521.24
3521.24
3521.24
3521.24
3521.24
3521.24
3521.24
3521.24
3521.24
3521.24
3521.24
3521.24
3521.24
3521.24
3521.24
3521.24
3521.24
3521.24
3521.24
3521.24
3521.24
3521.24
3521.24
3521.24
3521.24
3521.24
3521.24
3521.24
3521.24
3521.24
3521.24
3521.24
3521.24
3521.24
3521.24
3521.24
3521.24
3521.24
3521.24
3521.24
3521.24
3521.24
3521.24
3521.24
3521.24
3521.24
3521.24
3521.24
3521.24
3521.24
3521.24
3521.24
3521.24
3521.24
3521.24
3521.24
3521.24
3521.24
3521.24
3521.24
3521.24
3521.24
3521.24
3521.24
3521.24
3521.24
3521.24
3521.24
3521.24
3521.24
3521.24
3521.24
3521.24
3521.24
3521.24
3521.24
3521.24
3521.24
3521.24
3521.24
3521.24
3521.24
3521.24
3521.24
3521.24
3521.24
3521.24
3521.24
3521.24
3521.24
3521.24
3521.24
3521.24
3521.24
3521.24
3521.24
3521.24
3521.24
3521.24
3521.24
3521.24
3521.24
3521.24
3521.24
3521.24
3521.24
3521.24
3521.24
3521.24
3521.24
3521.24
3521.24
3521.24
3521.24
3521.24
3521.24
3521.24
3521.24
3521.24
3521.24
3521.24
3521.24
3521.24
3521.24
3521.24
3521.24
3521.24
3521.24
3521.24
3521.24
4701.31
4696.6
4689.28
4611.67
4488.25
4366.49
4266.94
4208.87
4206.58
4272.58
4383.72
4443.05
4348.85
4107.37
3833.11
3641.97
3555.15
3528.23
3522.26
3521.26
3521.13
3521.12
3521.12
3521.12
3521.12
3521.12
3521.12
3521.12
3521.12
3521.12
3521.12
3521.12
3521.12
3521.12
3521.12
3521.12
3521.12
3521.12
3521.12
3521.12
3521.12
3521.12
3521.12
3521.12
3521.12
3521.12
3521.12
3521.12
3521.12
3521.12
3521.12
3521.12
3521.12
3521.12
3521.12
3521.12
3521.12
3521.12
3521.12
3521.12
3521.12
3521.12
3521.12
3521.12
3521.12
3521.12
3521.12
3521.12
3521.12
3521.12
3521.12
3521.12
3521.12
3521.12
3521.12
3521.11
3521.11
3521.11
3521.11
3521.11
3521.11
3521.11
3521.11
3521.11
3521.11
3521.11
3521.11
3521.11
3521.11
3521.11
3521.11
3521.11
3521.11
3521.11
3521.11
3521.11
3521.11
3521.11
3521.11
3521.11
3521.11
3521.11
3521.12
3521.12
3521.12
3521.12
3521.12
3521.12
3521.12
3521.12
3521.12
3521.12
3521.12
3521.12
3521.12
3521.12
3521.12
3521.12
3521.12
3521.12
3521.12
3521.12
3521.12
3521.12
3521.12
3521.12
3521.12
3521.12
3521.12
3521.12
3521.12
3521.12
3521.12
3521.12
3521.12
3521.12
3521.12
3521.12
3521.12
3521.12
3521.12
3521.12
3521.12
3521.12
3521.12
3521.12
3521.12
3521.12
3521.12
3521.12
3521.12
3521.12
3521.12
3521.12
3521.12
3521.12
3521.12
3521.12
3521.12
3521.12
3521.12
3521.12
3521.12
3521.12
3521.12
3521.12
3521.12
3521.12
3521.12
3521.12
3521.12
3521.12
3521.12
3521.12
3521.12
3521.12
3521.12
3521.12
3521.12
3521.12
3521.12
3521.12
3521.12
3521.12
3521.12
3521.11
3521.11
3521.11
3521.11
3521.11
3521.11
3521.11
3521.11
3521.11
3521.12
3521.12
3521.12
3521.12
3521.12
3521.12
4700.93
4708.6
4718.8
4703.88
4672.87
4639.85
4610.97
4595.68
4592.98
4590.95
4609.24
4693.26
4786.31
4674.87
4290.66
3880.88
3640.5
3549.67
3526.1
3521.7
3521.07
3521
3521
3521
3521
3521
3521
3521
3521
3521
3521
3521
3521
3521
3521
3521
3521
3521
3521
3521
3521
3521
3521
3521
3521
3521
3521
3521
3521
3521
3521
3521
3521
3521
3520.99
3520.99
3520.99
3520.99
3520.99
3520.99
3520.99
3520.99
3520.99
3520.99
3520.99
3520.99
3520.99
3520.99
3520.99
3520.99
3520.99
3520.99
3520.99
3520.99
3520.99
3520.99
3520.99
3520.99
3520.99
3520.99
3520.99
3520.99
3520.99
3520.99
3520.99
3520.99
3520.99
3520.99
3520.99
3520.99
3520.99
3520.99
3520.99
3520.99
3520.99
3520.99
3520.99
3520.99
3520.99
3520.99
3520.99
3520.99
3520.99
3520.99
3520.99
3520.99
3520.99
3520.99
3520.99
3520.99
3520.99
3520.99
3520.99
3520.99
3520.99
3520.99
3520.99
3520.99
3520.99
3520.99
3520.99
3520.99
3520.99
3520.99
3520.99
3520.99
3520.99
3520.99
3520.99
3520.99
3520.99
3520.99
3520.99
3520.99
3520.99
3520.99
3520.99
3520.99
3520.99
3520.99
3521
3521
3521
3521
3521
3521
3521
3521
3521
3521
3521
3521
3521
3521
3521
3521
3521
3521
3521
3521
3521
3521
3521
3521
3521
3521
3521
3521
3521
3521
3521
3521
3521
3521
3521
3521
3521
3521
3520.99
3520.99
3520.99
3520.99
3520.99
3520.99
3520.99
3520.99
3520.99
3520.99
3520.99
3520.99
3520.99
3520.99
3520.99
3520.99
3520.99
3521
3521
3521
3521
3521
4702.17
4708.58
4714.51
4706.08
4691.72
4684.27
4687.17
4696.54
4704.83
4709.83
4730.65
4791.38
4853.69
4786.82
4497.63
4089.68
3760.66
3591.84
3535.48
3523.04
3521.13
3520.91
3520.89
3520.88
3520.88
3520.88
3520.88
3520.88
3520.88
3520.88
3520.88
3520.88
3520.88
3520.88
3520.88
3520.88
3520.88
3520.88
3520.88
3520.88
3520.88
3520.88
3520.88
3520.88
3520.88
3520.88
3520.88
3520.88
3520.88
3520.88
3520.88
3520.88
3520.88
3520.88
3520.88
3520.88
3520.88
3520.88
3520.88
3520.88
3520.88
3520.88
3520.88
3520.88
3520.88
3520.88
3520.88
3520.88
3520.88
3520.88
3520.88
3520.88
3520.88
3520.88
3520.88
3520.88
3520.88
3520.88
3520.88
3520.88
3520.88
3520.88
3520.88
3520.88
3520.88
3520.88
3520.88
3520.88
3520.88
3520.88
3520.88
3520.88
3520.88
3520.88
3520.88
3520.88
3520.88
3520.88
3520.88
3520.88
3520.88
3520.88
3520.88
3520.88
3520.88
3520.88
3520.88
3520.88
3520.88
3520.88
3520.88
3520.88
3520.88
3520.88
3520.88
3520.88
3520.88
3520.88
3520.88
3520.88
3520.88
3520.88
3520.88
3520.88
3520.88
3520.88
3520.88
3520.88
3520.88
3520.88
3520.88
3520.88
3520.88
3520.88
3520.88
3520.88
3520.88
3520.88
3520.88
3520.88
3520.88
3520.88
3520.88
3520.88
3520.88
3520.88
3520.88
3520.88
3520.88
3520.88
3520.88
3520.88
3520.88
3520.88
3520.88
3520.88
3520.88
3520.88
3520.88
3520.88
3520.88
3520.88
3520.88
3520.88
3520.88
3520.88
3520.88
3520.88
3520.88
3520.88
3520.88
3520.88
3520.88
3520.88
3520.88
3520.88
3520.88
3520.88
3520.88
3520.88
3520.88
3520.88
3520.88
3520.88
3520.88
3520.88
3520.88
3520.88
3520.88
3520.88
3520.88
3520.88
3520.88
3520.88
3520.88
3520.88
3520.88
3520.88
3520.88
3520.88
)
;

boundaryField
{
    inletTop
    {
        type            calculated;
        value           uniform 4704.92;
    }
    inletBottom
    {
        type            calculated;
        value           uniform 3525.69;
    }
    outletTop
    {
        type            calculated;
        value           nonuniform List<scalar> 4(3521.24 3521.12 3521 3520.88);
    }
    walls
    {
        type            calculated;
        value           nonuniform List<scalar> 
464
(
3242.4
3611.89
3510.74
3520.6
3522.56
3521.86
3522.09
3522.2
3522.33
3522.45
3522.57
3522.7
3522.82
3522.95
3523.07
3523.2
3523.32
3523.45
3523.57
3523.7
3523.82
3523.95
3524.07
3524.2
3524.32
3524.45
3524.57
3524.69
3524.81
3524.96
3525.03
3525.07
3520.88
3520.88
3520.88
3520.88
3520.88
3520.88
3520.88
3520.88
3520.88
3520.88
3520.88
3520.88
3520.88
3520.88
3520.88
3520.88
3520.88
3520.88
3520.88
3520.88
3520.88
3520.88
3520.88
3520.88
3520.88
3520.88
3520.88
3520.88
3520.88
3520.88
3520.88
3520.88
3520.88
3520.88
3520.88
3520.88
3520.88
3520.88
3520.88
3520.88
3520.88
3520.88
3520.88
3520.88
3520.88
3520.88
3520.88
3520.88
3520.88
3520.88
3520.88
3520.88
3520.88
3520.88
3520.88
3520.88
3520.88
3520.88
3520.88
3520.88
3520.88
3520.88
3520.88
3520.88
3520.88
3520.88
3520.88
3520.88
3520.88
3520.88
3520.88
3520.88
3520.88
3520.88
3520.88
3520.88
3520.88
3520.88
3520.88
3520.88
3520.88
3520.88
3520.88
3520.88
3520.88
3520.88
3520.88
3520.88
3520.88
3520.88
3520.88
3520.88
3520.88
3520.88
3520.88
3520.88
3520.88
3520.88
3520.88
3520.88
3520.88
3520.88
3520.88
3520.88
3520.88
3520.88
3520.88
3520.88
3520.88
3520.88
3520.88
3520.88
3520.88
3520.88
3520.88
3520.88
3520.88
3520.88
3520.88
3520.88
3520.88
3520.88
3520.88
3520.88
3520.88
3520.88
3520.88
3520.88
3520.88
3520.88
3520.88
3520.88
3520.88
3520.88
3520.88
3520.88
3520.88
3520.88
3520.88
3520.88
3520.88
3520.88
3520.88
3520.88
3520.88
3520.88
3520.88
3520.88
3520.88
3520.88
3520.88
3520.88
3520.88
3520.88
3520.88
3520.88
3520.88
3520.88
3520.88
3520.88
3520.88
3520.88
3520.88
3520.88
3520.88
3520.88
3520.88
3520.88
3520.88
3520.88
3520.88
3520.88
3520.88
3520.88
3520.88
3520.88
3520.88
3520.89
3520.91
3521.13
3523.04
3535.48
3591.84
3760.66
4089.68
4497.63
4786.82
4853.69
4791.38
4730.65
4709.83
4704.83
4696.54
4687.17
4684.27
4691.72
4706.08
4714.51
4708.58
4702.17
3525.69
3525.69
3525.66
3525.68
3525.72
3525.67
3525.58
3525.53
3525.56
3525.59
3525.61
3525.62
3525.63
3525.63
3525.63
3525.63
3525.63
3525.63
3525.63
3525.63
3525.63
3525.63
3525.63
3525.63
3525.63
3525.63
3525.63
3525.63
3525.63
3525.63
3525.63
3525.63
3525.63
3525.63
3525.63
3525.63
3525.63
3525.63
3525.63
3525.62
3525.62
3525.62
3525.62
3525.62
3525.62
3525.62
3525.62
3525.62
3525.62
3525.62
3525.62
3525.62
3525.62
3525.62
3525.62
3525.62
3525.62
3525.62
3525.62
3525.62
3525.62
3525.62
3525.62
3525.62
3525.62
3525.62
3525.62
3525.62
3525.62
3525.62
3525.62
3525.62
3525.62
3525.62
3525.62
3525.62
3525.62
3525.62
3525.62
3525.62
3525.62
3525.62
3525.62
3525.62
3525.62
3525.62
3525.62
3525.62
3525.62
3525.62
3525.62
3525.62
3525.62
3525.62
3525.62
3525.62
3525.62
3525.62
3525.62
3525.62
3525.62
3525.62
3525.62
3525.62
3525.62
3525.62
3525.62
3525.62
3525.62
3525.62
3525.62
3525.62
3525.62
3525.62
3525.62
3525.62
3525.62
3525.62
3525.62
3525.62
3525.62
3525.62
3525.62
3525.62
3525.62
3525.62
3525.62
3525.62
3525.62
3525.62
3525.62
3525.62
3525.62
3525.62
3525.62
3525.62
3525.62
3525.62
3525.62
3525.62
3525.62
3525.62
3525.62
3525.62
3525.62
3525.62
3525.62
3525.62
3525.62
3525.62
3525.62
3525.62
3525.62
3525.62
3525.62
3525.62
3525.62
3525.62
3525.62
3525.62
3525.62
3525.62
3525.62
3525.62
3525.62
3525.62
3525.62
3525.62
3525.62
3525.62
3525.62
3525.62
3525.62
3525.62
3525.62
3525.62
3525.62
3525.62
3525.62
3525.62
3525.62
3525.62
3525.62
3525.62
3525.62
3525.62
3525.62
3525.62
3525.62
3525.62
3525.63
3525.6
3525.64
3525.59
3525.64
3525.59
3525.63
3525.59
3525.61
3525.58
3524.99
3524.88
3524.77
3524.66
3524.55
3524.44
3524.32
3524.21
3524.09
3523.97
3523.86
3523.74
3523.62
3523.5
3523.39
3523.27
3523.15
3523.03
3522.91
3522.79
3522.67
3522.55
3522.44
3522.32
3522.2
3522.08
3521.96
3521.84
3521.72
3521.6
3521.48
3521.36
)
;
    }
    front
    {
        type            empty;
    }
    back
    {
        type            empty;
    }
    outletBottom
    {
        type            calculated;
        value           nonuniform List<scalar> 4(3525.58 3525.4 3525.23 3525.1);
    }
}


// ************************************************************************* //
