/*--------------------------------*- C++ -*----------------------------------*\
  =========                 |
  \\      /  F ield         | OpenFOAM: The Open Source CFD Toolbox
   \\    /   O peration     | Website:  https://openfoam.org
    \\  /    A nd           | Version:  dev
     \\/     M anipulation  |
\*---------------------------------------------------------------------------*/
FoamFile
{
    version     2.0;
    format      ascii;
    class       volScalarField;
    location    "6";
    object      thermo:massH2O;
}
// * * * * * * * * * * * * * * * * * * * * * * * * * * * * * * * * * * * * * //

dimensions      [1 0 0 0 0 0 0];

internalField   uniform 0;

boundaryField
{
    inletTop
    {
        type            calculated;
        value           nonuniform List<scalar> 4(6.89933e-310 6.89933e-310 4.88258e+199 3.15491e+180);
    }
    inletBottom
    {
        type            calculated;
        value           nonuniform List<scalar> 4(6.89933e-310 6.89933e-310 4.68664e-310 2.85076e-321);
    }
    outletTop
    {
        type            calculated;
        value           nonuniform List<scalar> 4(6.89933e-310 6.89933e-310 8.74366e+227 9.07115e-315);
    }
    walls
    {
        type            calculated;
        value           nonuniform List<scalar> 
464
(
6.89933e-310
6.89933e-310
4.68664e-310
4.68664e-310
0.0025
0
0
0.0025
0
0
0.0025
0
0
0.0025
0
0
0.0025
0
0
0.0025
0
0
0.0025
0
0
0.0025
0
0
0.0025
0
0
0.0025
0
0
0.0025
0
0
0.0025
0
0
0.0025
0
0
0.0025
0
0
0.0025
0
0
0.0025
0
0
0.0025
0
0
0.0025
0
0
0.0025
0
0
0.0025
0
0
0.0025
0
0
0.0025
0
0
0.0025
0
0
0.0025
0
0
0.0025
0
0
0.0025
0
0
0.0025
0
0
0.0025
0
0
0.0025
0
0
0.0025
0
0
0.0025
0
0
0.0025
0
0
0.0025
0
0
0.0025
0
0
0.0025
0
0
0.0025
0
0
0.0025
0
0
0.0025
0
0
0.0025
0
0
0.0025
0
0
0.0025
0
0
0.0025
0
0
0.0025
0
0
0.0025
0
0
0.0025
0
0
0.0025
0
0
0.0025
0
0
0.0025
0
0
0.0025
0
0
0.0025
0
0
0.0025
0
0
0.0025
0
0
0.0025
0
0
0.0025
0
0
0.0025
0
0
0.0025
0
0
0.0025
0
0
0.0025
0
0
0.0025
0
0
0.0025
0
0
0.0025
0
0
0.0025
0
0
0.0025
0
0
0.0025
0
0
0.0025
0
0
0.0025
0
0
0.0025
0
0
0.0025
0
0
0.0025
0
0
0.0025
0
0
0.0025
0
0
0.0025
0
0
0.0025
0
0
0.0025
0
0
0.0025
0
0
0.0025
0
0
0.0025
0
0
0.0025
0
0
0.0025
0
0
0.0025
0
0
0.0025
0
0
0.0025
0
0
0.0025
0
0
0.0025
0
0
0.0025
0
0
0.0025
0
0
0.0025
0
0
0.0025
0
0
0.0025
0
0
0.0025
0
0
0.0025
0
0
0.0025
0
0
0.0025
0
0
0.0025
0
0
0.0025
0
0
0.0025
0
0
0.0025
0
0
0.0025
0
0
0.0025
0
0
0.0025
0
0
0.0025
0
0
0.0025
0
0
0.0025
0
0
0.0025
0
0
0.0025
0
0
0.0025
0
0
0.0025
0
0
0.0025
0
0
0.0025
0
0
0.0025
0
0
0.0025
0
0
0.0025
0
0
0.0025
0
0
0.0025
0
0
0.0025
0
0
0.0025
0
0
0.0025
0
0
0.0025
0
0
0.0025
0
0
0.0025
0
0
0.0025
0
0
0.0025
0
0
0.0025
0
0
0.0025
0
0
0.0025
0
0
0.0025
0
0
0.0025
0
0
0.0025
0
0
0.0025
0
0
0.0025
0
0
0.0025
0
0
0.0025
0
0
0.0025
0
0
0.0025
0
0
0.0025
0
0
0.0025
0
0
0.0025
0
0
0.0025
0
0
0.0025
0
0
0.0025
0
0
0.0025
0
0
0.0025
0
0
0.0025
0
0
0.0025
0
0
0.0025
0
0
0.0025
0
0
0.0025
0
0
0.0025
0
0
0.0025
0
0
0.0025
0
0
0.0025
0
0
0.0025
0
0
0.0025
0
0
0.0025
)
;
    }
    front
    {
        type            empty;
    }
    back
    {
        type            empty;
    }
    outletBottom
    {
        type            calculated;
        value           nonuniform List<scalar> 4(6.89933e-310 6.89933e-310 1.87824e+219 2.13288e-81);
    }
}


// ************************************************************************* //
