/*--------------------------------*- C++ -*----------------------------------*\
  =========                 |
  \\      /  F ield         | OpenFOAM: The Open Source CFD Toolbox
   \\    /   O peration     | Website:  https://openfoam.org
    \\  /    A nd           | Version:  dev
     \\/     M anipulation  |
\*---------------------------------------------------------------------------*/
FoamFile
{
    version     2.0;
    format      ascii;
    class       volScalarField;
    location    "4";
    object      thermo:pSatH2O;
}
// * * * * * * * * * * * * * * * * * * * * * * * * * * * * * * * * * * * * * //

dimensions      [1 -1 -2 0 0 0 0];

internalField   nonuniform List<scalar> 
8000
(
3525.67
3525.67
3525.67
3525.65
3525.69
3525.68
3525.71
3525.72
3525.73
3525.73
3525.68
3525.88
3525.67
3525.68
3525.52
3525.79
3525.56
3525.55
3525.39
3525.52
3525.52
3525.48
3525.36
3525.35
3525.56
3525.49
3525.38
3525.3
3525.6
3525.51
3525.39
3525.29
3525.62
3525.52
3525.4
3525.28
3525.63
3525.52
3525.4
3525.28
3525.63
3525.52
3525.4
3525.28
3525.63
3525.52
3525.4
3525.28
3525.63
3525.52
3525.4
3525.28
3525.63
3525.51
3525.39
3525.27
3525.63
3525.51
3525.39
3525.27
3525.63
3525.51
3525.39
3525.27
3525.63
3525.51
3525.39
3525.27
3525.63
3525.51
3525.39
3525.27
3525.63
3525.51
3525.39
3525.27
3525.63
3525.51
3525.39
3525.27
3525.63
3525.51
3525.39
3525.27
3525.63
3525.51
3525.39
3525.27
3525.63
3525.51
3525.39
3525.27
3525.63
3525.51
3525.39
3525.27
3525.63
3525.51
3525.39
3525.27
3525.63
3525.51
3525.39
3525.27
3525.63
3525.51
3525.39
3525.27
3525.63
3525.51
3525.39
3525.27
3525.63
3525.51
3525.39
3525.27
3525.63
3525.51
3525.39
3525.27
3525.63
3525.51
3525.39
3525.27
3525.63
3525.51
3525.39
3525.27
3525.63
3525.51
3525.39
3525.27
3525.63
3525.51
3525.39
3525.27
3525.63
3525.51
3525.39
3525.27
3525.63
3525.51
3525.39
3525.27
3525.63
3525.51
3525.39
3525.27
3525.63
3525.51
3525.39
3525.27
3525.63
3525.51
3525.39
3525.27
3525.63
3525.51
3525.39
3525.27
3525.63
3525.51
3525.39
3525.27
3525.63
3525.51
3525.39
3525.27
3525.63
3525.51
3525.39
3525.27
3525.63
3525.51
3525.39
3525.27
3525.63
3525.51
3525.39
3525.27
3525.63
3525.51
3525.39
3525.26
3525.63
3525.51
3525.39
3525.26
3525.63
3525.51
3525.39
3525.26
3525.63
3525.51
3525.39
3525.26
3525.63
3525.51
3525.39
3525.26
3525.63
3525.51
3525.39
3525.26
3525.63
3525.51
3525.39
3525.26
3525.63
3525.51
3525.39
3525.26
3525.63
3525.51
3525.39
3525.26
3525.63
3525.51
3525.39
3525.26
3525.62
3525.51
3525.39
3525.26
3525.62
3525.51
3525.39
3525.26
3525.62
3525.51
3525.39
3525.26
3525.62
3525.51
3525.39
3525.26
3525.62
3525.51
3525.39
3525.26
3525.62
3525.51
3525.39
3525.26
3525.62
3525.51
3525.39
3525.26
3525.62
3525.51
3525.39
3525.26
3525.62
3525.51
3525.39
3525.26
3525.62
3525.51
3525.38
3525.26
3525.62
3525.51
3525.38
3525.26
3525.62
3525.51
3525.38
3525.26
3525.62
3525.51
3525.38
3525.26
3525.62
3525.51
3525.38
3525.26
3525.62
3525.51
3525.38
3525.26
3525.62
3525.51
3525.38
3525.26
3525.62
3525.51
3525.38
3525.26
3525.62
3525.51
3525.38
3525.26
3525.62
3525.51
3525.38
3525.26
3525.62
3525.51
3525.38
3525.26
3525.62
3525.51
3525.38
3525.26
3525.62
3525.51
3525.38
3525.26
3525.62
3525.51
3525.38
3525.26
3525.62
3525.51
3525.38
3525.26
3525.62
3525.51
3525.38
3525.26
3525.62
3525.51
3525.38
3525.26
3525.62
3525.51
3525.38
3525.26
3525.62
3525.51
3525.38
3525.26
3525.62
3525.51
3525.38
3525.26
3525.62
3525.51
3525.38
3525.26
3525.62
3525.51
3525.38
3525.26
3525.62
3525.51
3525.38
3525.26
3525.62
3525.51
3525.38
3525.26
3525.62
3525.51
3525.38
3525.26
3525.62
3525.51
3525.38
3525.26
3525.62
3525.51
3525.38
3525.26
3525.62
3525.51
3525.38
3525.26
3525.62
3525.51
3525.38
3525.26
3525.62
3525.51
3525.38
3525.26
3525.62
3525.51
3525.38
3525.26
3525.62
3525.51
3525.38
3525.26
3525.62
3525.51
3525.38
3525.26
3525.62
3525.51
3525.38
3525.26
3525.62
3525.51
3525.38
3525.26
3525.62
3525.51
3525.38
3525.26
3525.62
3525.51
3525.38
3525.26
3525.62
3525.51
3525.38
3525.26
3525.62
3525.51
3525.38
3525.26
3525.62
3525.51
3525.38
3525.26
3525.62
3525.51
3525.38
3525.26
3525.62
3525.51
3525.38
3525.26
3525.62
3525.51
3525.38
3525.26
3525.62
3525.51
3525.38
3525.26
3525.62
3525.51
3525.38
3525.26
3525.62
3525.51
3525.38
3525.26
3525.62
3525.51
3525.38
3525.26
3525.62
3525.51
3525.38
3525.26
3525.62
3525.51
3525.38
3525.26
3525.62
3525.51
3525.38
3525.26
3525.62
3525.51
3525.38
3525.26
3525.62
3525.51
3525.38
3525.26
3525.62
3525.51
3525.38
3525.26
3525.62
3525.51
3525.38
3525.26
3525.62
3525.51
3525.38
3525.26
3525.62
3525.51
3525.39
3525.26
3525.62
3525.51
3525.39
3525.26
3525.62
3525.51
3525.39
3525.26
3525.62
3525.51
3525.39
3525.26
3525.62
3525.51
3525.39
3525.26
3525.62
3525.51
3525.39
3525.26
3525.62
3525.51
3525.39
3525.26
3525.62
3525.51
3525.39
3525.26
3525.62
3525.51
3525.39
3525.26
3525.62
3525.51
3525.39
3525.26
3525.62
3525.51
3525.39
3525.26
3525.62
3525.51
3525.39
3525.26
3525.62
3525.51
3525.39
3525.26
3525.62
3525.51
3525.39
3525.26
3525.62
3525.51
3525.39
3525.26
3525.62
3525.51
3525.39
3525.26
3525.62
3525.51
3525.39
3525.26
3525.62
3525.51
3525.39
3525.26
3525.62
3525.51
3525.39
3525.26
3525.63
3525.51
3525.39
3525.26
3525.63
3525.51
3525.39
3525.26
3525.63
3525.51
3525.39
3525.26
3525.63
3525.51
3525.39
3525.26
3525.63
3525.51
3525.39
3525.26
3525.63
3525.51
3525.39
3525.26
3525.63
3525.51
3525.39
3525.26
3525.63
3525.51
3525.39
3525.26
3525.63
3525.51
3525.39
3525.26
3525.63
3525.51
3525.39
3525.26
3525.63
3525.51
3525.39
3525.26
3525.63
3525.51
3525.39
3525.26
3525.63
3525.51
3525.39
3525.26
3525.63
3525.51
3525.39
3525.26
3525.63
3525.51
3525.39
3525.26
3525.63
3525.51
3525.39
3525.26
3525.63
3525.51
3525.39
3525.26
3525.63
3525.51
3525.39
3525.26
3525.63
3525.51
3525.39
3525.26
3525.63
3525.51
3525.39
3525.26
3525.63
3525.51
3525.39
3525.26
3525.63
3525.51
3525.39
3525.26
3525.63
3525.51
3525.39
3525.26
3525.63
3525.51
3525.39
3525.26
3525.63
3525.51
3525.39
3525.26
3525.63
3525.51
3525.39
3525.26
3525.63
3525.51
3525.39
3525.26
3525.63
3525.51
3525.39
3525.26
3525.63
3525.51
3525.39
3525.26
3525.63
3525.51
3525.39
3525.26
3525.63
3525.51
3525.39
3525.26
3525.63
3525.51
3525.39
3525.26
3525.63
3525.51
3525.39
3525.26
3525.63
3525.51
3525.39
3525.26
3525.63
3525.51
3525.38
3525.26
3525.63
3525.51
3525.38
3525.26
3525.63
3525.51
3525.38
3525.26
3525.63
3525.51
3525.38
3525.26
3525.63
3525.51
3525.38
3525.26
3525.63
3525.51
3525.38
3525.26
3525.62
3525.51
3525.38
3525.26
3525.62
3525.51
3525.38
3525.26
3525.62
3525.51
3525.38
3525.26
3525.62
3525.51
3525.38
3525.26
3525.62
3525.51
3525.38
3525.26
3525.62
3525.51
3525.38
3525.26
3525.62
3525.5
3525.38
3525.26
3525.62
3525.5
3525.38
3525.25
3525.62
3525.5
3525.38
3525.25
3525.62
3525.5
3525.38
3525.25
3525.62
3525.5
3525.38
3525.25
3525.62
3525.5
3525.37
3525.25
3525.62
3525.5
3525.37
3525.24
3525.62
3525.5
3525.37
3525.24
3525.63
3525.5
3525.36
3525.24
3525.61
3525.49
3525.36
3525.23
3525.63
3525.5
3525.35
3525.22
3525.6
3525.46
3525.35
3525.22
3525.63
3525.5
3525.34
3525.2
3525.6
3525.45
3525.32
3525.19
3525.62
3525.48
3525.32
3525.16
3525.59
3525.42
3525.26
3525.13
3525.17
3525.39
3525.55
3525.48
3525.3
3525.2
3525.18
3525.17
3525.17
3525.16
3525.16
3525.16
3525.15
3525.15
3525.15
3525.15
3525.15
3525.15
3525.15
3525.15
3525.15
3525.15
3525.15
3525.15
3525.15
3525.15
3525.15
3525.15
3525.15
3525.15
3525.15
3525.15
3525.14
3525.14
3525.14
3525.14
3525.14
3525.14
3525.14
3525.14
3525.14
3525.14
3525.14
3525.14
3525.14
3525.14
3525.14
3525.14
3525.14
3525.14
3525.14
3525.14
3525.14
3525.14
3525.14
3525.14
3525.14
3525.14
3525.14
3525.14
3525.14
3525.14
3525.14
3525.14
3525.14
3525.14
3525.14
3525.14
3525.14
3525.14
3525.14
3525.14
3525.14
3525.14
3525.14
3525.14
3525.14
3525.14
3525.14
3525.14
3525.14
3525.14
3525.14
3525.14
3525.14
3525.14
3525.14
3525.14
3525.14
3525.14
3525.14
3525.14
3525.14
3525.14
3525.14
3525.14
3525.14
3525.14
3525.14
3525.14
3525.14
3525.14
3525.14
3525.14
3525.14
3525.14
3525.14
3525.14
3525.14
3525.14
3525.14
3525.14
3525.14
3525.14
3525.14
3525.14
3525.14
3525.14
3525.14
3525.14
3525.14
3525.14
3525.14
3525.14
3525.14
3525.14
3525.14
3525.14
3525.14
3525.14
3525.14
3525.14
3525.14
3525.14
3525.14
3525.14
3525.14
3525.14
3525.14
3525.14
3525.14
3525.14
3525.14
3525.14
3525.14
3525.14
3525.14
3525.14
3525.14
3525.14
3525.14
3525.14
3525.14
3525.14
3525.14
3525.14
3525.14
3525.14
3525.14
3525.14
3525.14
3525.14
3525.14
3525.14
3525.14
3525.14
3525.14
3525.14
3525.14
3525.14
3525.14
3525.14
3525.14
3525.14
3525.14
3525.14
3525.14
3525.14
3525.14
3525.14
3525.14
3525.14
3525.13
3525.13
3525.13
3525.13
3525.13
3525.13
3525.12
3525.12
3525.12
3525.11
3525.11
3525.1
3525.09
3525.09
3525.08
3525.05
3525.04
3525.02
3524.97
3525.1
3525.18
3525.14
3525.09
3525.06
3525.05
3525.05
3525.05
3525.04
3525.04
3525.04
3525.03
3525.03
3525.03
3525.03
3525.03
3525.03
3525.03
3525.03
3525.03
3525.03
3525.02
3525.02
3525.02
3525.02
3525.02
3525.02
3525.02
3525.02
3525.02
3525.02
3525.02
3525.02
3525.02
3525.02
3525.02
3525.02
3525.02
3525.02
3525.02
3525.02
3525.02
3525.02
3525.02
3525.02
3525.02
3525.02
3525.02
3525.02
3525.02
3525.02
3525.02
3525.02
3525.02
3525.02
3525.02
3525.02
3525.02
3525.02
3525.02
3525.02
3525.02
3525.02
3525.02
3525.02
3525.02
3525.02
3525.02
3525.02
3525.02
3525.02
3525.02
3525.02
3525.02
3525.02
3525.02
3525.02
3525.02
3525.02
3525.02
3525.02
3525.02
3525.02
3525.02
3525.02
3525.02
3525.02
3525.02
3525.02
3525.02
3525.02
3525.02
3525.02
3525.02
3525.02
3525.02
3525.02
3525.02
3525.02
3525.02
3525.02
3525.02
3525.02
3525.02
3525.02
3525.02
3525.02
3525.02
3525.02
3525.02
3525.02
3525.02
3525.02
3525.02
3525.02
3525.02
3525.02
3525.02
3525.02
3525.02
3525.02
3525.02
3525.02
3525.02
3525.02
3525.02
3525.02
3525.02
3525.02
3525.02
3525.02
3525.02
3525.02
3525.02
3525.02
3525.02
3525.02
3525.02
3525.02
3525.02
3525.02
3525.02
3525.02
3525.02
3525.02
3525.02
3525.02
3525.02
3525.02
3525.02
3525.02
3525.02
3525.02
3525.02
3525.02
3525.02
3525.02
3525.02
3525.02
3525.02
3525.02
3525.02
3525.02
3525.02
3525.02
3525.02
3525.02
3525.02
3525.02
3525.02
3525.02
3525.02
3525.02
3525.02
3525.02
3525.02
3525.01
3525.01
3525.01
3525.01
3525.01
3525.01
3525.01
3525.01
3525.01
3525
3525
3525
3525
3524.99
3524.99
3524.98
3524.98
3524.97
3524.96
3524.95
3524.94
3524.93
3524.91
3524.95
3524.94
3524.96
3524.96
3524.95
3524.94
3524.93
3524.93
3524.92
3524.92
3524.92
3524.91
3524.91
3524.91
3524.91
3524.91
3524.91
3524.91
3524.9
3524.9
3524.9
3524.9
3524.9
3524.9
3524.9
3524.9
3524.9
3524.9
3524.9
3524.9
3524.9
3524.9
3524.9
3524.9
3524.9
3524.9
3524.9
3524.9
3524.9
3524.9
3524.9
3524.9
3524.9
3524.9
3524.9
3524.9
3524.9
3524.9
3524.9
3524.9
3524.9
3524.9
3524.9
3524.9
3524.9
3524.9
3524.9
3524.9
3524.9
3524.9
3524.9
3524.9
3524.9
3524.9
3524.9
3524.9
3524.9
3524.9
3524.9
3524.9
3524.9
3524.9
3524.9
3524.9
3524.9
3524.9
3524.9
3524.9
3524.9
3524.9
3524.9
3524.9
3524.9
3524.9
3524.9
3524.9
3524.9
3524.9
3524.9
3524.9
3524.9
3524.9
3524.9
3524.9
3524.9
3524.9
3524.9
3524.9
3524.9
3524.9
3524.9
3524.9
3524.9
3524.9
3524.9
3524.9
3524.9
3524.9
3524.9
3524.9
3524.9
3524.9
3524.9
3524.9
3524.9
3524.9
3524.9
3524.9
3524.9
3524.9
3524.9
3524.9
3524.9
3524.9
3524.9
3524.9
3524.9
3524.9
3524.9
3524.9
3524.9
3524.9
3524.9
3524.9
3524.9
3524.9
3524.9
3524.9
3524.9
3524.9
3524.9
3524.9
3524.9
3524.9
3524.9
3524.9
3524.9
3524.9
3524.9
3524.9
3524.9
3524.9
3524.9
3524.9
3524.9
3524.9
3524.9
3524.9
3524.9
3524.9
3524.9
3524.9
3524.9
3524.9
3524.9
3524.9
3524.9
3524.9
3524.9
3524.9
3524.9
3524.89
3524.89
3524.89
3524.89
3524.89
3524.89
3524.89
3524.89
3524.89
3524.89
3524.89
3524.89
3524.89
3524.88
3524.88
3524.88
3524.88
3524.88
3524.87
3524.87
3524.86
3524.86
3524.85
3524.85
3524.84
3524.83
3524.82
3524.81
3524.81
3524.82
3524.83
3524.83
3524.83
3524.82
3524.82
3524.81
3524.81
3524.8
3524.8
3524.8
3524.79
3524.79
3524.79
3524.79
3524.79
3524.78
3524.78
3524.78
3524.78
3524.78
3524.78
3524.78
3524.78
3524.78
3524.78
3524.78
3524.78
3524.78
3524.78
3524.78
3524.78
3524.78
3524.78
3524.78
3524.78
3524.78
3524.78
3524.78
3524.78
3524.78
3524.78
3524.78
3524.78
3524.78
3524.78
3524.78
3524.78
3524.78
3524.78
3524.78
3524.78
3524.78
3524.78
3524.78
3524.78
3524.78
3524.78
3524.78
3524.78
3524.78
3524.78
3524.78
3524.78
3524.77
3524.77
3524.77
3524.77
3524.77
3524.77
3524.77
3524.77
3524.77
3524.77
3524.77
3524.77
3524.77
3524.77
3524.77
3524.77
3524.77
3524.77
3524.77
3524.77
3524.77
3524.77
3524.77
3524.77
3524.77
3524.77
3524.77
3524.77
3524.77
3524.77
3524.77
3524.77
3524.77
3524.77
3524.77
3524.77
3524.77
3524.77
3524.77
3524.77
3524.77
3524.77
3524.77
3524.77
3524.77
3524.77
3524.77
3524.77
3524.77
3524.77
3524.77
3524.77
3524.77
3524.77
3524.77
3524.77
3524.78
3524.78
3524.78
3524.78
3524.78
3524.78
3524.78
3524.78
3524.78
3524.78
3524.78
3524.78
3524.78
3524.78
3524.78
3524.78
3524.78
3524.78
3524.78
3524.78
3524.78
3524.78
3524.78
3524.78
3524.78
3524.78
3524.78
3524.78
3524.78
3524.78
3524.78
3524.78
3524.78
3524.78
3524.78
3524.78
3524.78
3524.78
3524.78
3524.78
3524.78
3524.77
3524.77
3524.77
3524.77
3524.77
3524.77
3524.77
3524.77
3524.77
3524.77
3524.77
3524.77
3524.77
3524.77
3524.77
3524.77
3524.77
3524.77
3524.77
3524.77
3524.77
3524.76
3524.76
3524.76
3524.76
3524.76
3524.75
3524.75
3524.75
3524.74
3524.74
3524.74
3524.73
3524.72
3524.72
3524.71
3524.7
3524.69
3524.69
3524.69
3524.7
3524.7
3524.7
3524.7
3524.69
3524.69
3524.68
3524.68
3524.68
3524.67
3524.67
3524.67
3524.67
3524.67
3524.66
3524.66
3524.66
3524.66
3524.66
3524.66
3524.66
3524.66
3524.66
3524.66
3524.66
3524.66
3524.66
3524.66
3524.66
3524.66
3524.66
3524.66
3524.66
3524.66
3524.66
3524.66
3524.66
3524.66
3524.66
3524.66
3524.66
3524.66
3524.66
3524.66
3524.65
3524.65
3524.65
3524.65
3524.65
3524.65
3524.65
3524.65
3524.65
3524.65
3524.65
3524.65
3524.65
3524.65
3524.65
3524.65
3524.65
3524.65
3524.65
3524.65
3524.65
3524.65
3524.65
3524.65
3524.65
3524.65
3524.65
3524.65
3524.65
3524.65
3524.65
3524.65
3524.65
3524.65
3524.65
3524.65
3524.65
3524.65
3524.65
3524.65
3524.65
3524.65
3524.65
3524.65
3524.65
3524.65
3524.65
3524.65
3524.65
3524.65
3524.65
3524.65
3524.65
3524.65
3524.65
3524.65
3524.65
3524.65
3524.65
3524.65
3524.65
3524.65
3524.65
3524.65
3524.65
3524.65
3524.65
3524.65
3524.65
3524.65
3524.65
3524.65
3524.65
3524.65
3524.65
3524.65
3524.65
3524.65
3524.65
3524.65
3524.65
3524.65
3524.65
3524.65
3524.65
3524.65
3524.65
3524.65
3524.65
3524.65
3524.65
3524.65
3524.65
3524.65
3524.65
3524.65
3524.65
3524.65
3524.65
3524.65
3524.65
3524.65
3524.65
3524.65
3524.65
3524.65
3524.65
3524.65
3524.65
3524.65
3524.65
3524.65
3524.65
3524.65
3524.65
3524.65
3524.65
3524.65
3524.65
3524.65
3524.65
3524.65
3524.65
3524.65
3524.65
3524.65
3524.65
3524.65
3524.65
3524.65
3524.65
3524.65
3524.65
3524.65
3524.64
3524.64
3524.64
3524.64
3524.64
3524.64
3524.64
3524.63
3524.63
3524.63
3524.63
3524.62
3524.62
3524.61
3524.61
3524.6
3524.59
3524.59
3524.58
3524.58
3524.57
3524.57
3524.57
3524.57
3524.57
3524.57
3524.57
3524.56
3524.56
3524.56
3524.55
3524.55
3524.55
3524.55
3524.54
3524.54
3524.54
3524.54
3524.54
3524.54
3524.54
3524.54
3524.54
3524.54
3524.54
3524.54
3524.54
3524.54
3524.54
3524.54
3524.54
3524.54
3524.54
3524.53
3524.53
3524.53
3524.53
3524.53
3524.53
3524.53
3524.53
3524.53
3524.53
3524.53
3524.53
3524.53
3524.53
3524.53
3524.53
3524.53
3524.53
3524.53
3524.53
3524.53
3524.53
3524.53
3524.53
3524.53
3524.53
3524.53
3524.53
3524.53
3524.53
3524.53
3524.53
3524.53
3524.53
3524.53
3524.53
3524.53
3524.53
3524.53
3524.53
3524.53
3524.53
3524.53
3524.53
3524.53
3524.53
3524.53
3524.53
3524.53
3524.53
3524.53
3524.53
3524.53
3524.53
3524.53
3524.53
3524.53
3524.53
3524.53
3524.53
3524.53
3524.53
3524.53
3524.53
3524.53
3524.53
3524.53
3524.53
3524.53
3524.53
3524.53
3524.53
3524.53
3524.53
3524.53
3524.53
3524.53
3524.53
3524.53
3524.53
3524.53
3524.53
3524.53
3524.53
3524.53
3524.53
3524.53
3524.53
3524.53
3524.53
3524.53
3524.53
3524.53
3524.53
3524.53
3524.53
3524.53
3524.53
3524.53
3524.53
3524.53
3524.53
3524.53
3524.53
3524.53
3524.53
3524.53
3524.53
3524.53
3524.53
3524.53
3524.53
3524.53
3524.53
3524.53
3524.53
3524.53
3524.53
3524.53
3524.53
3524.53
3524.53
3524.53
3524.53
3524.53
3524.53
3524.53
3524.53
3524.53
3524.53
3524.53
3524.53
3524.53
3524.53
3524.53
3524.53
3524.53
3524.53
3524.53
3524.53
3524.53
3524.53
3524.53
3524.53
3524.52
3524.52
3524.52
3524.52
3524.52
3524.52
3524.52
3524.52
3524.52
3524.51
3524.51
3524.51
3524.51
3524.5
3524.5
3524.5
3524.49
3524.49
3524.48
3524.48
3524.47
3524.47
3524.46
3524.46
3524.44
3524.44
3524.44
3524.44
3524.44
3524.44
3524.44
3524.43
3524.43
3524.43
3524.43
3524.43
3524.42
3524.42
3524.42
3524.42
3524.42
3524.42
3524.42
3524.42
3524.42
3524.42
3524.42
3524.42
3524.41
3524.41
3524.41
3524.41
3524.41
3524.41
3524.41
3524.41
3524.41
3524.41
3524.41
3524.41
3524.41
3524.41
3524.41
3524.41
3524.41
3524.41
3524.41
3524.41
3524.41
3524.41
3524.41
3524.41
3524.41
3524.41
3524.41
3524.41
3524.41
3524.41
3524.41
3524.41
3524.41
3524.41
3524.41
3524.41
3524.41
3524.41
3524.41
3524.41
3524.41
3524.41
3524.41
3524.41
3524.41
3524.41
3524.41
3524.41
3524.41
3524.41
3524.41
3524.41
3524.41
3524.41
3524.41
3524.41
3524.41
3524.41
3524.41
3524.41
3524.41
3524.41
3524.41
3524.41
3524.41
3524.41
3524.41
3524.41
3524.41
3524.41
3524.41
3524.41
3524.41
3524.41
3524.41
3524.41
3524.41
3524.41
3524.41
3524.41
3524.41
3524.41
3524.41
3524.41
3524.41
3524.41
3524.41
3524.41
3524.41
3524.41
3524.41
3524.41
3524.41
3524.41
3524.41
3524.41
3524.41
3524.41
3524.41
3524.41
3524.41
3524.41
3524.41
3524.41
3524.41
3524.41
3524.41
3524.41
3524.41
3524.41
3524.41
3524.41
3524.41
3524.41
3524.41
3524.41
3524.41
3524.41
3524.41
3524.41
3524.41
3524.41
3524.41
3524.41
3524.41
3524.41
3524.41
3524.41
3524.41
3524.41
3524.41
3524.41
3524.41
3524.41
3524.41
3524.41
3524.41
3524.41
3524.41
3524.41
3524.41
3524.41
3524.41
3524.41
3524.41
3524.41
3524.41
3524.41
3524.4
3524.4
3524.4
3524.4
3524.4
3524.4
3524.4
3524.4
3524.4
3524.4
3524.4
3524.39
3524.39
3524.39
3524.39
3524.39
3524.38
3524.38
3524.38
3524.37
3524.37
3524.37
3524.36
3524.36
3524.35
3524.35
3524.35
3524.35
3524.32
3524.32
3524.32
3524.32
3524.32
3524.31
3524.31
3524.31
3524.31
3524.31
3524.3
3524.3
3524.3
3524.3
3524.3
3524.3
3524.3
3524.3
3524.3
3524.29
3524.29
3524.29
3524.29
3524.29
3524.29
3524.29
3524.29
3524.29
3524.29
3524.29
3524.29
3524.29
3524.29
3524.29
3524.29
3524.29
3524.29
3524.29
3524.29
3524.29
3524.29
3524.29
3524.29
3524.29
3524.29
3524.29
3524.29
3524.29
3524.29
3524.29
3524.29
3524.29
3524.29
3524.29
3524.29
3524.29
3524.29
3524.29
3524.29
3524.29
3524.29
3524.29
3524.29
3524.29
3524.29
3524.29
3524.29
3524.29
3524.29
3524.29
3524.29
3524.29
3524.29
3524.29
3524.29
3524.29
3524.29
3524.29
3524.29
3524.29
3524.29
3524.29
3524.29
3524.29
3524.29
3524.29
3524.29
3524.29
3524.29
3524.29
3524.29
3524.29
3524.29
3524.29
3524.29
3524.29
3524.29
3524.29
3524.29
3524.29
3524.29
3524.29
3524.29
3524.29
3524.29
3524.29
3524.29
3524.29
3524.29
3524.29
3524.29
3524.29
3524.29
3524.29
3524.29
3524.29
3524.29
3524.29
3524.29
3524.29
3524.29
3524.29
3524.29
3524.29
3524.29
3524.29
3524.29
3524.29
3524.29
3524.29
3524.29
3524.29
3524.29
3524.29
3524.29
3524.29
3524.29
3524.29
3524.29
3524.29
3524.29
3524.29
3524.29
3524.29
3524.29
3524.29
3524.29
3524.29
3524.29
3524.29
3524.29
3524.29
3524.29
3524.29
3524.29
3524.29
3524.29
3524.29
3524.29
3524.29
3524.29
3524.29
3524.29
3524.29
3524.29
3524.29
3524.29
3524.28
3524.28
3524.28
3524.28
3524.28
3524.28
3524.28
3524.28
3524.28
3524.28
3524.28
3524.28
3524.28
3524.28
3524.27
3524.27
3524.27
3524.27
3524.27
3524.27
3524.26
3524.26
3524.26
3524.26
3524.25
3524.25
3524.25
3524.24
3524.24
3524.23
3524.23
3524.23
3524.23
3524.19
3524.19
3524.19
3524.19
3524.19
3524.19
3524.19
3524.19
3524.18
3524.18
3524.18
3524.18
3524.18
3524.18
3524.18
3524.17
3524.17
3524.17
3524.17
3524.17
3524.17
3524.17
3524.17
3524.17
3524.17
3524.17
3524.17
3524.17
3524.17
3524.17
3524.17
3524.17
3524.17
3524.17
3524.17
3524.17
3524.17
3524.17
3524.17
3524.17
3524.17
3524.17
3524.17
3524.17
3524.17
3524.17
3524.17
3524.17
3524.17
3524.17
3524.17
3524.17
3524.17
3524.17
3524.17
3524.17
3524.17
3524.17
3524.17
3524.17
3524.17
3524.17
3524.17
3524.16
3524.16
3524.16
3524.16
3524.16
3524.16
3524.16
3524.16
3524.16
3524.16
3524.16
3524.16
3524.16
3524.16
3524.16
3524.16
3524.16
3524.16
3524.16
3524.16
3524.16
3524.16
3524.16
3524.16
3524.16
3524.16
3524.16
3524.16
3524.16
3524.16
3524.16
3524.16
3524.16
3524.16
3524.16
3524.16
3524.16
3524.16
3524.16
3524.16
3524.16
3524.16
3524.16
3524.16
3524.16
3524.16
3524.16
3524.16
3524.16
3524.16
3524.16
3524.16
3524.16
3524.16
3524.16
3524.16
3524.16
3524.16
3524.16
3524.16
3524.17
3524.17
3524.17
3524.17
3524.17
3524.17
3524.17
3524.17
3524.17
3524.17
3524.17
3524.17
3524.17
3524.17
3524.17
3524.17
3524.17
3524.17
3524.17
3524.17
3524.17
3524.17
3524.17
3524.17
3524.17
3524.17
3524.17
3524.17
3524.17
3524.17
3524.17
3524.17
3524.16
3524.16
3524.16
3524.16
3524.16
3524.16
3524.16
3524.16
3524.16
3524.16
3524.16
3524.16
3524.16
3524.16
3524.16
3524.16
3524.16
3524.16
3524.16
3524.16
3524.16
3524.16
3524.16
3524.16
3524.15
3524.15
3524.15
3524.15
3524.15
3524.15
3524.15
3524.14
3524.14
3524.14
3524.14
3524.13
3524.13
3524.13
3524.13
3524.12
3524.12
3524.12
3524.11
3524.11
3524.11
3524.07
3524.07
3524.07
3524.07
3524.06
3524.06
3524.06
3524.06
3524.06
3524.06
3524.06
3524.06
3524.06
3524.05
3524.05
3524.05
3524.05
3524.05
3524.05
3524.05
3524.05
3524.05
3524.05
3524.05
3524.05
3524.05
3524.05
3524.05
3524.05
3524.05
3524.05
3524.05
3524.05
3524.05
3524.05
3524.05
3524.05
3524.05
3524.05
3524.05
3524.05
3524.05
3524.05
3524.05
3524.04
3524.04
3524.04
3524.04
3524.04
3524.04
3524.04
3524.04
3524.04
3524.04
3524.04
3524.04
3524.04
3524.04
3524.04
3524.04
3524.04
3524.04
3524.04
3524.04
3524.04
3524.04
3524.04
3524.04
3524.04
3524.04
3524.04
3524.04
3524.04
3524.04
3524.04
3524.04
3524.04
3524.04
3524.04
3524.04
3524.04
3524.04
3524.04
3524.04
3524.04
3524.04
3524.04
3524.04
3524.04
3524.04
3524.04
3524.04
3524.04
3524.04
3524.04
3524.04
3524.04
3524.04
3524.04
3524.04
3524.04
3524.04
3524.04
3524.04
3524.04
3524.04
3524.04
3524.04
3524.04
3524.04
3524.04
3524.04
3524.04
3524.04
3524.04
3524.04
3524.04
3524.04
3524.04
3524.04
3524.04
3524.04
3524.04
3524.04
3524.04
3524.04
3524.04
3524.04
3524.04
3524.04
3524.04
3524.04
3524.04
3524.04
3524.04
3524.04
3524.04
3524.04
3524.04
3524.04
3524.04
3524.04
3524.04
3524.04
3524.04
3524.04
3524.04
3524.04
3524.04
3524.04
3524.04
3524.04
3524.04
3524.04
3524.04
3524.04
3524.04
3524.04
3524.04
3524.04
3524.04
3524.04
3524.04
3524.04
3524.04
3524.04
3524.04
3524.04
3524.04
3524.04
3524.04
3524.04
3524.04
3524.04
3524.04
3524.04
3524.04
3524.03
3524.03
3524.03
3524.03
3524.03
3524.03
3524.03
3524.03
3524.02
3524.02
3524.02
3524.02
3524.02
3524.01
3524.01
3524.01
3524.01
3524
3524
3524
3524
3523.99
3523.99
3523.94
3523.94
3523.94
3523.94
3523.94
3523.94
3523.94
3523.94
3523.94
3523.93
3523.93
3523.93
3523.93
3523.93
3523.93
3523.93
3523.93
3523.93
3523.93
3523.93
3523.93
3523.93
3523.93
3523.93
3523.93
3523.93
3523.93
3523.93
3523.93
3523.93
3523.93
3523.92
3523.92
3523.92
3523.92
3523.92
3523.92
3523.92
3523.92
3523.92
3523.92
3523.92
3523.92
3523.92
3523.92
3523.92
3523.92
3523.92
3523.92
3523.92
3523.92
3523.92
3523.92
3523.92
3523.92
3523.92
3523.92
3523.92
3523.92
3523.92
3523.92
3523.92
3523.92
3523.92
3523.92
3523.92
3523.92
3523.92
3523.92
3523.92
3523.92
3523.92
3523.92
3523.92
3523.92
3523.92
3523.92
3523.92
3523.92
3523.92
3523.92
3523.92
3523.92
3523.92
3523.92
3523.92
3523.92
3523.92
3523.92
3523.92
3523.92
3523.92
3523.92
3523.92
3523.92
3523.92
3523.92
3523.92
3523.92
3523.92
3523.92
3523.92
3523.92
3523.92
3523.92
3523.92
3523.92
3523.92
3523.92
3523.92
3523.92
3523.92
3523.92
3523.92
3523.92
3523.92
3523.92
3523.92
3523.92
3523.92
3523.92
3523.92
3523.92
3523.92
3523.92
3523.92
3523.92
3523.92
3523.92
3523.92
3523.92
3523.92
3523.92
3523.92
3523.92
3523.92
3523.92
3523.92
3523.92
3523.92
3523.92
3523.92
3523.92
3523.92
3523.92
3523.92
3523.92
3523.92
3523.92
3523.92
3523.92
3523.92
3523.92
3523.92
3523.92
3523.92
3523.92
3523.92
3523.92
3523.92
3523.92
3523.92
3523.92
3523.92
3523.92
3523.92
3523.92
3523.92
3523.92
3523.92
3523.92
3523.92
3523.92
3523.92
3523.91
3523.91
3523.91
3523.91
3523.91
3523.91
3523.91
3523.91
3523.91
3523.91
3523.9
3523.9
3523.9
3523.9
3523.9
3523.89
3523.89
3523.89
3523.89
3523.89
3523.88
3523.88
3523.88
3523.88
3523.88
3523.88
3523.82
3523.82
3523.82
3523.82
3523.81
3523.81
3523.81
3523.81
3523.81
3523.81
3523.81
3523.81
3523.81
3523.81
3523.81
3523.81
3523.81
3523.81
3523.81
3523.81
3523.81
3523.8
3523.8
3523.8
3523.8
3523.8
3523.8
3523.8
3523.8
3523.8
3523.8
3523.8
3523.8
3523.8
3523.8
3523.8
3523.8
3523.8
3523.8
3523.8
3523.8
3523.8
3523.8
3523.8
3523.8
3523.8
3523.8
3523.8
3523.8
3523.8
3523.8
3523.8
3523.8
3523.8
3523.8
3523.8
3523.8
3523.8
3523.8
3523.8
3523.8
3523.8
3523.8
3523.8
3523.8
3523.8
3523.8
3523.8
3523.8
3523.8
3523.8
3523.8
3523.8
3523.8
3523.8
3523.8
3523.8
3523.8
3523.8
3523.8
3523.8
3523.8
3523.8
3523.8
3523.8
3523.8
3523.8
3523.8
3523.8
3523.8
3523.8
3523.8
3523.8
3523.8
3523.8
3523.8
3523.8
3523.8
3523.8
3523.8
3523.8
3523.8
3523.8
3523.8
3523.8
3523.8
3523.8
3523.8
3523.8
3523.8
3523.8
3523.8
3523.8
3523.8
3523.8
3523.8
3523.8
3523.8
3523.8
3523.8
3523.8
3523.8
3523.8
3523.8
3523.8
3523.8
3523.8
3523.8
3523.8
3523.8
3523.8
3523.8
3523.8
3523.8
3523.8
3523.8
3523.8
3523.8
3523.8
3523.8
3523.8
3523.8
3523.8
3523.8
3523.8
3523.8
3523.8
3523.8
3523.8
3523.8
3523.8
3523.8
3523.8
3523.8
3523.8
3523.8
3523.8
3523.8
3523.8
3523.8
3523.8
3523.8
3523.8
3523.8
3523.8
3523.8
3523.8
3523.8
3523.8
3523.8
3523.79
3523.79
3523.79
3523.79
3523.79
3523.79
3523.79
3523.79
3523.79
3523.79
3523.79
3523.79
3523.79
3523.78
3523.78
3523.78
3523.78
3523.78
3523.78
3523.77
3523.77
3523.77
3523.77
3523.77
3523.76
3523.76
3523.76
3523.76
3523.76
3523.76
3523.69
3523.69
3523.69
3523.69
3523.69
3523.69
3523.69
3523.69
3523.69
3523.69
3523.69
3523.69
3523.69
3523.69
3523.68
3523.68
3523.68
3523.68
3523.68
3523.68
3523.68
3523.68
3523.68
3523.68
3523.68
3523.68
3523.68
3523.68
3523.68
3523.68
3523.68
3523.68
3523.68
3523.68
3523.68
3523.68
3523.68
3523.68
3523.68
3523.68
3523.68
3523.68
3523.68
3523.68
3523.68
3523.68
3523.68
3523.68
3523.68
3523.68
3523.68
3523.68
3523.68
3523.68
3523.68
3523.68
3523.68
3523.68
3523.68
3523.68
3523.68
3523.68
3523.68
3523.68
3523.68
3523.68
3523.68
3523.68
3523.68
3523.68
3523.68
3523.68
3523.68
3523.68
3523.68
3523.68
3523.68
3523.68
3523.68
3523.68
3523.68
3523.68
3523.68
3523.68
3523.68
3523.68
3523.68
3523.68
3523.68
3523.68
3523.68
3523.68
3523.68
3523.68
3523.68
3523.68
3523.68
3523.68
3523.68
3523.68
3523.68
3523.68
3523.68
3523.68
3523.68
3523.68
3523.68
3523.68
3523.68
3523.68
3523.68
3523.68
3523.68
3523.68
3523.68
3523.68
3523.68
3523.68
3523.68
3523.68
3523.68
3523.68
3523.68
3523.68
3523.68
3523.68
3523.68
3523.68
3523.68
3523.68
3523.68
3523.68
3523.68
3523.68
3523.68
3523.68
3523.68
3523.68
3523.68
3523.68
3523.68
3523.68
3523.68
3523.68
3523.68
3523.68
3523.68
3523.68
3523.68
3523.68
3523.68
3523.68
3523.68
3523.68
3523.68
3523.68
3523.68
3523.68
3523.68
3523.68
3523.68
3523.68
3523.68
3523.68
3523.68
3523.67
3523.67
3523.67
3523.67
3523.67
3523.67
3523.67
3523.67
3523.67
3523.67
3523.67
3523.67
3523.67
3523.67
3523.67
3523.67
3523.66
3523.66
3523.66
3523.66
3523.66
3523.66
3523.66
3523.65
3523.65
3523.65
3523.65
3523.65
3523.65
3523.64
3523.64
3523.64
3523.64
3523.64
3523.64
3523.57
3523.57
3523.57
3523.57
3523.57
3523.57
3523.56
3523.56
3523.56
3523.56
3523.56
3523.56
3523.56
3523.56
3523.56
3523.56
3523.56
3523.56
3523.56
3523.56
3523.56
3523.56
3523.56
3523.56
3523.56
3523.56
3523.56
3523.56
3523.56
3523.56
3523.56
3523.56
3523.56
3523.56
3523.56
3523.56
3523.56
3523.56
3523.56
3523.56
3523.56
3523.56
3523.56
3523.56
3523.56
3523.56
3523.56
3523.56
3523.56
3523.56
3523.56
3523.56
3523.56
3523.56
3523.56
3523.56
3523.56
3523.56
3523.56
3523.56
3523.56
3523.55
3523.55
3523.55
3523.55
3523.55
3523.55
3523.55
3523.55
3523.55
3523.55
3523.55
3523.55
3523.55
3523.55
3523.55
3523.55
3523.55
3523.55
3523.55
3523.55
3523.55
3523.55
3523.55
3523.55
3523.55
3523.55
3523.55
3523.55
3523.55
3523.55
3523.55
3523.55
3523.55
3523.55
3523.55
3523.55
3523.55
3523.55
3523.55
3523.55
3523.55
3523.55
3523.55
3523.55
3523.55
3523.55
3523.55
3523.55
3523.55
3523.55
3523.55
3523.55
3523.55
3523.55
3523.55
3523.55
3523.55
3523.55
3523.55
3523.55
3523.55
3523.55
3523.55
3523.55
3523.55
3523.56
3523.56
3523.56
3523.56
3523.56
3523.56
3523.56
3523.56
3523.56
3523.56
3523.56
3523.56
3523.56
3523.56
3523.56
3523.56
3523.56
3523.56
3523.56
3523.56
3523.56
3523.56
3523.56
3523.56
3523.56
3523.55
3523.55
3523.55
3523.55
3523.55
3523.55
3523.55
3523.55
3523.55
3523.55
3523.55
3523.55
3523.55
3523.55
3523.55
3523.55
3523.55
3523.55
3523.55
3523.55
3523.55
3523.55
3523.55
3523.55
3523.55
3523.55
3523.55
3523.55
3523.54
3523.54
3523.54
3523.54
3523.54
3523.54
3523.54
3523.54
3523.53
3523.53
3523.53
3523.53
3523.53
3523.53
3523.53
3523.52
3523.52
3523.52
3523.52
3523.52
3523.52
3523.44
3523.44
3523.44
3523.44
3523.44
3523.44
3523.44
3523.44
3523.44
3523.44
3523.44
3523.44
3523.44
3523.44
3523.44
3523.44
3523.44
3523.44
3523.44
3523.44
3523.44
3523.44
3523.44
3523.44
3523.44
3523.44
3523.44
3523.44
3523.44
3523.44
3523.44
3523.44
3523.44
3523.44
3523.44
3523.44
3523.44
3523.44
3523.44
3523.44
3523.44
3523.44
3523.43
3523.43
3523.43
3523.43
3523.43
3523.43
3523.43
3523.43
3523.43
3523.43
3523.43
3523.43
3523.43
3523.43
3523.43
3523.43
3523.43
3523.43
3523.43
3523.43
3523.43
3523.43
3523.43
3523.43
3523.43
3523.43
3523.43
3523.43
3523.43
3523.43
3523.43
3523.43
3523.43
3523.43
3523.43
3523.43
3523.43
3523.43
3523.43
3523.43
3523.43
3523.43
3523.43
3523.43
3523.43
3523.43
3523.43
3523.43
3523.43
3523.43
3523.43
3523.43
3523.43
3523.43
3523.43
3523.43
3523.43
3523.43
3523.43
3523.43
3523.43
3523.43
3523.43
3523.43
3523.43
3523.43
3523.43
3523.43
3523.43
3523.43
3523.43
3523.43
3523.43
3523.43
3523.43
3523.43
3523.43
3523.43
3523.43
3523.43
3523.43
3523.43
3523.43
3523.43
3523.43
3523.43
3523.43
3523.43
3523.43
3523.43
3523.43
3523.43
3523.43
3523.43
3523.43
3523.43
3523.43
3523.43
3523.43
3523.43
3523.43
3523.43
3523.43
3523.43
3523.43
3523.43
3523.43
3523.43
3523.43
3523.43
3523.43
3523.43
3523.43
3523.43
3523.43
3523.43
3523.43
3523.43
3523.43
3523.43
3523.43
3523.43
3523.43
3523.43
3523.43
3523.43
3523.43
3523.43
3523.43
3523.43
3523.43
3523.43
3523.43
3523.43
3523.43
3523.42
3523.42
3523.42
3523.42
3523.42
3523.42
3523.42
3523.42
3523.42
3523.42
3523.41
3523.41
3523.41
3523.41
3523.41
3523.41
3523.41
3523.4
3523.4
3523.4
3523.4
3523.4
3523.4
3523.32
3523.32
3523.32
3523.32
3523.32
3523.32
3523.32
3523.32
3523.32
3523.32
3523.32
3523.32
3523.32
3523.32
3523.32
3523.32
3523.32
3523.32
3523.32
3523.32
3523.32
3523.32
3523.32
3523.32
3523.32
3523.32
3523.31
3523.31
3523.31
3523.31
3523.31
3523.31
3523.31
3523.31
3523.31
3523.31
3523.31
3523.31
3523.31
3523.31
3523.31
3523.31
3523.31
3523.31
3523.31
3523.31
3523.31
3523.31
3523.31
3523.31
3523.31
3523.31
3523.31
3523.31
3523.31
3523.31
3523.31
3523.31
3523.31
3523.31
3523.31
3523.31
3523.31
3523.31
3523.31
3523.31
3523.31
3523.31
3523.31
3523.31
3523.31
3523.31
3523.31
3523.31
3523.31
3523.31
3523.31
3523.31
3523.31
3523.31
3523.31
3523.31
3523.31
3523.31
3523.31
3523.31
3523.31
3523.31
3523.31
3523.31
3523.31
3523.31
3523.31
3523.31
3523.31
3523.31
3523.31
3523.31
3523.31
3523.31
3523.31
3523.31
3523.31
3523.31
3523.31
3523.31
3523.31
3523.31
3523.31
3523.31
3523.31
3523.31
3523.31
3523.31
3523.31
3523.31
3523.31
3523.31
3523.31
3523.31
3523.31
3523.31
3523.31
3523.31
3523.31
3523.31
3523.31
3523.31
3523.31
3523.31
3523.31
3523.31
3523.31
3523.31
3523.31
3523.31
3523.31
3523.31
3523.31
3523.31
3523.31
3523.31
3523.31
3523.31
3523.31
3523.31
3523.31
3523.31
3523.31
3523.31
3523.31
3523.31
3523.31
3523.31
3523.31
3523.31
3523.31
3523.31
3523.31
3523.31
3523.31
3523.31
3523.31
3523.31
3523.31
3523.31
3523.31
3523.31
3523.31
3523.31
3523.31
3523.31
3523.31
3523.31
3523.3
3523.3
3523.3
3523.3
3523.3
3523.3
3523.3
3523.3
3523.3
3523.3
3523.3
3523.3
3523.29
3523.29
3523.29
3523.29
3523.29
3523.29
3523.29
3523.29
3523.28
3523.28
3523.28
3523.28
3523.28
3523.28
3523.19
3523.19
3523.19
3523.19
3523.19
3523.19
3523.19
3523.19
3523.19
3523.19
3523.19
3523.19
3523.19
3523.19
3523.19
3523.19
3523.19
3523.19
3523.19
3523.19
3523.19
3523.19
3523.19
3523.19
3523.19
3523.19
3523.19
3523.19
3523.19
3523.19
3523.19
3523.19
3523.19
3523.19
3523.19
3523.19
3523.19
3523.19
3523.19
3523.19
3523.19
3523.19
3523.19
3523.19
3523.19
3523.19
3523.19
3523.19
3523.19
3523.19
3523.19
3523.19
3523.19
3523.19
3523.19
3523.19
3523.19
3523.19
3523.19
3523.19
3523.19
3523.19
3523.19
3523.19
3523.19
3523.19
3523.19
3523.19
3523.19
3523.19
3523.19
3523.19
3523.19
3523.19
3523.19
3523.19
3523.19
3523.19
3523.19
3523.19
3523.19
3523.19
3523.19
3523.19
3523.19
3523.19
3523.19
3523.19
3523.19
3523.19
3523.19
3523.19
3523.19
3523.19
3523.19
3523.19
3523.19
3523.19
3523.19
3523.19
3523.19
3523.19
3523.19
3523.19
3523.19
3523.19
3523.19
3523.19
3523.19
3523.19
3523.19
3523.19
3523.19
3523.19
3523.19
3523.19
3523.19
3523.19
3523.19
3523.19
3523.19
3523.19
3523.19
3523.19
3523.19
3523.19
3523.19
3523.19
3523.19
3523.19
3523.19
3523.19
3523.19
3523.19
3523.19
3523.19
3523.19
3523.19
3523.19
3523.19
3523.19
3523.19
3523.19
3523.19
3523.19
3523.19
3523.19
3523.19
3523.19
3523.19
3523.19
3523.19
3523.19
3523.19
3523.19
3523.19
3523.19
3523.19
3523.19
3523.19
3523.19
3523.19
3523.19
3523.19
3523.19
3523.19
3523.19
3523.19
3523.19
3523.19
3523.18
3523.18
3523.18
3523.18
3523.18
3523.18
3523.18
3523.18
3523.18
3523.18
3523.18
3523.18
3523.18
3523.18
3523.18
3523.17
3523.17
3523.17
3523.17
3523.17
3523.17
3523.17
3523.17
3523.17
3523.16
3523.16
3523.16
3523.16
3523.16
3523.16
3523.07
3523.07
3523.07
3523.07
3523.07
3523.07
3523.07
3523.07
3523.07
3523.07
3523.07
3523.07
3523.07
3523.07
3523.07
3523.07
3523.07
3523.07
3523.07
3523.07
3523.07
3523.07
3523.07
3523.07
3523.07
3523.07
3523.07
3523.07
3523.07
3523.07
3523.07
3523.07
3523.07
3523.07
3523.07
3523.07
3523.07
3523.07
3523.07
3523.07
3523.07
3523.07
3523.07
3523.07
3523.07
3523.07
3523.07
3523.07
3523.07
3523.07
3523.07
3523.07
3523.07
3523.07
3523.07
3523.07
3523.07
3523.07
3523.07
3523.07
3523.07
3523.07
3523.07
3523.07
3523.07
3523.07
3523.07
3523.07
3523.07
3523.07
3523.07
3523.07
3523.07
3523.07
3523.07
3523.07
3523.07
3523.07
3523.07
3523.07
3523.07
3523.07
3523.07
3523.07
3523.07
3523.07
3523.07
3523.07
3523.07
3523.07
3523.07
3523.07
3523.07
3523.07
3523.07
3523.07
3523.07
3523.07
3523.07
3523.07
3523.07
3523.07
3523.07
3523.07
3523.07
3523.07
3523.07
3523.07
3523.07
3523.07
3523.07
3523.07
3523.07
3523.07
3523.07
3523.07
3523.07
3523.07
3523.07
3523.07
3523.07
3523.07
3523.07
3523.07
3523.07
3523.07
3523.07
3523.07
3523.07
3523.07
3523.07
3523.07
3523.07
3523.07
3523.07
3523.07
3523.07
3523.07
3523.07
3523.07
3523.07
3523.07
3523.07
3523.07
3523.07
3523.07
3523.07
3523.07
3523.07
3523.07
3523.07
3523.07
3523.07
3523.07
3523.07
3523.07
3523.07
3523.07
3523.07
3523.07
3523.07
3523.07
3523.07
3523.07
3523.07
3523.06
3523.06
3523.06
3523.06
3523.06
3523.06
3523.06
3523.06
3523.06
3523.06
3523.06
3523.06
3523.06
3523.06
3523.06
3523.06
3523.06
3523.06
3523.05
3523.05
3523.05
3523.05
3523.05
3523.05
3523.05
3523.05
3523.05
3523.05
3523.05
3523.04
3523.04
3523.04
3523.04
3523.04
3523.04
3522.94
3522.94
3522.94
3522.94
3522.94
3522.94
3522.94
3522.94
3522.94
3522.94
3522.95
3522.95
3522.95
3522.95
3522.95
3522.95
3522.95
3522.95
3522.95
3522.95
3522.95
3522.95
3522.95
3522.95
3522.95
3522.95
3522.95
3522.95
3522.95
3522.95
3522.95
3522.95
3522.95
3522.95
3522.95
3522.95
3522.95
3522.95
3522.95
3522.95
3522.95
3522.95
3522.95
3522.95
3522.95
3522.95
3522.95
3522.95
3522.95
3522.95
3522.95
3522.95
3522.95
3522.95
3522.95
3522.95
3522.95
3522.95
3522.95
3522.95
3522.94
3522.94
3522.94
3522.94
3522.94
3522.94
3522.94
3522.94
3522.94
3522.94
3522.94
3522.94
3522.94
3522.94
3522.94
3522.94
3522.94
3522.94
3522.94
3522.94
3522.94
3522.94
3522.94
3522.94
3522.94
3522.94
3522.94
3522.94
3522.94
3522.94
3522.94
3522.94
3522.94
3522.94
3522.94
3522.94
3522.94
3522.94
3522.94
3522.94
3522.94
3522.94
3522.94
3522.94
3522.94
3522.94
3522.94
3522.94
3522.94
3522.94
3522.94
3522.94
3522.94
3522.94
3522.94
3522.94
3522.94
3522.94
3522.94
3522.94
3522.94
3522.94
3522.94
3522.94
3522.94
3522.94
3522.94
3522.94
3522.95
3522.95
3522.95
3522.95
3522.95
3522.95
3522.95
3522.95
3522.95
3522.95
3522.95
3522.95
3522.95
3522.95
3522.95
3522.95
3522.95
3522.95
3522.95
3522.95
3522.95
3522.95
3522.95
3522.94
3522.94
3522.94
3522.94
3522.94
3522.94
3522.94
3522.94
3522.94
3522.94
3522.94
3522.94
3522.94
3522.94
3522.94
3522.94
3522.94
3522.94
3522.94
3522.94
3522.94
3522.94
3522.94
3522.94
3522.94
3522.94
3522.94
3522.94
3522.94
3522.94
3522.93
3522.93
3522.93
3522.93
3522.93
3522.93
3522.93
3522.93
3522.93
3522.93
3522.93
3522.93
3522.92
3522.92
3522.92
3522.92
3522.92
3522.92
3522.92
3522.82
3522.82
3522.82
3522.82
3522.82
3522.82
3522.82
3522.82
3522.82
3522.82
3522.82
3522.82
3522.82
3522.82
3522.82
3522.82
3522.82
3522.82
3522.82
3522.83
3522.83
3522.83
3522.83
3522.83
3522.83
3522.83
3522.83
3522.83
3522.83
3522.83
3522.83
3522.83
3522.83
3522.83
3522.83
3522.83
3522.83
3522.83
3522.83
3522.83
3522.83
3522.83
3522.82
3522.82
3522.82
3522.82
3522.82
3522.82
3522.82
3522.82
3522.82
3522.82
3522.82
3522.82
3522.82
3522.82
3522.82
3522.82
3522.82
3522.82
3522.82
3522.82
3522.82
3522.82
3522.82
3522.82
3522.82
3522.82
3522.82
3522.82
3522.82
3522.82
3522.82
3522.82
3522.82
3522.82
3522.82
3522.82
3522.82
3522.82
3522.82
3522.82
3522.82
3522.82
3522.82
3522.82
3522.82
3522.82
3522.82
3522.82
3522.82
3522.82
3522.82
3522.82
3522.82
3522.82
3522.82
3522.82
3522.82
3522.82
3522.82
3522.82
3522.82
3522.82
3522.82
3522.82
3522.82
3522.82
3522.82
3522.82
3522.82
3522.82
3522.82
3522.82
3522.82
3522.82
3522.82
3522.82
3522.82
3522.82
3522.82
3522.82
3522.82
3522.82
3522.82
3522.82
3522.82
3522.82
3522.82
3522.82
3522.82
3522.82
3522.82
3522.82
3522.82
3522.82
3522.82
3522.82
3522.82
3522.82
3522.82
3522.82
3522.82
3522.82
3522.82
3522.82
3522.82
3522.82
3522.82
3522.82
3522.82
3522.82
3522.82
3522.82
3522.82
3522.82
3522.82
3522.82
3522.82
3522.82
3522.82
3522.82
3522.82
3522.82
3522.82
3522.82
3522.82
3522.82
3522.82
3522.82
3522.82
3522.82
3522.82
3522.82
3522.82
3522.82
3522.82
3522.82
3522.82
3522.81
3522.81
3522.81
3522.81
3522.81
3522.81
3522.81
3522.81
3522.81
3522.81
3522.81
3522.81
3522.81
3522.81
3522.8
3522.8
3522.8
3522.8
3522.8
3522.8
3522.8
3522.7
3522.7
3522.7
3522.7
3522.7
3522.7
3522.7
3522.7
3522.7
3522.7
3522.7
3522.7
3522.7
3522.7
3522.7
3522.7
3522.7
3522.7
3522.7
3522.7
3522.7
3522.7
3522.7
3522.7
3522.7
3522.7
3522.7
3522.7
3522.7
3522.7
3522.7
3522.7
3522.7
3522.7
3522.7
3522.7
3522.7
3522.7
3522.7
3522.7
3522.7
3522.7
3522.7
3522.7
3522.7
3522.7
3522.7
3522.7
3522.7
3522.7
3522.7
3522.7
3522.7
3522.7
3522.7
3522.7
3522.7
3522.7
3522.7
3522.7
3522.7
3522.7
3522.7
3522.7
3522.7
3522.7
3522.7
3522.7
3522.7
3522.7
3522.7
3522.7
3522.7
3522.7
3522.7
3522.7
3522.7
3522.7
3522.7
3522.7
3522.7
3522.7
3522.7
3522.7
3522.7
3522.7
3522.7
3522.7
3522.7
3522.7
3522.7
3522.7
3522.7
3522.7
3522.7
3522.7
3522.7
3522.7
3522.7
3522.7
3522.7
3522.7
3522.7
3522.7
3522.7
3522.7
3522.7
3522.7
3522.7
3522.7
3522.7
3522.7
3522.7
3522.7
3522.7
3522.7
3522.7
3522.7
3522.7
3522.7
3522.7
3522.7
3522.7
3522.7
3522.7
3522.7
3522.7
3522.7
3522.7
3522.7
3522.7
3522.7
3522.7
3522.7
3522.7
3522.7
3522.7
3522.7
3522.7
3522.7
3522.7
3522.7
3522.7
3522.7
3522.7
3522.7
3522.7
3522.7
3522.7
3522.7
3522.7
3522.7
3522.7
3522.7
3522.7
3522.7
3522.7
3522.7
3522.7
3522.7
3522.7
3522.7
3522.7
3522.7
3522.7
3522.7
3522.7
3522.7
3522.7
3522.7
3522.7
3522.7
3522.7
3522.7
3522.7
3522.7
3522.7
3522.69
3522.69
3522.69
3522.69
3522.69
3522.69
3522.69
3522.69
3522.69
3522.69
3522.69
3522.69
3522.69
3522.69
3522.69
3522.68
3522.68
3522.68
3522.68
3522.68
3522.68
3522.68
3522.68
3522.57
3522.57
3522.57
3522.57
3522.57
3522.57
3522.57
3522.57
3522.57
3522.57
3522.57
3522.57
3522.58
3522.58
3522.58
3522.58
3522.58
3522.58
3522.58
3522.58
3522.58
3522.58
3522.58
3522.58
3522.58
3522.58
3522.58
3522.58
3522.58
3522.58
3522.58
3522.58
3522.58
3522.58
3522.58
3522.58
3522.58
3522.58
3522.58
3522.58
3522.58
3522.58
3522.58
3522.58
3522.58
3522.58
3522.58
3522.58
3522.58
3522.58
3522.58
3522.58
3522.58
3522.58
3522.58
3522.58
3522.58
3522.58
3522.58
3522.58
3522.58
3522.58
3522.58
3522.58
3522.58
3522.58
3522.58
3522.58
3522.58
3522.58
3522.58
3522.58
3522.58
3522.58
3522.58
3522.58
3522.58
3522.58
3522.58
3522.58
3522.58
3522.58
3522.58
3522.58
3522.58
3522.58
3522.58
3522.58
3522.58
3522.58
3522.58
3522.58
3522.58
3522.58
3522.58
3522.58
3522.58
3522.58
3522.58
3522.58
3522.58
3522.58
3522.58
3522.58
3522.58
3522.58
3522.58
3522.58
3522.58
3522.58
3522.58
3522.58
3522.58
3522.58
3522.58
3522.58
3522.58
3522.58
3522.58
3522.58
3522.58
3522.58
3522.58
3522.58
3522.58
3522.58
3522.58
3522.58
3522.58
3522.58
3522.58
3522.58
3522.58
3522.58
3522.58
3522.58
3522.58
3522.58
3522.58
3522.58
3522.58
3522.58
3522.58
3522.58
3522.58
3522.58
3522.58
3522.58
3522.58
3522.58
3522.58
3522.58
3522.58
3522.58
3522.58
3522.58
3522.58
3522.58
3522.58
3522.58
3522.58
3522.58
3522.58
3522.58
3522.58
3522.58
3522.58
3522.58
3522.58
3522.58
3522.58
3522.58
3522.58
3522.57
3522.57
3522.57
3522.57
3522.57
3522.57
3522.57
3522.57
3522.57
3522.57
3522.57
3522.57
3522.57
3522.57
3522.57
3522.57
3522.57
3522.57
3522.56
3522.56
3522.56
3522.56
3522.56
3522.56
3522.56
3522.56
3522.56
3522.45
3522.45
3522.45
3522.45
3522.45
3522.45
3522.45
3522.45
3522.45
3522.45
3522.45
3522.45
3522.45
3522.45
3522.45
3522.45
3522.46
3522.46
3522.46
3522.46
3522.46
3522.46
3522.46
3522.46
3522.46
3522.46
3522.46
3522.46
3522.46
3522.46
3522.46
3522.46
3522.46
3522.46
3522.46
3522.46
3522.46
3522.46
3522.46
3522.46
3522.46
3522.46
3522.46
3522.46
3522.46
3522.46
3522.46
3522.46
3522.46
3522.46
3522.46
3522.46
3522.46
3522.46
3522.46
3522.46
3522.46
3522.46
3522.46
3522.46
3522.46
3522.46
3522.46
3522.46
3522.46
3522.46
3522.46
3522.46
3522.46
3522.46
3522.46
3522.46
3522.46
3522.46
3522.46
3522.46
3522.46
3522.46
3522.46
3522.46
3522.46
3522.46
3522.46
3522.46
3522.46
3522.46
3522.46
3522.46
3522.46
3522.46
3522.46
3522.46
3522.46
3522.46
3522.46
3522.46
3522.46
3522.46
3522.46
3522.46
3522.46
3522.46
3522.46
3522.46
3522.46
3522.46
3522.46
3522.46
3522.46
3522.46
3522.46
3522.46
3522.46
3522.46
3522.46
3522.46
3522.46
3522.46
3522.46
3522.46
3522.46
3522.46
3522.46
3522.46
3522.46
3522.46
3522.46
3522.46
3522.46
3522.46
3522.46
3522.46
3522.46
3522.46
3522.46
3522.46
3522.46
3522.46
3522.46
3522.46
3522.46
3522.46
3522.46
3522.46
3522.46
3522.46
3522.46
3522.46
3522.46
3522.46
3522.46
3522.46
3522.46
3522.46
3522.46
3522.46
3522.46
3522.46
3522.46
3522.46
3522.46
3522.46
3522.46
3522.46
3522.46
3522.46
3522.46
3522.46
3522.45
3522.45
3522.45
3522.45
3522.45
3522.45
3522.45
3522.45
3522.45
3522.45
3522.45
3522.45
3522.45
3522.45
3522.45
3522.45
3522.45
3522.45
3522.45
3522.45
3522.45
3522.45
3522.44
3522.44
3522.44
3522.44
3522.44
3522.44
3522.44
3522.44
3522.44
3522.44
3522.32
3522.32
3522.32
3522.32
3522.32
3522.32
3522.32
3522.32
3522.32
3522.33
3522.33
3522.33
3522.33
3522.33
3522.33
3522.33
3522.33
3522.33
3522.33
3522.34
3522.34
3522.34
3522.34
3522.34
3522.34
3522.34
3522.34
3522.34
3522.34
3522.34
3522.34
3522.34
3522.34
3522.34
3522.34
3522.34
3522.34
3522.34
3522.34
3522.34
3522.34
3522.34
3522.34
3522.34
3522.34
3522.34
3522.34
3522.34
3522.34
3522.34
3522.34
3522.34
3522.34
3522.34
3522.34
3522.34
3522.34
3522.34
3522.34
3522.34
3522.34
3522.33
3522.33
3522.33
3522.33
3522.33
3522.33
3522.33
3522.33
3522.33
3522.33
3522.33
3522.33
3522.33
3522.33
3522.33
3522.33
3522.33
3522.33
3522.33
3522.33
3522.33
3522.33
3522.33
3522.33
3522.33
3522.33
3522.33
3522.33
3522.33
3522.33
3522.33
3522.33
3522.33
3522.33
3522.33
3522.33
3522.33
3522.33
3522.33
3522.33
3522.33
3522.33
3522.33
3522.33
3522.33
3522.33
3522.33
3522.33
3522.33
3522.33
3522.33
3522.33
3522.33
3522.33
3522.33
3522.33
3522.33
3522.33
3522.33
3522.33
3522.33
3522.33
3522.33
3522.33
3522.34
3522.34
3522.34
3522.34
3522.34
3522.34
3522.34
3522.34
3522.34
3522.34
3522.34
3522.34
3522.34
3522.34
3522.34
3522.34
3522.34
3522.34
3522.34
3522.34
3522.34
3522.34
3522.34
3522.34
3522.34
3522.34
3522.34
3522.34
3522.34
3522.34
3522.34
3522.33
3522.33
3522.33
3522.33
3522.33
3522.33
3522.33
3522.33
3522.33
3522.33
3522.33
3522.33
3522.33
3522.33
3522.33
3522.33
3522.33
3522.33
3522.33
3522.33
3522.33
3522.33
3522.33
3522.33
3522.33
3522.33
3522.33
3522.33
3522.33
3522.33
3522.33
3522.33
3522.32
3522.32
3522.32
3522.32
3522.32
3522.32
3522.32
3522.32
3522.32
3522.32
3522.32
3522.32
3522.2
3522.2
3522.2
3522.2
3522.2
3522.2
3522.2
3522.2
3522.2
3522.2
3522.2
3522.2
3522.21
3522.21
3522.21
3522.21
3522.21
3522.21
3522.21
3522.21
3522.21
3522.21
3522.21
3522.21
3522.22
3522.22
3522.22
3522.22
3522.22
3522.22
3522.22
3522.22
3522.22
3522.22
3522.22
3522.22
3522.22
3522.22
3522.22
3522.22
3522.22
3522.22
3522.21
3522.21
3522.21
3522.21
3522.21
3522.21
3522.21
3522.21
3522.21
3522.21
3522.21
3522.21
3522.21
3522.21
3522.21
3522.21
3522.21
3522.21
3522.21
3522.21
3522.21
3522.21
3522.21
3522.21
3522.21
3522.21
3522.21
3522.21
3522.21
3522.21
3522.21
3522.21
3522.21
3522.21
3522.21
3522.21
3522.21
3522.21
3522.21
3522.21
3522.21
3522.21
3522.21
3522.21
3522.21
3522.21
3522.21
3522.21
3522.21
3522.21
3522.21
3522.21
3522.21
3522.21
3522.21
3522.21
3522.21
3522.21
3522.21
3522.21
3522.21
3522.21
3522.21
3522.21
3522.21
3522.21
3522.21
3522.21
3522.21
3522.21
3522.21
3522.21
3522.21
3522.21
3522.21
3522.21
3522.21
3522.21
3522.21
3522.21
3522.21
3522.21
3522.21
3522.21
3522.21
3522.21
3522.21
3522.21
3522.21
3522.21
3522.21
3522.21
3522.21
3522.21
3522.21
3522.21
3522.21
3522.21
3522.21
3522.21
3522.21
3522.21
3522.21
3522.21
3522.21
3522.21
3522.21
3522.21
3522.21
3522.21
3522.21
3522.21
3522.21
3522.21
3522.21
3522.21
3522.21
3522.21
3522.21
3522.21
3522.21
3522.21
3522.21
3522.21
3522.21
3522.21
3522.21
3522.21
3522.21
3522.21
3522.21
3522.21
3522.21
3522.21
3522.21
3522.21
3522.21
3522.21
3522.21
3522.21
3522.21
3522.21
3522.21
3522.21
3522.2
3522.2
3522.2
3522.2
3522.2
3522.2
3522.2
3522.2
3522.2
3522.2
3522.2
3522.2
3522.2
3522.2
3522.08
3522.08
3522.07
3522.07
3522.07
3522.07
3522.07
3522.07
3522.08
3522.08
3522.08
3522.08
3522.08
3522.08
3522.09
3522.09
3522.09
3522.09
3522.09
3522.09
3522.09
3522.09
3522.09
3522.09
3522.09
3522.09
3522.09
3522.09
3522.09
3522.09
3522.09
3522.09
3522.09
3522.09
3522.09
3522.09
3522.09
3522.09
3522.09
3522.09
3522.09
3522.09
3522.09
3522.09
3522.09
3522.09
3522.09
3522.09
3522.09
3522.09
3522.09
3522.09
3522.09
3522.09
3522.09
3522.09
3522.09
3522.09
3522.09
3522.09
3522.09
3522.09
3522.09
3522.09
3522.09
3522.09
3522.09
3522.09
3522.09
3522.09
3522.09
3522.09
3522.09
3522.09
3522.09
3522.09
3522.09
3522.09
3522.09
3522.09
3522.09
3522.09
3522.09
3522.09
3522.09
3522.09
3522.09
3522.09
3522.09
3522.09
3522.09
3522.09
3522.09
3522.09
3522.09
3522.09
3522.09
3522.09
3522.09
3522.09
3522.09
3522.09
3522.09
3522.09
3522.09
3522.09
3522.09
3522.09
3522.09
3522.09
3522.09
3522.09
3522.09
3522.09
3522.09
3522.09
3522.09
3522.09
3522.09
3522.09
3522.09
3522.09
3522.09
3522.09
3522.09
3522.09
3522.09
3522.09
3522.09
3522.09
3522.09
3522.09
3522.09
3522.09
3522.09
3522.09
3522.09
3522.09
3522.09
3522.09
3522.09
3522.09
3522.09
3522.09
3522.09
3522.09
3522.09
3522.09
3522.09
3522.09
3522.09
3522.09
3522.09
3522.09
3522.09
3522.09
3522.09
3522.09
3522.09
3522.09
3522.09
3522.09
3522.09
3522.09
3522.09
3522.09
3522.09
3522.09
3522.09
3522.09
3522.09
3522.09
3522.09
3522.09
3522.09
3522.09
3522.09
3522.09
3522.09
3522.09
3522.09
3522.09
3522.09
3522.08
3522.08
3522.08
3522.08
3522.08
3522.08
3522.08
3522.08
3522.08
3522.08
3522.08
3522.08
3522.08
3522.08
3522.08
3522.08
3522.08
3521.96
3521.96
3521.96
3521.95
3521.95
3521.95
3521.95
3521.95
3521.95
3521.95
3521.96
3521.96
3521.96
3521.96
3521.96
3521.96
3521.97
3521.97
3521.97
3521.97
3521.97
3521.97
3521.97
3521.97
3521.97
3521.97
3521.97
3521.97
3521.97
3521.97
3521.97
3521.97
3521.97
3521.97
3521.97
3521.97
3521.97
3521.97
3521.97
3521.97
3521.97
3521.97
3521.97
3521.97
3521.97
3521.97
3521.97
3521.97
3521.97
3521.97
3521.97
3521.97
3521.97
3521.97
3521.97
3521.97
3521.97
3521.97
3521.97
3521.97
3521.97
3521.97
3521.97
3521.97
3521.97
3521.97
3521.97
3521.97
3521.97
3521.97
3521.97
3521.97
3521.97
3521.97
3521.97
3521.97
3521.97
3521.97
3521.97
3521.97
3521.97
3521.97
3521.97
3521.97
3521.97
3521.97
3521.97
3521.97
3521.97
3521.97
3521.97
3521.97
3521.97
3521.97
3521.97
3521.97
3521.97
3521.97
3521.97
3521.97
3521.97
3521.97
3521.97
3521.97
3521.97
3521.97
3521.97
3521.97
3521.97
3521.97
3521.97
3521.97
3521.97
3521.97
3521.97
3521.97
3521.97
3521.97
3521.97
3521.97
3521.97
3521.97
3521.97
3521.97
3521.97
3521.97
3521.97
3521.97
3521.97
3521.97
3521.97
3521.97
3521.97
3521.97
3521.97
3521.97
3521.97
3521.97
3521.97
3521.97
3521.97
3521.97
3521.97
3521.97
3521.97
3521.97
3521.97
3521.97
3521.97
3521.97
3521.97
3521.97
3521.97
3521.97
3521.97
3521.97
3521.97
3521.97
3521.97
3521.97
3521.97
3521.97
3521.97
3521.97
3521.97
3521.97
3521.97
3521.97
3521.97
3521.97
3521.97
3521.97
3521.97
3521.97
3521.97
3521.97
3521.97
3521.97
3521.97
3521.97
3521.96
3521.96
3521.96
3521.96
3521.96
3521.96
3521.96
3521.96
3521.96
3521.96
3521.96
3521.96
3521.96
3521.96
3521.96
3521.96
3521.96
3521.96
3521.96
3521.96
3522.09
3521.86
3521.9
3521.9
3521.9
3521.88
3521.86
3521.84
3521.83
3521.83
3521.83
3521.83
3521.84
3521.84
3521.84
3521.84
3521.84
3521.84
3521.85
3521.85
3521.85
3521.85
3521.85
3521.85
3521.85
3521.85
3521.85
3521.85
3521.85
3521.85
3521.85
3521.85
3521.85
3521.85
3521.85
3521.85
3521.85
3521.85
3521.85
3521.85
3521.85
3521.85
3521.85
3521.85
3521.85
3521.85
3521.85
3521.85
3521.85
3521.85
3521.85
3521.85
3521.85
3521.85
3521.85
3521.85
3521.85
3521.85
3521.85
3521.85
3521.85
3521.85
3521.85
3521.85
3521.85
3521.85
3521.85
3521.85
3521.85
3521.85
3521.85
3521.85
3521.85
3521.85
3521.85
3521.85
3521.85
3521.85
3521.85
3521.85
3521.85
3521.85
3521.85
3521.85
3521.85
3521.85
3521.85
3521.85
3521.85
3521.85
3521.85
3521.85
3521.85
3521.85
3521.85
3521.85
3521.85
3521.85
3521.85
3521.85
3521.85
3521.85
3521.85
3521.85
3521.85
3521.85
3521.85
3521.85
3521.85
3521.85
3521.85
3521.85
3521.85
3521.85
3521.85
3521.85
3521.85
3521.85
3521.85
3521.85
3521.85
3521.85
3521.85
3521.85
3521.85
3521.85
3521.85
3521.85
3521.85
3521.85
3521.85
3521.85
3521.85
3521.85
3521.85
3521.85
3521.85
3521.85
3521.85
3521.85
3521.85
3521.85
3521.85
3521.85
3521.85
3521.85
3521.85
3521.85
3521.85
3521.85
3521.85
3521.85
3521.85
3521.85
3521.85
3521.85
3521.85
3521.85
3521.85
3521.85
3521.85
3521.85
3521.85
3521.85
3521.85
3521.85
3521.85
3521.85
3521.85
3521.85
3521.85
3521.85
3521.85
3521.85
3521.85
3521.84
3521.84
3521.84
3521.84
3521.84
3521.84
3521.84
3521.84
3521.84
3521.84
3521.84
3521.84
3521.84
3521.84
3521.84
3521.84
3521.84
3521.84
3521.84
3521.84
3521.84
3521.84
3521.84
3521.84
3521.84
3520.14
3523.5
3522.27
3522.49
3522.56
3522.41
3522.13
3521.89
3521.76
3521.72
3521.71
3521.71
3521.71
3521.72
3521.72
3521.72
3521.72
3521.72
3521.72
3521.72
3521.73
3521.73
3521.73
3521.73
3521.73
3521.73
3521.73
3521.73
3521.73
3521.73
3521.73
3521.73
3521.73
3521.73
3521.73
3521.73
3521.73
3521.73
3521.73
3521.73
3521.73
3521.73
3521.73
3521.73
3521.73
3521.73
3521.73
3521.73
3521.73
3521.73
3521.73
3521.73
3521.73
3521.73
3521.73
3521.73
3521.73
3521.73
3521.73
3521.73
3521.73
3521.73
3521.73
3521.73
3521.72
3521.72
3521.72
3521.72
3521.72
3521.72
3521.72
3521.72
3521.72
3521.72
3521.72
3521.72
3521.72
3521.72
3521.72
3521.72
3521.72
3521.72
3521.72
3521.72
3521.72
3521.72
3521.72
3521.72
3521.72
3521.72
3521.72
3521.72
3521.72
3521.72
3521.72
3521.72
3521.72
3521.72
3521.72
3521.72
3521.72
3521.72
3521.72
3521.72
3521.72
3521.72
3521.72
3521.72
3521.72
3521.72
3521.72
3521.72
3521.72
3521.72
3521.72
3521.72
3521.72
3521.72
3521.73
3521.73
3521.73
3521.73
3521.73
3521.73
3521.73
3521.73
3521.73
3521.73
3521.73
3521.73
3521.73
3521.73
3521.73
3521.73
3521.73
3521.73
3521.73
3521.73
3521.73
3521.73
3521.73
3521.73
3521.73
3521.73
3521.73
3521.73
3521.73
3521.73
3521.73
3521.73
3521.73
3521.73
3521.73
3521.73
3521.73
3521.73
3521.73
3521.73
3521.73
3521.73
3521.73
3521.73
3521.73
3521.73
3521.73
3521.73
3521.73
3521.72
3521.72
3521.72
3521.72
3521.72
3521.72
3521.72
3521.72
3521.72
3521.72
3521.72
3521.72
3521.72
3521.72
3521.72
3521.72
3521.72
3521.72
3521.72
3521.72
3521.72
3521.72
3521.72
3521.72
3521.72
3521.72
3521.72
3521.72
3521.72
3521.72
3521.72
3521.72
3521.72
3532.4
3510.9
3523.88
3527.3
3528.18
3527.39
3525.39
3523.39
3522.19
3521.73
3521.62
3521.59
3521.59
3521.6
3521.6
3521.6
3521.6
3521.6
3521.6
3521.6
3521.6
3521.6
3521.6
3521.61
3521.61
3521.61
3521.61
3521.61
3521.61
3521.61
3521.61
3521.61
3521.61
3521.61
3521.61
3521.61
3521.61
3521.61
3521.61
3521.61
3521.61
3521.61
3521.61
3521.61
3521.61
3521.6
3521.6
3521.6
3521.6
3521.6
3521.6
3521.6
3521.6
3521.6
3521.6
3521.6
3521.6
3521.6
3521.6
3521.6
3521.6
3521.6
3521.6
3521.6
3521.6
3521.6
3521.6
3521.6
3521.6
3521.6
3521.6
3521.6
3521.6
3521.6
3521.6
3521.6
3521.6
3521.6
3521.6
3521.6
3521.6
3521.6
3521.6
3521.6
3521.6
3521.6
3521.6
3521.6
3521.6
3521.6
3521.6
3521.6
3521.6
3521.6
3521.6
3521.6
3521.6
3521.6
3521.6
3521.6
3521.6
3521.6
3521.6
3521.6
3521.6
3521.6
3521.6
3521.6
3521.6
3521.6
3521.6
3521.6
3521.6
3521.6
3521.6
3521.6
3521.6
3521.6
3521.6
3521.6
3521.6
3521.6
3521.6
3521.6
3521.6
3521.6
3521.6
3521.6
3521.6
3521.6
3521.6
3521.6
3521.6
3521.6
3521.6
3521.6
3521.6
3521.6
3521.6
3521.6
3521.6
3521.6
3521.6
3521.6
3521.6
3521.6
3521.6
3521.6
3521.6
3521.6
3521.6
3521.6
3521.6
3521.6
3521.6
3521.6
3521.6
3521.6
3521.6
3521.6
3521.6
3521.6
3521.6
3521.6
3521.6
3521.6
3521.6
3521.6
3521.6
3521.6
3521.6
3521.6
3521.6
3521.6
3521.6
3521.6
3521.6
3521.6
3521.6
3521.6
3521.6
3521.6
3521.6
3521.6
3521.6
3521.6
3521.6
3521.6
3521.6
3521.6
3521.6
3521.6
3521.6
3521.6
3521.6
3521.6
3521.6
3521.6
3521.6
3521.6
3532.19
3606.92
3574.97
3554.55
3557.11
3555.55
3545.7
3534.33
3526.36
3522.8
3521.74
3521.51
3521.48
3521.48
3521.48
3521.48
3521.48
3521.48
3521.48
3521.48
3521.48
3521.48
3521.48
3521.48
3521.48
3521.48
3521.48
3521.48
3521.48
3521.48
3521.48
3521.48
3521.48
3521.48
3521.48
3521.48
3521.48
3521.48
3521.48
3521.48
3521.48
3521.48
3521.48
3521.48
3521.48
3521.48
3521.48
3521.48
3521.48
3521.48
3521.48
3521.48
3521.48
3521.48
3521.48
3521.48
3521.48
3521.48
3521.48
3521.48
3521.48
3521.48
3521.48
3521.48
3521.48
3521.48
3521.48
3521.48
3521.48
3521.48
3521.48
3521.48
3521.48
3521.48
3521.48
3521.48
3521.48
3521.48
3521.48
3521.48
3521.48
3521.48
3521.48
3521.48
3521.48
3521.48
3521.48
3521.48
3521.48
3521.48
3521.48
3521.48
3521.48
3521.48
3521.48
3521.48
3521.48
3521.48
3521.48
3521.48
3521.48
3521.48
3521.48
3521.48
3521.48
3521.48
3521.48
3521.48
3521.48
3521.48
3521.48
3521.48
3521.48
3521.48
3521.48
3521.48
3521.48
3521.48
3521.48
3521.48
3521.48
3521.48
3521.48
3521.48
3521.48
3521.48
3521.48
3521.48
3521.48
3521.48
3521.48
3521.48
3521.48
3521.48
3521.48
3521.48
3521.48
3521.48
3521.48
3521.48
3521.48
3521.48
3521.48
3521.48
3521.48
3521.48
3521.48
3521.48
3521.48
3521.48
3521.48
3521.48
3521.48
3521.48
3521.48
3521.48
3521.48
3521.48
3521.48
3521.48
3521.48
3521.48
3521.48
3521.48
3521.48
3521.48
3521.48
3521.48
3521.48
3521.48
3521.48
3521.48
3521.48
3521.48
3521.48
3521.48
3521.48
3521.48
3521.48
3521.48
3521.48
3521.48
3521.48
3521.48
3521.48
3521.48
3521.48
3521.48
3521.48
3521.48
3521.48
3521.48
3521.48
3521.48
3521.48
3521.48
3521.48
3521.48
3521.48
3521.48
3395.36
3331.06
3396.5
3554.95
3660.12
3668.31
3632.34
3587.36
3550.21
3530.34
3523.4
3521.71
3521.4
3521.36
3521.36
3521.36
3521.36
3521.36
3521.36
3521.36
3521.36
3521.36
3521.36
3521.36
3521.36
3521.36
3521.36
3521.36
3521.36
3521.36
3521.36
3521.36
3521.36
3521.36
3521.36
3521.36
3521.36
3521.36
3521.36
3521.36
3521.36
3521.36
3521.36
3521.36
3521.36
3521.36
3521.36
3521.36
3521.36
3521.36
3521.36
3521.36
3521.36
3521.36
3521.36
3521.36
3521.36
3521.36
3521.36
3521.36
3521.36
3521.36
3521.36
3521.36
3521.36
3521.36
3521.36
3521.36
3521.36
3521.36
3521.36
3521.36
3521.36
3521.36
3521.36
3521.36
3521.36
3521.36
3521.36
3521.36
3521.36
3521.36
3521.36
3521.36
3521.36
3521.36
3521.36
3521.36
3521.36
3521.36
3521.36
3521.36
3521.36
3521.36
3521.36
3521.36
3521.36
3521.36
3521.36
3521.36
3521.36
3521.36
3521.36
3521.36
3521.36
3521.36
3521.36
3521.36
3521.36
3521.36
3521.36
3521.36
3521.36
3521.36
3521.36
3521.36
3521.36
3521.36
3521.36
3521.36
3521.36
3521.36
3521.36
3521.36
3521.36
3521.36
3521.36
3521.36
3521.36
3521.36
3521.36
3521.36
3521.36
3521.36
3521.36
3521.36
3521.36
3521.36
3521.36
3521.36
3521.36
3521.36
3521.36
3521.36
3521.36
3521.36
3521.36
3521.36
3521.36
3521.36
3521.36
3521.36
3521.36
3521.36
3521.36
3521.36
3521.36
3521.36
3521.36
3521.36
3521.36
3521.36
3521.36
3521.36
3521.36
3521.36
3521.36
3521.36
3521.36
3521.36
3521.36
3521.36
3521.36
3521.36
3521.36
3521.36
3521.36
3521.36
3521.36
3521.36
3521.36
3521.36
3521.36
3521.36
3521.36
3521.36
3521.36
3521.36
3521.36
3521.36
3521.36
3521.36
3521.36
3521.36
3521.36
3521.36
3521.36
3521.36
3521.36
3521.36
4691.8
4444.79
4186.99
4140.41
4118.17
4013.97
3892.65
3766.53
3645.32
3566.24
3532.96
3523.52
3521.58
3521.28
3521.24
3521.24
3521.24
3521.24
3521.24
3521.24
3521.24
3521.24
3521.24
3521.24
3521.24
3521.24
3521.24
3521.24
3521.24
3521.24
3521.24
3521.24
3521.24
3521.24
3521.24
3521.24
3521.24
3521.24
3521.24
3521.24
3521.24
3521.24
3521.24
3521.24
3521.24
3521.24
3521.24
3521.24
3521.24
3521.24
3521.24
3521.24
3521.24
3521.24
3521.24
3521.24
3521.24
3521.24
3521.24
3521.24
3521.24
3521.24
3521.24
3521.24
3521.24
3521.24
3521.24
3521.24
3521.24
3521.24
3521.24
3521.24
3521.24
3521.24
3521.24
3521.24
3521.24
3521.24
3521.24
3521.24
3521.24
3521.24
3521.24
3521.24
3521.24
3521.24
3521.24
3521.24
3521.24
3521.24
3521.24
3521.24
3521.24
3521.24
3521.24
3521.24
3521.24
3521.24
3521.24
3521.24
3521.24
3521.24
3521.24
3521.24
3521.24
3521.24
3521.24
3521.24
3521.24
3521.24
3521.24
3521.24
3521.24
3521.24
3521.24
3521.24
3521.24
3521.24
3521.24
3521.24
3521.24
3521.24
3521.24
3521.24
3521.24
3521.24
3521.24
3521.24
3521.24
3521.24
3521.24
3521.24
3521.24
3521.24
3521.24
3521.24
3521.24
3521.24
3521.24
3521.24
3521.24
3521.24
3521.24
3521.24
3521.24
3521.24
3521.24
3521.24
3521.24
3521.24
3521.24
3521.24
3521.24
3521.24
3521.24
3521.24
3521.24
3521.24
3521.24
3521.24
3521.24
3521.24
3521.24
3521.24
3521.24
3521.24
3521.24
3521.24
3521.24
3521.24
3521.24
3521.24
3521.24
3521.24
3521.24
3521.24
3521.24
3521.24
3521.24
3521.24
3521.24
3521.24
3521.24
3521.24
3521.24
3521.24
3521.24
3521.24
3521.24
3521.24
3521.24
3521.24
3521.24
3521.24
3521.24
3521.24
3521.24
3521.24
3521.24
3521.24
4719.63
4655.16
4600.87
4606.45
4577.14
4501.27
4382.98
4178
3908.68
3686.47
3571.42
3532.29
3523
3521.37
3521.14
3521.12
3521.12
3521.12
3521.12
3521.12
3521.12
3521.12
3521.12
3521.12
3521.12
3521.12
3521.12
3521.12
3521.12
3521.12
3521.12
3521.12
3521.12
3521.12
3521.12
3521.12
3521.12
3521.12
3521.12
3521.12
3521.12
3521.12
3521.12
3521.12
3521.12
3521.12
3521.12
3521.12
3521.12
3521.12
3521.12
3521.12
3521.12
3521.12
3521.12
3521.12
3521.12
3521.12
3521.12
3521.12
3521.12
3521.12
3521.12
3521.12
3521.12
3521.12
3521.12
3521.12
3521.12
3521.12
3521.12
3521.12
3521.12
3521.12
3521.11
3521.11
3521.11
3521.11
3521.11
3521.11
3521.11
3521.11
3521.11
3521.11
3521.11
3521.11
3521.11
3521.11
3521.11
3521.11
3521.11
3521.11
3521.11
3521.11
3521.11
3521.11
3521.11
3521.11
3521.11
3521.11
3521.11
3521.11
3521.12
3521.12
3521.12
3521.12
3521.12
3521.12
3521.12
3521.12
3521.12
3521.12
3521.12
3521.12
3521.12
3521.12
3521.12
3521.12
3521.12
3521.12
3521.12
3521.12
3521.12
3521.12
3521.12
3521.12
3521.12
3521.12
3521.12
3521.12
3521.12
3521.12
3521.12
3521.12
3521.12
3521.12
3521.12
3521.12
3521.12
3521.12
3521.12
3521.12
3521.12
3521.12
3521.12
3521.12
3521.12
3521.12
3521.12
3521.12
3521.12
3521.12
3521.12
3521.12
3521.12
3521.12
3521.12
3521.12
3521.12
3521.12
3521.12
3521.12
3521.12
3521.12
3521.12
3521.12
3521.12
3521.12
3521.12
3521.12
3521.12
3521.12
3521.12
3521.12
3521.12
3521.12
3521.12
3521.12
3521.12
3521.12
3521.12
3521.12
3521.12
3521.12
3521.12
3521.12
3521.12
3521.12
3521.12
3521.12
3521.12
3521.12
3521.12
3521.12
3521.12
3521.12
3521.12
3521.12
3521.12
3521.12
4710.27
4664.69
4680.7
4744.66
4764.52
4740.64
4717.98
4622.72
4330.71
3946.49
3677.3
3561.68
3528.71
3522.11
3521.13
3521.01
3521
3521
3521
3521
3521
3521
3521
3521
3521
3521
3521
3521
3521
3521
3521
3521
3521
3521
3521
3521
3521
3521
3521
3521
3521
3521
3521
3521
3521
3521
3521
3521
3521
3521
3521
3521
3520.99
3520.99
3520.99
3520.99
3520.99
3520.99
3520.99
3520.99
3520.99
3520.99
3520.99
3520.99
3520.99
3520.99
3520.99
3520.99
3520.99
3520.99
3520.99
3520.99
3520.99
3520.99
3520.99
3520.99
3520.99
3520.99
3520.99
3520.99
3520.99
3520.99
3520.99
3520.99
3520.99
3520.99
3520.99
3520.99
3520.99
3520.99
3520.99
3520.99
3520.99
3520.99
3520.99
3520.99
3520.99
3520.99
3520.99
3520.99
3520.99
3520.99
3520.99
3520.99
3520.99
3520.99
3520.99
3520.99
3520.99
3520.99
3520.99
3520.99
3520.99
3520.99
3520.99
3520.99
3520.99
3520.99
3520.99
3520.99
3520.99
3520.99
3520.99
3520.99
3520.99
3520.99
3520.99
3520.99
3520.99
3520.99
3520.99
3520.99
3520.99
3520.99
3520.99
3520.99
3520.99
3520.99
3520.99
3520.99
3520.99
3520.99
3521
3521
3521
3521
3521
3521
3521
3521
3521
3521
3521
3521
3521
3521
3521
3521
3521
3521
3521
3521
3521
3521
3521
3521
3521
3521
3521
3521
3521
3521
3521
3521
3521
3521
3521
3521
3521
3521
3521
3521
3521
3521
3521
3520.99
3520.99
3520.99
3520.99
3520.99
3520.99
3520.99
3520.99
3521
3521
3521
3521
3521
3521
3521
4709.47
4681.03
4688.14
4731.47
4768.06
4801.53
4842
4805.87
4567.69
4170.21
3813.08
3613.59
3541.33
3524.09
3521.26
3520.92
3520.88
3520.88
3520.88
3520.88
3520.88
3520.88
3520.88
3520.88
3520.88
3520.88
3520.88
3520.88
3520.88
3520.88
3520.88
3520.88
3520.88
3520.88
3520.88
3520.88
3520.88
3520.88
3520.88
3520.88
3520.88
3520.88
3520.88
3520.88
3520.88
3520.88
3520.88
3520.88
3520.88
3520.88
3520.88
3520.88
3520.88
3520.88
3520.88
3520.88
3520.88
3520.88
3520.88
3520.88
3520.88
3520.88
3520.88
3520.88
3520.88
3520.88
3520.88
3520.88
3520.88
3520.88
3520.88
3520.88
3520.88
3520.88
3520.88
3520.88
3520.88
3520.88
3520.88
3520.88
3520.88
3520.88
3520.88
3520.88
3520.88
3520.88
3520.88
3520.88
3520.88
3520.88
3520.88
3520.88
3520.88
3520.88
3520.88
3520.88
3520.88
3520.88
3520.88
3520.88
3520.88
3520.88
3520.88
3520.88
3520.88
3520.88
3520.88
3520.88
3520.88
3520.88
3520.88
3520.88
3520.88
3520.88
3520.88
3520.88
3520.88
3520.88
3520.88
3520.88
3520.88
3520.88
3520.88
3520.88
3520.88
3520.88
3520.88
3520.88
3520.88
3520.88
3520.88
3520.88
3520.88
3520.88
3520.88
3520.88
3520.88
3520.88
3520.88
3520.88
3520.88
3520.88
3520.88
3520.88
3520.88
3520.88
3520.88
3520.88
3520.88
3520.88
3520.88
3520.88
3520.88
3520.88
3520.88
3520.88
3520.88
3520.88
3520.88
3520.88
3520.88
3520.88
3520.88
3520.88
3520.88
3520.88
3520.88
3520.88
3520.88
3520.88
3520.88
3520.88
3520.88
3520.88
3520.88
3520.88
3520.88
3520.88
3520.88
3520.88
3520.88
3520.88
3520.88
3520.88
3520.88
3520.88
3520.88
3520.88
3520.88
3520.88
3520.88
3520.88
3520.88
3520.88
3520.88
3520.88
3520.88
3520.88
3520.88
3520.88
)
;

boundaryField
{
    inletTop
    {
        type            calculated;
        value           uniform 4704.92;
    }
    inletBottom
    {
        type            calculated;
        value           uniform 3525.69;
    }
    outletTop
    {
        type            calculated;
        value           nonuniform List<scalar> 4(3521.24 3521.12 3521 3520.88);
    }
    walls
    {
        type            calculated;
        value           nonuniform List<scalar> 
464
(
3395.36
3532.19
3532.4
3520.14
3522.09
3521.96
3522.08
3522.2
3522.32
3522.45
3522.57
3522.7
3522.82
3522.94
3523.07
3523.19
3523.32
3523.44
3523.57
3523.69
3523.82
3523.94
3524.07
3524.19
3524.32
3524.44
3524.57
3524.69
3524.82
3524.95
3524.97
3525.17
3520.88
3520.88
3520.88
3520.88
3520.88
3520.88
3520.88
3520.88
3520.88
3520.88
3520.88
3520.88
3520.88
3520.88
3520.88
3520.88
3520.88
3520.88
3520.88
3520.88
3520.88
3520.88
3520.88
3520.88
3520.88
3520.88
3520.88
3520.88
3520.88
3520.88
3520.88
3520.88
3520.88
3520.88
3520.88
3520.88
3520.88
3520.88
3520.88
3520.88
3520.88
3520.88
3520.88
3520.88
3520.88
3520.88
3520.88
3520.88
3520.88
3520.88
3520.88
3520.88
3520.88
3520.88
3520.88
3520.88
3520.88
3520.88
3520.88
3520.88
3520.88
3520.88
3520.88
3520.88
3520.88
3520.88
3520.88
3520.88
3520.88
3520.88
3520.88
3520.88
3520.88
3520.88
3520.88
3520.88
3520.88
3520.88
3520.88
3520.88
3520.88
3520.88
3520.88
3520.88
3520.88
3520.88
3520.88
3520.88
3520.88
3520.88
3520.88
3520.88
3520.88
3520.88
3520.88
3520.88
3520.88
3520.88
3520.88
3520.88
3520.88
3520.88
3520.88
3520.88
3520.88
3520.88
3520.88
3520.88
3520.88
3520.88
3520.88
3520.88
3520.88
3520.88
3520.88
3520.88
3520.88
3520.88
3520.88
3520.88
3520.88
3520.88
3520.88
3520.88
3520.88
3520.88
3520.88
3520.88
3520.88
3520.88
3520.88
3520.88
3520.88
3520.88
3520.88
3520.88
3520.88
3520.88
3520.88
3520.88
3520.88
3520.88
3520.88
3520.88
3520.88
3520.88
3520.88
3520.88
3520.88
3520.88
3520.88
3520.88
3520.88
3520.88
3520.88
3520.88
3520.88
3520.88
3520.88
3520.88
3520.88
3520.88
3520.88
3520.88
3520.88
3520.88
3520.88
3520.88
3520.88
3520.88
3520.88
3520.88
3520.88
3520.88
3520.88
3520.88
3520.88
3520.88
3520.88
3520.88
3520.88
3520.88
3520.88
3520.88
3520.92
3521.26
3524.09
3541.33
3613.59
3813.08
4170.21
4567.69
4805.87
4842
4801.53
4768.06
4731.47
4688.14
4681.03
4709.47
3525.67
3525.69
3525.73
3525.67
3525.56
3525.52
3525.56
3525.6
3525.62
3525.63
3525.63
3525.63
3525.63
3525.63
3525.63
3525.63
3525.63
3525.63
3525.63
3525.63
3525.63
3525.63
3525.63
3525.63
3525.63
3525.63
3525.63
3525.63
3525.63
3525.63
3525.63
3525.63
3525.63
3525.63
3525.63
3525.63
3525.63
3525.63
3525.63
3525.63
3525.63
3525.63
3525.63
3525.63
3525.63
3525.63
3525.63
3525.63
3525.63
3525.63
3525.63
3525.63
3525.63
3525.63
3525.63
3525.62
3525.62
3525.62
3525.62
3525.62
3525.62
3525.62
3525.62
3525.62
3525.62
3525.62
3525.62
3525.62
3525.62
3525.62
3525.62
3525.62
3525.62
3525.62
3525.62
3525.62
3525.62
3525.62
3525.62
3525.62
3525.62
3525.62
3525.62
3525.62
3525.62
3525.62
3525.62
3525.62
3525.62
3525.62
3525.62
3525.62
3525.62
3525.62
3525.62
3525.62
3525.62
3525.62
3525.62
3525.62
3525.62
3525.62
3525.62
3525.62
3525.62
3525.62
3525.62
3525.62
3525.62
3525.62
3525.62
3525.62
3525.62
3525.62
3525.62
3525.62
3525.62
3525.62
3525.62
3525.62
3525.62
3525.62
3525.62
3525.62
3525.62
3525.62
3525.62
3525.62
3525.62
3525.62
3525.62
3525.62
3525.62
3525.62
3525.62
3525.62
3525.62
3525.62
3525.63
3525.63
3525.63
3525.63
3525.63
3525.63
3525.63
3525.63
3525.63
3525.63
3525.63
3525.63
3525.63
3525.63
3525.63
3525.63
3525.63
3525.63
3525.63
3525.63
3525.63
3525.63
3525.63
3525.63
3525.63
3525.63
3525.63
3525.63
3525.63
3525.63
3525.63
3525.63
3525.63
3525.63
3525.63
3525.63
3525.63
3525.63
3525.63
3525.63
3525.62
3525.62
3525.62
3525.62
3525.62
3525.62
3525.62
3525.62
3525.62
3525.62
3525.62
3525.62
3525.62
3525.62
3525.63
3525.61
3525.63
3525.6
3525.63
3525.6
3525.62
3525.59
3525.02
3524.91
3524.81
3524.69
3524.57
3524.46
3524.35
3524.23
3524.11
3523.99
3523.88
3523.76
3523.64
3523.52
3523.4
3523.28
3523.16
3523.04
3522.92
3522.8
3522.68
3522.56
3522.44
3522.32
3522.2
3522.08
3521.96
3521.84
3521.72
3521.6
3521.48
3521.36
)
;
    }
    front
    {
        type            empty;
    }
    back
    {
        type            empty;
    }
    outletBottom
    {
        type            calculated;
        value           nonuniform List<scalar> 4(3525.59 3525.42 3525.27 3525.13);
    }
}


// ************************************************************************* //
