/*--------------------------------*- C++ -*----------------------------------*\
  =========                 |
  \\      /  F ield         | OpenFOAM: The Open Source CFD Toolbox
   \\    /   O peration     | Website:  https://openfoam.org
    \\  /    A nd           | Version:  dev
     \\/     M anipulation  |
\*---------------------------------------------------------------------------*/
FoamFile
{
    version     2.0;
    format      ascii;
    class       volScalarField;
    location    "13";
    object      thermo:pSatH2O;
}
// * * * * * * * * * * * * * * * * * * * * * * * * * * * * * * * * * * * * * //

dimensions      [1 -1 -2 0 0 0 0];

internalField   nonuniform List<scalar> 
8000
(
3525.69
3525.68
3525.68
3525.68
3525.69
3525.69
3525.69
3525.68
3525.67
3525.68
3525.68
3525.65
3525.69
3525.68
3525.69
3525.63
3525.69
3525.69
3525.71
3525.62
3525.67
3525.68
3525.68
3525.62
3525.69
3525.66
3525.66
3525.67
3525.68
3525.65
3525.68
3525.73
3525.64
3525.62
3525.58
3525.7
3525.67
3525.63
3525.44
3525.63
3525.67
3525.67
3525.42
3525.58
3525.6
3525.68
3525.46
3525.49
3525.53
3525.63
3525.47
3525.39
3525.53
3525.58
3525.44
3525.33
3525.57
3525.55
3525.42
3525.31
3525.6
3525.53
3525.41
3525.3
3525.61
3525.53
3525.41
3525.3
3525.62
3525.52
3525.41
3525.29
3525.62
3525.52
3525.4
3525.29
3525.62
3525.52
3525.4
3525.28
3525.62
3525.52
3525.4
3525.28
3525.62
3525.51
3525.4
3525.28
3525.62
3525.51
3525.4
3525.28
3525.62
3525.51
3525.39
3525.27
3525.62
3525.51
3525.39
3525.27
3525.62
3525.51
3525.39
3525.27
3525.62
3525.51
3525.39
3525.27
3525.62
3525.51
3525.39
3525.27
3525.62
3525.51
3525.39
3525.27
3525.62
3525.51
3525.39
3525.27
3525.62
3525.51
3525.39
3525.27
3525.62
3525.51
3525.39
3525.27
3525.62
3525.51
3525.39
3525.27
3525.62
3525.51
3525.39
3525.27
3525.62
3525.51
3525.39
3525.27
3525.62
3525.51
3525.39
3525.27
3525.62
3525.51
3525.39
3525.27
3525.62
3525.51
3525.39
3525.27
3525.62
3525.51
3525.39
3525.27
3525.62
3525.51
3525.39
3525.27
3525.62
3525.51
3525.39
3525.27
3525.62
3525.51
3525.39
3525.26
3525.62
3525.51
3525.39
3525.26
3525.62
3525.51
3525.39
3525.26
3525.62
3525.51
3525.39
3525.26
3525.62
3525.51
3525.39
3525.26
3525.62
3525.51
3525.39
3525.26
3525.62
3525.51
3525.39
3525.26
3525.62
3525.51
3525.39
3525.26
3525.62
3525.51
3525.39
3525.26
3525.62
3525.51
3525.39
3525.26
3525.62
3525.51
3525.39
3525.26
3525.62
3525.51
3525.39
3525.26
3525.62
3525.51
3525.39
3525.26
3525.62
3525.51
3525.39
3525.26
3525.62
3525.51
3525.39
3525.26
3525.62
3525.51
3525.39
3525.26
3525.62
3525.51
3525.39
3525.26
3525.62
3525.51
3525.39
3525.26
3525.62
3525.51
3525.39
3525.26
3525.62
3525.51
3525.39
3525.26
3525.62
3525.51
3525.39
3525.26
3525.62
3525.51
3525.39
3525.26
3525.62
3525.51
3525.39
3525.26
3525.62
3525.51
3525.39
3525.26
3525.62
3525.51
3525.38
3525.26
3525.62
3525.51
3525.38
3525.26
3525.62
3525.51
3525.38
3525.26
3525.62
3525.51
3525.38
3525.26
3525.61
3525.51
3525.38
3525.26
3525.61
3525.51
3525.38
3525.26
3525.61
3525.51
3525.38
3525.26
3525.61
3525.51
3525.38
3525.26
3525.61
3525.51
3525.38
3525.26
3525.61
3525.51
3525.38
3525.26
3525.61
3525.51
3525.38
3525.26
3525.61
3525.51
3525.38
3525.26
3525.61
3525.51
3525.38
3525.26
3525.61
3525.51
3525.38
3525.26
3525.61
3525.51
3525.38
3525.26
3525.61
3525.51
3525.38
3525.26
3525.61
3525.51
3525.38
3525.26
3525.61
3525.51
3525.38
3525.26
3525.61
3525.51
3525.38
3525.26
3525.61
3525.51
3525.38
3525.26
3525.61
3525.51
3525.38
3525.26
3525.61
3525.51
3525.38
3525.26
3525.61
3525.51
3525.38
3525.26
3525.61
3525.51
3525.38
3525.26
3525.61
3525.51
3525.38
3525.26
3525.61
3525.51
3525.38
3525.26
3525.61
3525.51
3525.38
3525.26
3525.61
3525.51
3525.38
3525.26
3525.61
3525.51
3525.38
3525.26
3525.61
3525.51
3525.38
3525.26
3525.61
3525.51
3525.38
3525.26
3525.61
3525.51
3525.38
3525.26
3525.61
3525.51
3525.38
3525.26
3525.61
3525.51
3525.38
3525.26
3525.61
3525.51
3525.38
3525.26
3525.61
3525.51
3525.38
3525.26
3525.61
3525.51
3525.38
3525.26
3525.61
3525.51
3525.38
3525.26
3525.61
3525.51
3525.38
3525.26
3525.61
3525.51
3525.38
3525.26
3525.61
3525.51
3525.38
3525.26
3525.61
3525.51
3525.38
3525.26
3525.61
3525.51
3525.38
3525.26
3525.61
3525.51
3525.38
3525.26
3525.61
3525.51
3525.38
3525.26
3525.61
3525.51
3525.38
3525.26
3525.61
3525.51
3525.38
3525.26
3525.61
3525.51
3525.38
3525.26
3525.61
3525.51
3525.38
3525.26
3525.61
3525.51
3525.38
3525.26
3525.61
3525.51
3525.38
3525.26
3525.61
3525.51
3525.38
3525.26
3525.61
3525.51
3525.38
3525.26
3525.62
3525.51
3525.38
3525.26
3525.62
3525.51
3525.38
3525.26
3525.62
3525.51
3525.38
3525.26
3525.62
3525.51
3525.38
3525.26
3525.62
3525.51
3525.38
3525.26
3525.62
3525.51
3525.39
3525.26
3525.62
3525.51
3525.39
3525.26
3525.62
3525.51
3525.39
3525.26
3525.62
3525.51
3525.39
3525.26
3525.62
3525.51
3525.39
3525.26
3525.62
3525.51
3525.39
3525.26
3525.62
3525.51
3525.39
3525.26
3525.62
3525.51
3525.39
3525.26
3525.62
3525.51
3525.39
3525.26
3525.62
3525.51
3525.39
3525.26
3525.62
3525.51
3525.39
3525.26
3525.62
3525.51
3525.39
3525.26
3525.62
3525.51
3525.39
3525.26
3525.62
3525.51
3525.39
3525.26
3525.62
3525.51
3525.39
3525.26
3525.62
3525.51
3525.39
3525.26
3525.62
3525.51
3525.39
3525.26
3525.62
3525.51
3525.39
3525.26
3525.62
3525.51
3525.39
3525.26
3525.62
3525.51
3525.39
3525.26
3525.62
3525.51
3525.39
3525.26
3525.62
3525.51
3525.39
3525.26
3525.62
3525.51
3525.39
3525.26
3525.62
3525.51
3525.39
3525.26
3525.62
3525.51
3525.39
3525.26
3525.62
3525.51
3525.39
3525.26
3525.62
3525.51
3525.39
3525.26
3525.62
3525.51
3525.39
3525.26
3525.62
3525.51
3525.39
3525.26
3525.62
3525.51
3525.39
3525.26
3525.62
3525.51
3525.39
3525.26
3525.62
3525.51
3525.39
3525.26
3525.62
3525.51
3525.39
3525.26
3525.62
3525.51
3525.39
3525.26
3525.62
3525.51
3525.39
3525.26
3525.62
3525.51
3525.39
3525.26
3525.62
3525.51
3525.39
3525.26
3525.62
3525.51
3525.39
3525.26
3525.62
3525.51
3525.38
3525.26
3525.62
3525.51
3525.38
3525.26
3525.62
3525.51
3525.38
3525.26
3525.62
3525.51
3525.38
3525.26
3525.62
3525.51
3525.38
3525.26
3525.62
3525.51
3525.38
3525.26
3525.62
3525.51
3525.38
3525.26
3525.62
3525.51
3525.38
3525.26
3525.62
3525.51
3525.38
3525.26
3525.62
3525.51
3525.38
3525.26
3525.62
3525.51
3525.38
3525.26
3525.62
3525.51
3525.38
3525.26
3525.62
3525.51
3525.38
3525.26
3525.62
3525.51
3525.38
3525.26
3525.62
3525.5
3525.38
3525.26
3525.62
3525.5
3525.38
3525.26
3525.62
3525.5
3525.38
3525.25
3525.62
3525.5
3525.38
3525.25
3525.62
3525.5
3525.38
3525.25
3525.61
3525.5
3525.38
3525.25
3525.61
3525.5
3525.38
3525.25
3525.62
3525.5
3525.37
3525.25
3525.61
3525.5
3525.37
3525.24
3525.62
3525.5
3525.37
3525.24
3525.6
3525.5
3525.37
3525.24
3525.64
3525.5
3525.36
3525.24
3525.58
3525.49
3525.38
3525.22
3525.65
3525.5
3525.35
3525.24
3525.57
3525.48
3525.37
3525.21
3525.65
3525.5
3525.33
3525.23
3525.57
3525.47
3525.37
3525.2
3525.65
3525.5
3525.32
3525.21
3525.57
3525.45
3525.35
3525.18
3525.64
3525.5
3525.3
3525.18
3525.57
3525.42
3525.32
3525.16
3525.63
3525.49
3525.28
3525.13
3525.57
3525.39
3525.25
3525.12
3525.6
3525.45
3525.24
3525.05
3525.56
3525.34
3525.14
3525.01
3525.13
3525.1
3525.07
3525.09
3525.17
3525.18
3525.21
3525.37
3525.55
3525.63
3525.55
3525.41
3525.3
3525.24
3525.21
3525.19
3525.18
3525.18
3525.17
3525.17
3525.16
3525.16
3525.16
3525.15
3525.15
3525.15
3525.15
3525.15
3525.15
3525.15
3525.15
3525.15
3525.15
3525.15
3525.14
3525.14
3525.14
3525.14
3525.14
3525.14
3525.14
3525.14
3525.14
3525.14
3525.14
3525.14
3525.14
3525.14
3525.14
3525.14
3525.14
3525.14
3525.14
3525.14
3525.14
3525.14
3525.14
3525.14
3525.14
3525.14
3525.14
3525.14
3525.14
3525.14
3525.14
3525.14
3525.14
3525.14
3525.14
3525.14
3525.14
3525.14
3525.14
3525.14
3525.14
3525.14
3525.14
3525.14
3525.14
3525.14
3525.14
3525.14
3525.14
3525.14
3525.14
3525.14
3525.14
3525.14
3525.14
3525.14
3525.14
3525.14
3525.14
3525.14
3525.14
3525.14
3525.14
3525.14
3525.14
3525.14
3525.14
3525.14
3525.14
3525.14
3525.14
3525.14
3525.14
3525.14
3525.14
3525.14
3525.14
3525.14
3525.14
3525.14
3525.14
3525.14
3525.14
3525.14
3525.14
3525.14
3525.14
3525.14
3525.14
3525.14
3525.14
3525.14
3525.14
3525.14
3525.14
3525.14
3525.14
3525.14
3525.14
3525.14
3525.14
3525.14
3525.14
3525.14
3525.14
3525.14
3525.14
3525.14
3525.14
3525.14
3525.14
3525.14
3525.14
3525.14
3525.14
3525.14
3525.14
3525.14
3525.14
3525.14
3525.14
3525.14
3525.14
3525.14
3525.14
3525.14
3525.14
3525.14
3525.14
3525.14
3525.14
3525.14
3525.14
3525.14
3525.14
3525.14
3525.14
3525.14
3525.13
3525.13
3525.13
3525.13
3525.13
3525.13
3525.13
3525.13
3525.13
3525.12
3525.12
3525.12
3525.11
3525.11
3525.11
3525.11
3525.09
3525.1
3525.08
3525.08
3525.06
3525.05
3525.04
3525.01
3525
3524.95
3524.93
3524.9
3525.04
3525.09
3525.11
3525.2
3525.32
3525.29
3525.16
3525.16
3525.26
3525.34
3525.36
3525.3
3525.21
3525.14
3525.1
3525.08
3525.07
3525.06
3525.05
3525.05
3525.04
3525.04
3525.04
3525.03
3525.03
3525.03
3525.03
3525.03
3525.03
3525.03
3525.02
3525.02
3525.02
3525.02
3525.02
3525.02
3525.02
3525.02
3525.02
3525.02
3525.02
3525.02
3525.02
3525.02
3525.02
3525.02
3525.02
3525.02
3525.02
3525.02
3525.02
3525.02
3525.02
3525.02
3525.02
3525.02
3525.02
3525.02
3525.02
3525.02
3525.02
3525.02
3525.02
3525.02
3525.02
3525.02
3525.02
3525.02
3525.02
3525.02
3525.02
3525.02
3525.02
3525.02
3525.02
3525.02
3525.02
3525.02
3525.02
3525.02
3525.02
3525.02
3525.02
3525.02
3525.02
3525.02
3525.02
3525.02
3525.02
3525.02
3525.02
3525.02
3525.02
3525.02
3525.02
3525.02
3525.02
3525.02
3525.02
3525.02
3525.02
3525.02
3525.02
3525.02
3525.02
3525.02
3525.02
3525.02
3525.02
3525.02
3525.02
3525.02
3525.02
3525.02
3525.02
3525.02
3525.02
3525.02
3525.02
3525.02
3525.02
3525.02
3525.02
3525.02
3525.02
3525.02
3525.02
3525.02
3525.02
3525.02
3525.02
3525.02
3525.02
3525.02
3525.02
3525.02
3525.02
3525.02
3525.02
3525.02
3525.02
3525.02
3525.02
3525.02
3525.02
3525.02
3525.02
3525.02
3525.02
3525.02
3525.02
3525.02
3525.02
3525.02
3525.02
3525.02
3525.02
3525.02
3525.02
3525.02
3525.02
3525.02
3525.02
3525.02
3525.02
3525.02
3525.02
3525.01
3525.01
3525.01
3525.01
3525.01
3525.01
3525.01
3525.01
3525.01
3525.01
3525.01
3525
3525
3525
3525
3525
3524.99
3524.99
3524.98
3524.98
3524.97
3524.97
3524.96
3524.96
3524.94
3524.93
3524.92
3524.9
3524.89
3524.85
3524.84
3524.81
3524.79
3524.85
3524.9
3524.95
3525.06
3525.24
3525.29
3525.16
3525.09
3525.17
3525.3
3525.32
3525.22
3525.1
3525.02
3524.98
3524.96
3524.95
3524.94
3524.93
3524.93
3524.92
3524.92
3524.92
3524.91
3524.91
3524.91
3524.91
3524.91
3524.91
3524.9
3524.9
3524.9
3524.9
3524.9
3524.9
3524.9
3524.9
3524.9
3524.9
3524.9
3524.9
3524.9
3524.9
3524.9
3524.9
3524.9
3524.9
3524.9
3524.9
3524.9
3524.9
3524.9
3524.9
3524.9
3524.9
3524.9
3524.9
3524.9
3524.9
3524.9
3524.9
3524.9
3524.9
3524.9
3524.9
3524.9
3524.9
3524.9
3524.9
3524.9
3524.9
3524.9
3524.9
3524.9
3524.9
3524.9
3524.9
3524.9
3524.9
3524.9
3524.9
3524.9
3524.9
3524.9
3524.9
3524.9
3524.9
3524.9
3524.9
3524.9
3524.9
3524.9
3524.9
3524.9
3524.9
3524.9
3524.9
3524.9
3524.9
3524.9
3524.9
3524.9
3524.9
3524.9
3524.9
3524.9
3524.9
3524.9
3524.9
3524.9
3524.9
3524.9
3524.9
3524.9
3524.9
3524.9
3524.9
3524.9
3524.9
3524.9
3524.9
3524.9
3524.9
3524.9
3524.9
3524.9
3524.9
3524.9
3524.9
3524.9
3524.9
3524.9
3524.9
3524.9
3524.9
3524.9
3524.9
3524.9
3524.9
3524.9
3524.9
3524.9
3524.9
3524.9
3524.9
3524.9
3524.9
3524.9
3524.9
3524.9
3524.9
3524.9
3524.9
3524.9
3524.9
3524.9
3524.9
3524.9
3524.9
3524.9
3524.89
3524.89
3524.89
3524.89
3524.89
3524.89
3524.89
3524.89
3524.89
3524.89
3524.89
3524.89
3524.89
3524.89
3524.89
3524.88
3524.88
3524.88
3524.88
3524.88
3524.88
3524.87
3524.87
3524.87
3524.86
3524.86
3524.85
3524.85
3524.84
3524.83
3524.83
3524.81
3524.81
3524.78
3524.78
3524.75
3524.74
3524.71
3524.69
3524.69
3524.83
3524.84
3524.88
3524.97
3525.14
3525.27
3525.26
3525.24
3525.28
3525.29
3525.19
3525.04
3524.94
3524.88
3524.85
3524.84
3524.83
3524.82
3524.81
3524.81
3524.8
3524.8
3524.8
3524.79
3524.79
3524.79
3524.79
3524.78
3524.78
3524.78
3524.78
3524.78
3524.78
3524.78
3524.78
3524.78
3524.78
3524.78
3524.78
3524.78
3524.78
3524.78
3524.78
3524.78
3524.78
3524.78
3524.78
3524.78
3524.77
3524.77
3524.77
3524.77
3524.77
3524.77
3524.77
3524.77
3524.77
3524.77
3524.77
3524.77
3524.77
3524.77
3524.77
3524.77
3524.77
3524.77
3524.77
3524.77
3524.77
3524.77
3524.77
3524.77
3524.77
3524.77
3524.77
3524.77
3524.77
3524.77
3524.77
3524.77
3524.77
3524.77
3524.77
3524.77
3524.77
3524.77
3524.77
3524.77
3524.77
3524.77
3524.77
3524.77
3524.77
3524.77
3524.77
3524.77
3524.77
3524.77
3524.77
3524.77
3524.77
3524.77
3524.77
3524.77
3524.77
3524.77
3524.77
3524.77
3524.77
3524.77
3524.77
3524.77
3524.77
3524.77
3524.77
3524.77
3524.77
3524.77
3524.77
3524.77
3524.77
3524.77
3524.77
3524.77
3524.77
3524.77
3524.77
3524.78
3524.78
3524.78
3524.78
3524.78
3524.78
3524.78
3524.78
3524.78
3524.78
3524.78
3524.78
3524.78
3524.78
3524.78
3524.78
3524.77
3524.77
3524.77
3524.77
3524.77
3524.77
3524.77
3524.77
3524.77
3524.77
3524.77
3524.77
3524.77
3524.77
3524.77
3524.77
3524.77
3524.77
3524.77
3524.77
3524.77
3524.77
3524.77
3524.77
3524.77
3524.77
3524.77
3524.77
3524.77
3524.76
3524.76
3524.76
3524.76
3524.76
3524.76
3524.76
3524.75
3524.75
3524.75
3524.74
3524.74
3524.74
3524.73
3524.73
3524.72
3524.71
3524.71
3524.69
3524.69
3524.67
3524.67
3524.64
3524.64
3524.61
3524.6
3524.59
3524.58
3524.63
3524.68
3524.73
3524.79
3524.92
3525.06
3525.14
3525.15
3525.13
3525.06
3524.94
3524.83
3524.78
3524.75
3524.73
3524.72
3524.71
3524.7
3524.69
3524.69
3524.68
3524.68
3524.67
3524.67
3524.67
3524.67
3524.66
3524.66
3524.66
3524.66
3524.66
3524.66
3524.66
3524.66
3524.66
3524.66
3524.65
3524.65
3524.65
3524.65
3524.65
3524.65
3524.65
3524.65
3524.65
3524.65
3524.65
3524.65
3524.65
3524.65
3524.65
3524.65
3524.65
3524.65
3524.65
3524.65
3524.65
3524.65
3524.65
3524.65
3524.65
3524.65
3524.65
3524.65
3524.65
3524.65
3524.65
3524.65
3524.65
3524.65
3524.65
3524.65
3524.65
3524.65
3524.65
3524.65
3524.65
3524.65
3524.65
3524.65
3524.65
3524.65
3524.65
3524.65
3524.65
3524.65
3524.65
3524.65
3524.65
3524.65
3524.65
3524.65
3524.65
3524.65
3524.65
3524.65
3524.65
3524.65
3524.65
3524.65
3524.65
3524.65
3524.65
3524.65
3524.65
3524.65
3524.65
3524.65
3524.65
3524.65
3524.65
3524.65
3524.65
3524.65
3524.65
3524.65
3524.65
3524.65
3524.65
3524.65
3524.65
3524.65
3524.65
3524.65
3524.65
3524.65
3524.65
3524.65
3524.65
3524.65
3524.65
3524.65
3524.65
3524.65
3524.65
3524.65
3524.65
3524.65
3524.65
3524.65
3524.65
3524.65
3524.65
3524.65
3524.65
3524.65
3524.65
3524.65
3524.65
3524.65
3524.65
3524.65
3524.65
3524.65
3524.65
3524.65
3524.65
3524.65
3524.65
3524.65
3524.65
3524.65
3524.65
3524.65
3524.65
3524.65
3524.65
3524.65
3524.65
3524.64
3524.64
3524.64
3524.64
3524.64
3524.64
3524.64
3524.64
3524.63
3524.63
3524.63
3524.63
3524.62
3524.62
3524.62
3524.61
3524.61
3524.6
3524.59
3524.59
3524.58
3524.57
3524.56
3524.56
3524.53
3524.53
3524.51
3524.5
3524.48
3524.47
3524.47
3524.56
3524.57
3524.6
3524.64
3524.7
3524.78
3524.85
3524.86
3524.83
3524.77
3524.71
3524.66
3524.63
3524.61
3524.6
3524.59
3524.58
3524.58
3524.57
3524.56
3524.56
3524.56
3524.55
3524.55
3524.55
3524.54
3524.54
3524.54
3524.54
3524.54
3524.54
3524.54
3524.53
3524.53
3524.53
3524.53
3524.53
3524.53
3524.53
3524.53
3524.53
3524.53
3524.53
3524.53
3524.53
3524.53
3524.53
3524.53
3524.53
3524.53
3524.53
3524.53
3524.53
3524.53
3524.53
3524.53
3524.53
3524.53
3524.53
3524.53
3524.53
3524.53
3524.53
3524.53
3524.53
3524.53
3524.53
3524.53
3524.53
3524.53
3524.53
3524.53
3524.53
3524.53
3524.53
3524.53
3524.53
3524.53
3524.53
3524.53
3524.53
3524.53
3524.53
3524.53
3524.53
3524.53
3524.53
3524.53
3524.53
3524.53
3524.53
3524.53
3524.53
3524.53
3524.53
3524.53
3524.53
3524.53
3524.53
3524.53
3524.53
3524.53
3524.53
3524.53
3524.53
3524.53
3524.53
3524.53
3524.53
3524.53
3524.53
3524.53
3524.53
3524.53
3524.53
3524.53
3524.53
3524.53
3524.53
3524.53
3524.53
3524.53
3524.53
3524.53
3524.53
3524.53
3524.53
3524.53
3524.53
3524.53
3524.53
3524.53
3524.53
3524.53
3524.53
3524.53
3524.53
3524.53
3524.53
3524.53
3524.53
3524.53
3524.53
3524.53
3524.53
3524.53
3524.53
3524.53
3524.53
3524.53
3524.53
3524.53
3524.53
3524.53
3524.53
3524.53
3524.53
3524.53
3524.53
3524.53
3524.53
3524.53
3524.53
3524.53
3524.53
3524.52
3524.52
3524.52
3524.52
3524.52
3524.52
3524.52
3524.52
3524.52
3524.52
3524.51
3524.51
3524.51
3524.51
3524.5
3524.5
3524.5
3524.5
3524.49
3524.49
3524.48
3524.48
3524.47
3524.46
3524.46
3524.45
3524.44
3524.42
3524.42
3524.4
3524.4
3524.38
3524.37
3524.36
3524.36
3524.43
3524.45
3524.46
3524.49
3524.53
3524.56
3524.59
3524.6
3524.59
3524.56
3524.53
3524.51
3524.5
3524.49
3524.47
3524.47
3524.46
3524.45
3524.45
3524.44
3524.44
3524.43
3524.43
3524.43
3524.42
3524.42
3524.42
3524.42
3524.42
3524.42
3524.41
3524.41
3524.41
3524.41
3524.41
3524.41
3524.41
3524.41
3524.41
3524.41
3524.41
3524.41
3524.41
3524.41
3524.41
3524.41
3524.41
3524.41
3524.41
3524.41
3524.41
3524.41
3524.41
3524.41
3524.41
3524.41
3524.41
3524.41
3524.41
3524.41
3524.41
3524.41
3524.41
3524.41
3524.41
3524.41
3524.41
3524.41
3524.41
3524.41
3524.41
3524.41
3524.41
3524.41
3524.41
3524.41
3524.41
3524.41
3524.41
3524.41
3524.41
3524.41
3524.41
3524.41
3524.41
3524.41
3524.41
3524.41
3524.41
3524.41
3524.41
3524.41
3524.41
3524.41
3524.41
3524.41
3524.41
3524.41
3524.41
3524.41
3524.41
3524.41
3524.41
3524.41
3524.41
3524.41
3524.41
3524.41
3524.41
3524.41
3524.41
3524.41
3524.41
3524.41
3524.41
3524.41
3524.41
3524.41
3524.41
3524.41
3524.41
3524.41
3524.41
3524.41
3524.41
3524.41
3524.41
3524.41
3524.41
3524.41
3524.41
3524.41
3524.41
3524.41
3524.41
3524.41
3524.41
3524.41
3524.41
3524.41
3524.41
3524.41
3524.41
3524.41
3524.41
3524.41
3524.41
3524.41
3524.41
3524.41
3524.41
3524.41
3524.41
3524.41
3524.41
3524.41
3524.41
3524.41
3524.41
3524.41
3524.4
3524.4
3524.4
3524.4
3524.4
3524.4
3524.4
3524.4
3524.4
3524.4
3524.4
3524.4
3524.39
3524.39
3524.39
3524.39
3524.39
3524.39
3524.38
3524.38
3524.38
3524.37
3524.37
3524.37
3524.36
3524.36
3524.35
3524.35
3524.34
3524.33
3524.33
3524.31
3524.31
3524.29
3524.29
3524.27
3524.27
3524.26
3524.25
3524.25
3524.32
3524.33
3524.34
3524.35
3524.37
3524.39
3524.41
3524.41
3524.41
3524.4
3524.39
3524.37
3524.36
3524.36
3524.35
3524.34
3524.33
3524.33
3524.32
3524.32
3524.31
3524.31
3524.31
3524.3
3524.3
3524.3
3524.3
3524.3
3524.29
3524.29
3524.29
3524.29
3524.29
3524.29
3524.29
3524.29
3524.29
3524.29
3524.29
3524.29
3524.29
3524.29
3524.29
3524.29
3524.29
3524.29
3524.29
3524.29
3524.29
3524.29
3524.29
3524.29
3524.29
3524.29
3524.29
3524.29
3524.29
3524.29
3524.29
3524.29
3524.29
3524.29
3524.29
3524.29
3524.29
3524.29
3524.29
3524.29
3524.29
3524.29
3524.29
3524.29
3524.29
3524.29
3524.29
3524.29
3524.29
3524.29
3524.29
3524.29
3524.29
3524.29
3524.29
3524.29
3524.29
3524.29
3524.29
3524.29
3524.29
3524.29
3524.29
3524.29
3524.29
3524.29
3524.29
3524.29
3524.29
3524.29
3524.29
3524.29
3524.29
3524.29
3524.29
3524.29
3524.29
3524.29
3524.29
3524.29
3524.29
3524.29
3524.29
3524.29
3524.29
3524.29
3524.29
3524.29
3524.29
3524.29
3524.29
3524.29
3524.29
3524.29
3524.29
3524.29
3524.29
3524.29
3524.29
3524.29
3524.29
3524.29
3524.29
3524.29
3524.29
3524.29
3524.29
3524.29
3524.29
3524.29
3524.29
3524.29
3524.29
3524.29
3524.29
3524.29
3524.29
3524.29
3524.29
3524.29
3524.29
3524.29
3524.29
3524.29
3524.29
3524.28
3524.28
3524.28
3524.28
3524.28
3524.28
3524.28
3524.28
3524.28
3524.28
3524.28
3524.28
3524.28
3524.28
3524.28
3524.28
3524.28
3524.27
3524.27
3524.27
3524.27
3524.27
3524.27
3524.27
3524.26
3524.26
3524.26
3524.25
3524.25
3524.25
3524.24
3524.24
3524.23
3524.23
3524.22
3524.22
3524.21
3524.2
3524.19
3524.18
3524.18
3524.17
3524.16
3524.15
3524.14
3524.14
3524.14
3524.2
3524.2
3524.21
3524.22
3524.24
3524.25
3524.26
3524.26
3524.26
3524.25
3524.25
3524.24
3524.23
3524.23
3524.22
3524.21
3524.21
3524.2
3524.2
3524.19
3524.19
3524.19
3524.18
3524.18
3524.18
3524.18
3524.17
3524.17
3524.17
3524.17
3524.17
3524.17
3524.17
3524.17
3524.17
3524.16
3524.16
3524.16
3524.16
3524.16
3524.16
3524.16
3524.16
3524.16
3524.16
3524.16
3524.16
3524.16
3524.16
3524.16
3524.16
3524.16
3524.16
3524.16
3524.16
3524.16
3524.16
3524.16
3524.16
3524.16
3524.16
3524.16
3524.16
3524.16
3524.16
3524.16
3524.16
3524.16
3524.16
3524.16
3524.16
3524.16
3524.16
3524.16
3524.16
3524.16
3524.16
3524.16
3524.16
3524.16
3524.16
3524.16
3524.16
3524.16
3524.16
3524.16
3524.16
3524.16
3524.16
3524.16
3524.16
3524.16
3524.16
3524.16
3524.16
3524.16
3524.16
3524.16
3524.16
3524.16
3524.16
3524.16
3524.16
3524.16
3524.16
3524.16
3524.16
3524.16
3524.16
3524.16
3524.16
3524.16
3524.16
3524.16
3524.16
3524.16
3524.16
3524.16
3524.16
3524.16
3524.16
3524.16
3524.16
3524.16
3524.16
3524.16
3524.16
3524.16
3524.16
3524.16
3524.16
3524.16
3524.16
3524.16
3524.16
3524.16
3524.16
3524.16
3524.16
3524.16
3524.16
3524.16
3524.16
3524.16
3524.16
3524.16
3524.16
3524.16
3524.16
3524.16
3524.16
3524.16
3524.16
3524.16
3524.16
3524.16
3524.16
3524.16
3524.16
3524.16
3524.16
3524.16
3524.16
3524.16
3524.16
3524.16
3524.16
3524.16
3524.15
3524.15
3524.15
3524.15
3524.15
3524.15
3524.15
3524.14
3524.14
3524.14
3524.14
3524.13
3524.13
3524.13
3524.12
3524.12
3524.12
3524.11
3524.11
3524.1
3524.09
3524.09
3524.08
3524.07
3524.07
3524.06
3524.05
3524.04
3524.03
3524.03
3524.02
3524.03
3524.08
3524.08
3524.09
3524.1
3524.1
3524.11
3524.12
3524.12
3524.12
3524.12
3524.11
3524.11
3524.1
3524.1
3524.09
3524.09
3524.08
3524.08
3524.07
3524.07
3524.07
3524.06
3524.06
3524.06
3524.05
3524.05
3524.05
3524.05
3524.05
3524.05
3524.05
3524.04
3524.04
3524.04
3524.04
3524.04
3524.04
3524.04
3524.04
3524.04
3524.04
3524.04
3524.04
3524.04
3524.04
3524.04
3524.04
3524.04
3524.04
3524.04
3524.04
3524.04
3524.04
3524.04
3524.04
3524.04
3524.04
3524.04
3524.04
3524.04
3524.04
3524.04
3524.04
3524.04
3524.04
3524.04
3524.04
3524.04
3524.04
3524.04
3524.04
3524.04
3524.04
3524.04
3524.04
3524.04
3524.04
3524.04
3524.04
3524.04
3524.04
3524.04
3524.04
3524.04
3524.04
3524.04
3524.04
3524.04
3524.04
3524.04
3524.04
3524.04
3524.04
3524.04
3524.04
3524.04
3524.04
3524.04
3524.04
3524.04
3524.04
3524.04
3524.04
3524.04
3524.04
3524.04
3524.04
3524.04
3524.04
3524.04
3524.04
3524.04
3524.04
3524.04
3524.04
3524.04
3524.04
3524.04
3524.04
3524.04
3524.04
3524.04
3524.04
3524.04
3524.04
3524.04
3524.04
3524.04
3524.04
3524.04
3524.04
3524.04
3524.04
3524.04
3524.04
3524.04
3524.04
3524.04
3524.04
3524.04
3524.04
3524.04
3524.04
3524.04
3524.04
3524.04
3524.04
3524.04
3524.04
3524.04
3524.04
3524.04
3524.04
3524.04
3524.04
3524.04
3524.04
3524.04
3524.04
3524.04
3524.04
3524.04
3524.04
3524.04
3524.04
3524.03
3524.03
3524.03
3524.03
3524.03
3524.03
3524.03
3524.03
3524.03
3524.02
3524.02
3524.02
3524.02
3524.01
3524.01
3524.01
3524.01
3524
3524
3523.99
3523.99
3523.98
3523.98
3523.97
3523.97
3523.96
3523.95
3523.95
3523.94
3523.93
3523.93
3523.92
3523.91
3523.91
3523.91
3523.96
3523.96
3523.96
3523.97
3523.97
3523.98
3523.98
3523.98
3523.99
3523.98
3523.98
3523.98
3523.97
3523.97
3523.97
3523.96
3523.96
3523.95
3523.95
3523.94
3523.94
3523.94
3523.94
3523.93
3523.93
3523.93
3523.93
3523.93
3523.92
3523.92
3523.92
3523.92
3523.92
3523.92
3523.92
3523.92
3523.92
3523.92
3523.92
3523.92
3523.92
3523.92
3523.92
3523.92
3523.92
3523.92
3523.92
3523.92
3523.92
3523.92
3523.92
3523.92
3523.92
3523.92
3523.92
3523.92
3523.92
3523.92
3523.92
3523.92
3523.92
3523.92
3523.92
3523.92
3523.92
3523.92
3523.92
3523.92
3523.92
3523.92
3523.92
3523.92
3523.92
3523.92
3523.92
3523.92
3523.92
3523.92
3523.92
3523.92
3523.92
3523.92
3523.92
3523.92
3523.92
3523.92
3523.92
3523.92
3523.92
3523.92
3523.92
3523.92
3523.92
3523.92
3523.92
3523.92
3523.92
3523.92
3523.92
3523.92
3523.92
3523.92
3523.92
3523.92
3523.92
3523.92
3523.92
3523.92
3523.92
3523.92
3523.92
3523.92
3523.92
3523.92
3523.92
3523.92
3523.92
3523.92
3523.92
3523.92
3523.92
3523.92
3523.92
3523.92
3523.92
3523.92
3523.92
3523.92
3523.92
3523.92
3523.92
3523.92
3523.92
3523.92
3523.92
3523.92
3523.92
3523.92
3523.92
3523.92
3523.92
3523.92
3523.92
3523.92
3523.92
3523.92
3523.92
3523.92
3523.92
3523.92
3523.92
3523.92
3523.92
3523.92
3523.92
3523.92
3523.92
3523.92
3523.92
3523.92
3523.92
3523.92
3523.91
3523.91
3523.91
3523.91
3523.91
3523.91
3523.91
3523.91
3523.91
3523.91
3523.9
3523.9
3523.9
3523.9
3523.9
3523.89
3523.89
3523.89
3523.89
3523.88
3523.88
3523.88
3523.87
3523.87
3523.86
3523.86
3523.85
3523.85
3523.84
3523.83
3523.83
3523.82
3523.82
3523.81
3523.81
3523.8
3523.8
3523.8
3523.83
3523.84
3523.84
3523.84
3523.85
3523.85
3523.85
3523.85
3523.85
3523.85
3523.85
3523.85
3523.85
3523.84
3523.84
3523.83
3523.83
3523.83
3523.82
3523.82
3523.82
3523.81
3523.81
3523.81
3523.81
3523.81
3523.8
3523.8
3523.8
3523.8
3523.8
3523.8
3523.8
3523.8
3523.8
3523.8
3523.8
3523.8
3523.8
3523.8
3523.8
3523.8
3523.8
3523.8
3523.8
3523.8
3523.8
3523.8
3523.8
3523.8
3523.8
3523.8
3523.8
3523.8
3523.8
3523.8
3523.8
3523.8
3523.8
3523.8
3523.8
3523.8
3523.8
3523.8
3523.8
3523.8
3523.8
3523.8
3523.8
3523.8
3523.8
3523.8
3523.8
3523.8
3523.8
3523.8
3523.8
3523.8
3523.8
3523.8
3523.8
3523.8
3523.8
3523.8
3523.8
3523.8
3523.8
3523.8
3523.8
3523.8
3523.8
3523.8
3523.8
3523.8
3523.8
3523.8
3523.8
3523.8
3523.8
3523.8
3523.8
3523.8
3523.8
3523.8
3523.8
3523.8
3523.8
3523.8
3523.8
3523.8
3523.8
3523.8
3523.8
3523.8
3523.8
3523.8
3523.8
3523.8
3523.8
3523.8
3523.8
3523.8
3523.8
3523.8
3523.8
3523.8
3523.8
3523.8
3523.8
3523.8
3523.8
3523.8
3523.8
3523.8
3523.8
3523.8
3523.8
3523.8
3523.8
3523.8
3523.8
3523.8
3523.8
3523.8
3523.8
3523.8
3523.8
3523.8
3523.8
3523.8
3523.8
3523.8
3523.8
3523.8
3523.8
3523.8
3523.8
3523.79
3523.79
3523.79
3523.79
3523.79
3523.79
3523.79
3523.79
3523.79
3523.79
3523.79
3523.79
3523.79
3523.78
3523.78
3523.78
3523.78
3523.78
3523.78
3523.77
3523.77
3523.77
3523.77
3523.76
3523.76
3523.76
3523.75
3523.75
3523.75
3523.74
3523.74
3523.73
3523.73
3523.72
3523.72
3523.71
3523.7
3523.7
3523.69
3523.69
3523.69
3523.68
3523.69
3523.71
3523.71
3523.72
3523.72
3523.72
3523.72
3523.72
3523.72
3523.72
3523.72
3523.72
3523.72
3523.72
3523.71
3523.71
3523.71
3523.7
3523.7
3523.7
3523.69
3523.69
3523.69
3523.69
3523.68
3523.68
3523.68
3523.68
3523.68
3523.68
3523.68
3523.68
3523.67
3523.67
3523.67
3523.67
3523.67
3523.67
3523.67
3523.67
3523.67
3523.67
3523.67
3523.67
3523.67
3523.67
3523.67
3523.67
3523.67
3523.67
3523.67
3523.67
3523.67
3523.67
3523.67
3523.67
3523.67
3523.67
3523.68
3523.68
3523.68
3523.68
3523.68
3523.68
3523.68
3523.68
3523.68
3523.68
3523.68
3523.68
3523.68
3523.68
3523.68
3523.68
3523.68
3523.68
3523.68
3523.68
3523.68
3523.68
3523.68
3523.68
3523.68
3523.68
3523.68
3523.68
3523.68
3523.68
3523.68
3523.68
3523.68
3523.68
3523.68
3523.68
3523.68
3523.68
3523.68
3523.68
3523.68
3523.68
3523.68
3523.68
3523.68
3523.68
3523.68
3523.68
3523.68
3523.68
3523.68
3523.68
3523.68
3523.68
3523.68
3523.68
3523.68
3523.68
3523.68
3523.68
3523.68
3523.68
3523.68
3523.68
3523.68
3523.68
3523.68
3523.68
3523.68
3523.68
3523.68
3523.68
3523.68
3523.68
3523.68
3523.68
3523.68
3523.68
3523.68
3523.68
3523.68
3523.68
3523.68
3523.68
3523.68
3523.68
3523.68
3523.68
3523.68
3523.68
3523.68
3523.68
3523.68
3523.67
3523.67
3523.67
3523.67
3523.67
3523.67
3523.67
3523.67
3523.67
3523.67
3523.67
3523.67
3523.67
3523.67
3523.67
3523.67
3523.67
3523.67
3523.66
3523.66
3523.66
3523.66
3523.66
3523.66
3523.66
3523.65
3523.65
3523.65
3523.65
3523.65
3523.64
3523.64
3523.64
3523.63
3523.63
3523.63
3523.62
3523.62
3523.61
3523.61
3523.6
3523.6
3523.59
3523.59
3523.58
3523.58
3523.57
3523.57
3523.57
3523.57
3523.59
3523.59
3523.59
3523.59
3523.59
3523.59
3523.6
3523.6
3523.6
3523.6
3523.59
3523.59
3523.59
3523.59
3523.58
3523.58
3523.58
3523.58
3523.57
3523.57
3523.57
3523.56
3523.56
3523.56
3523.56
3523.56
3523.56
3523.55
3523.55
3523.55
3523.55
3523.55
3523.55
3523.55
3523.55
3523.55
3523.55
3523.55
3523.55
3523.55
3523.55
3523.55
3523.55
3523.55
3523.55
3523.55
3523.55
3523.55
3523.55
3523.55
3523.55
3523.55
3523.55
3523.55
3523.55
3523.55
3523.55
3523.55
3523.55
3523.55
3523.55
3523.55
3523.55
3523.55
3523.55
3523.55
3523.55
3523.55
3523.55
3523.55
3523.55
3523.55
3523.55
3523.55
3523.55
3523.55
3523.55
3523.55
3523.55
3523.55
3523.55
3523.55
3523.55
3523.55
3523.55
3523.55
3523.55
3523.55
3523.55
3523.55
3523.55
3523.55
3523.55
3523.55
3523.55
3523.55
3523.55
3523.55
3523.55
3523.55
3523.55
3523.55
3523.55
3523.55
3523.55
3523.55
3523.55
3523.55
3523.55
3523.55
3523.55
3523.55
3523.55
3523.55
3523.55
3523.55
3523.55
3523.55
3523.55
3523.55
3523.55
3523.55
3523.55
3523.55
3523.55
3523.55
3523.55
3523.55
3523.55
3523.55
3523.55
3523.55
3523.55
3523.55
3523.55
3523.55
3523.55
3523.55
3523.55
3523.55
3523.55
3523.55
3523.55
3523.55
3523.55
3523.55
3523.55
3523.55
3523.55
3523.55
3523.55
3523.55
3523.55
3523.55
3523.55
3523.55
3523.55
3523.55
3523.55
3523.55
3523.55
3523.55
3523.55
3523.55
3523.55
3523.55
3523.54
3523.54
3523.54
3523.54
3523.54
3523.54
3523.54
3523.54
3523.53
3523.53
3523.53
3523.53
3523.53
3523.52
3523.52
3523.52
3523.51
3523.51
3523.51
3523.5
3523.5
3523.5
3523.49
3523.49
3523.48
3523.48
3523.47
3523.47
3523.47
3523.46
3523.46
3523.46
3523.45
3523.46
3523.46
3523.47
3523.47
3523.47
3523.47
3523.47
3523.47
3523.47
3523.47
3523.47
3523.47
3523.46
3523.46
3523.46
3523.46
3523.45
3523.45
3523.45
3523.45
3523.44
3523.44
3523.44
3523.44
3523.44
3523.43
3523.43
3523.43
3523.43
3523.43
3523.43
3523.43
3523.43
3523.43
3523.43
3523.43
3523.43
3523.43
3523.43
3523.43
3523.43
3523.43
3523.43
3523.43
3523.43
3523.43
3523.43
3523.43
3523.43
3523.43
3523.43
3523.43
3523.43
3523.43
3523.43
3523.43
3523.43
3523.43
3523.43
3523.43
3523.43
3523.43
3523.43
3523.43
3523.43
3523.43
3523.43
3523.43
3523.43
3523.43
3523.43
3523.43
3523.43
3523.43
3523.43
3523.43
3523.43
3523.43
3523.43
3523.43
3523.43
3523.43
3523.43
3523.43
3523.43
3523.43
3523.43
3523.43
3523.43
3523.43
3523.43
3523.43
3523.43
3523.43
3523.43
3523.43
3523.43
3523.43
3523.43
3523.43
3523.43
3523.43
3523.43
3523.43
3523.43
3523.43
3523.43
3523.43
3523.43
3523.43
3523.43
3523.43
3523.43
3523.43
3523.43
3523.43
3523.43
3523.43
3523.43
3523.43
3523.43
3523.43
3523.43
3523.43
3523.43
3523.43
3523.43
3523.43
3523.43
3523.43
3523.43
3523.43
3523.43
3523.43
3523.43
3523.43
3523.43
3523.43
3523.43
3523.43
3523.43
3523.43
3523.43
3523.43
3523.43
3523.43
3523.43
3523.43
3523.43
3523.43
3523.43
3523.43
3523.43
3523.43
3523.43
3523.43
3523.43
3523.43
3523.43
3523.43
3523.43
3523.43
3523.43
3523.43
3523.43
3523.42
3523.42
3523.42
3523.42
3523.42
3523.42
3523.42
3523.42
3523.42
3523.41
3523.41
3523.41
3523.41
3523.41
3523.4
3523.4
3523.4
3523.4
3523.39
3523.39
3523.39
3523.38
3523.38
3523.38
3523.37
3523.37
3523.36
3523.36
3523.36
3523.35
3523.35
3523.35
3523.34
3523.34
3523.34
3523.34
3523.34
3523.34
3523.34
3523.34
3523.34
3523.34
3523.34
3523.34
3523.34
3523.34
3523.34
3523.34
3523.34
3523.33
3523.33
3523.33
3523.33
3523.32
3523.32
3523.32
3523.32
3523.31
3523.31
3523.31
3523.31
3523.31
3523.31
3523.31
3523.3
3523.3
3523.3
3523.3
3523.3
3523.3
3523.3
3523.3
3523.3
3523.3
3523.3
3523.3
3523.3
3523.3
3523.3
3523.31
3523.31
3523.31
3523.31
3523.31
3523.31
3523.31
3523.31
3523.31
3523.31
3523.31
3523.31
3523.31
3523.31
3523.31
3523.31
3523.31
3523.31
3523.31
3523.31
3523.31
3523.31
3523.31
3523.31
3523.31
3523.31
3523.31
3523.31
3523.31
3523.31
3523.31
3523.31
3523.31
3523.31
3523.31
3523.31
3523.31
3523.31
3523.31
3523.31
3523.31
3523.31
3523.31
3523.31
3523.31
3523.31
3523.31
3523.31
3523.31
3523.31
3523.31
3523.31
3523.31
3523.31
3523.31
3523.31
3523.31
3523.31
3523.31
3523.31
3523.31
3523.31
3523.31
3523.31
3523.31
3523.31
3523.31
3523.31
3523.31
3523.31
3523.31
3523.31
3523.31
3523.31
3523.31
3523.31
3523.31
3523.31
3523.31
3523.31
3523.31
3523.31
3523.31
3523.31
3523.31
3523.31
3523.31
3523.31
3523.31
3523.31
3523.31
3523.31
3523.31
3523.31
3523.31
3523.31
3523.31
3523.31
3523.31
3523.31
3523.31
3523.31
3523.31
3523.31
3523.31
3523.31
3523.31
3523.31
3523.31
3523.31
3523.31
3523.31
3523.31
3523.31
3523.31
3523.31
3523.31
3523.31
3523.3
3523.3
3523.3
3523.3
3523.3
3523.3
3523.3
3523.3
3523.3
3523.3
3523.3
3523.29
3523.29
3523.29
3523.29
3523.29
3523.29
3523.28
3523.28
3523.28
3523.28
3523.27
3523.27
3523.27
3523.26
3523.26
3523.26
3523.25
3523.25
3523.25
3523.24
3523.24
3523.24
3523.23
3523.23
3523.23
3523.23
3523.22
3523.23
3523.22
3523.22
3523.22
3523.22
3523.22
3523.22
3523.22
3523.22
3523.22
3523.21
3523.21
3523.21
3523.21
3523.21
3523.21
3523.2
3523.2
3523.2
3523.2
3523.19
3523.19
3523.19
3523.19
3523.19
3523.18
3523.18
3523.18
3523.18
3523.18
3523.18
3523.18
3523.18
3523.18
3523.18
3523.18
3523.18
3523.18
3523.18
3523.18
3523.18
3523.18
3523.18
3523.18
3523.18
3523.18
3523.18
3523.18
3523.18
3523.18
3523.18
3523.19
3523.19
3523.19
3523.19
3523.19
3523.19
3523.19
3523.19
3523.19
3523.19
3523.19
3523.19
3523.19
3523.19
3523.19
3523.19
3523.19
3523.19
3523.19
3523.19
3523.19
3523.19
3523.19
3523.19
3523.19
3523.19
3523.19
3523.19
3523.19
3523.19
3523.19
3523.19
3523.19
3523.19
3523.19
3523.19
3523.19
3523.19
3523.19
3523.19
3523.19
3523.19
3523.19
3523.19
3523.19
3523.19
3523.19
3523.19
3523.19
3523.19
3523.19
3523.19
3523.19
3523.19
3523.19
3523.19
3523.19
3523.19
3523.19
3523.19
3523.19
3523.19
3523.19
3523.19
3523.19
3523.19
3523.19
3523.19
3523.19
3523.19
3523.19
3523.19
3523.19
3523.19
3523.19
3523.19
3523.19
3523.19
3523.19
3523.19
3523.19
3523.19
3523.19
3523.19
3523.19
3523.19
3523.19
3523.19
3523.19
3523.19
3523.19
3523.19
3523.19
3523.19
3523.19
3523.19
3523.19
3523.19
3523.19
3523.19
3523.19
3523.19
3523.19
3523.19
3523.19
3523.19
3523.19
3523.18
3523.18
3523.18
3523.18
3523.18
3523.18
3523.18
3523.18
3523.18
3523.18
3523.18
3523.18
3523.18
3523.17
3523.17
3523.17
3523.17
3523.17
3523.17
3523.17
3523.16
3523.16
3523.16
3523.16
3523.15
3523.15
3523.15
3523.15
3523.14
3523.14
3523.14
3523.13
3523.13
3523.13
3523.12
3523.12
3523.12
3523.12
3523.11
3523.11
3523.11
3523.11
3523.11
3523.09
3523.09
3523.09
3523.09
3523.09
3523.09
3523.09
3523.09
3523.09
3523.09
3523.09
3523.09
3523.08
3523.08
3523.08
3523.08
3523.07
3523.07
3523.07
3523.07
3523.07
3523.06
3523.06
3523.06
3523.06
3523.06
3523.06
3523.06
3523.06
3523.05
3523.05
3523.05
3523.05
3523.05
3523.06
3523.06
3523.06
3523.06
3523.06
3523.06
3523.06
3523.06
3523.06
3523.06
3523.06
3523.06
3523.06
3523.06
3523.06
3523.06
3523.06
3523.06
3523.06
3523.06
3523.06
3523.06
3523.06
3523.06
3523.06
3523.06
3523.06
3523.07
3523.07
3523.07
3523.07
3523.07
3523.07
3523.07
3523.07
3523.07
3523.07
3523.07
3523.07
3523.07
3523.07
3523.07
3523.07
3523.07
3523.07
3523.07
3523.07
3523.07
3523.07
3523.07
3523.07
3523.07
3523.07
3523.07
3523.07
3523.07
3523.07
3523.07
3523.07
3523.07
3523.07
3523.07
3523.07
3523.07
3523.07
3523.07
3523.07
3523.07
3523.07
3523.07
3523.07
3523.07
3523.07
3523.07
3523.07
3523.07
3523.07
3523.07
3523.07
3523.07
3523.07
3523.07
3523.07
3523.07
3523.07
3523.07
3523.07
3523.07
3523.07
3523.07
3523.07
3523.07
3523.07
3523.07
3523.07
3523.07
3523.07
3523.07
3523.07
3523.07
3523.07
3523.07
3523.07
3523.07
3523.07
3523.07
3523.07
3523.07
3523.07
3523.07
3523.07
3523.07
3523.07
3523.07
3523.07
3523.07
3523.06
3523.06
3523.06
3523.06
3523.06
3523.06
3523.06
3523.06
3523.06
3523.06
3523.06
3523.06
3523.06
3523.06
3523.06
3523.06
3523.06
3523.06
3523.06
3523.05
3523.05
3523.05
3523.05
3523.05
3523.05
3523.05
3523.04
3523.04
3523.04
3523.04
3523.04
3523.03
3523.03
3523.03
3523.03
3523.02
3523.02
3523.02
3523.01
3523.01
3523.01
3523.01
3523
3523
3523
3523
3522.99
3522.99
3522.99
3522.99
3522.97
3522.97
3522.97
3522.97
3522.97
3522.97
3522.97
3522.96
3522.96
3522.96
3522.96
3522.96
3522.96
3522.96
3522.95
3522.95
3522.95
3522.95
3522.94
3522.94
3522.94
3522.94
3522.94
3522.94
3522.93
3522.93
3522.93
3522.93
3522.93
3522.93
3522.93
3522.93
3522.93
3522.93
3522.93
3522.93
3522.93
3522.93
3522.93
3522.93
3522.94
3522.94
3522.94
3522.94
3522.94
3522.94
3522.94
3522.94
3522.94
3522.94
3522.94
3522.94
3522.94
3522.94
3522.94
3522.94
3522.94
3522.94
3522.94
3522.94
3522.94
3522.94
3522.94
3522.94
3522.94
3522.94
3522.94
3522.94
3522.94
3522.94
3522.94
3522.94
3522.94
3522.94
3522.94
3522.94
3522.94
3522.94
3522.94
3522.94
3522.94
3522.94
3522.94
3522.94
3522.94
3522.94
3522.94
3522.94
3522.94
3522.94
3522.94
3522.94
3522.94
3522.94
3522.94
3522.94
3522.94
3522.94
3522.94
3522.94
3522.94
3522.94
3522.94
3522.94
3522.94
3522.94
3522.94
3522.94
3522.94
3522.94
3522.94
3522.94
3522.94
3522.94
3522.94
3522.94
3522.94
3522.94
3522.94
3522.94
3522.94
3522.94
3522.94
3522.94
3522.94
3522.94
3522.94
3522.94
3522.94
3522.94
3522.94
3522.94
3522.94
3522.94
3522.94
3522.94
3522.94
3522.94
3522.94
3522.94
3522.94
3522.94
3522.94
3522.94
3522.94
3522.94
3522.94
3522.94
3522.94
3522.94
3522.94
3522.94
3522.94
3522.94
3522.94
3522.94
3522.94
3522.94
3522.94
3522.94
3522.94
3522.94
3522.94
3522.94
3522.94
3522.94
3522.94
3522.93
3522.93
3522.93
3522.93
3522.93
3522.93
3522.93
3522.93
3522.92
3522.92
3522.92
3522.92
3522.92
3522.92
3522.91
3522.91
3522.91
3522.91
3522.9
3522.9
3522.9
3522.9
3522.89
3522.89
3522.89
3522.89
3522.88
3522.88
3522.88
3522.88
3522.88
3522.88
3522.88
3522.84
3522.84
3522.84
3522.84
3522.84
3522.84
3522.84
3522.84
3522.84
3522.84
3522.84
3522.83
3522.83
3522.83
3522.83
3522.82
3522.82
3522.82
3522.82
3522.82
3522.81
3522.81
3522.81
3522.81
3522.81
3522.81
3522.81
3522.81
3522.81
3522.81
3522.81
3522.81
3522.81
3522.81
3522.81
3522.81
3522.81
3522.81
3522.81
3522.81
3522.81
3522.81
3522.81
3522.82
3522.82
3522.82
3522.82
3522.82
3522.82
3522.82
3522.82
3522.82
3522.82
3522.82
3522.82
3522.82
3522.82
3522.82
3522.82
3522.82
3522.82
3522.82
3522.82
3522.82
3522.82
3522.82
3522.82
3522.82
3522.82
3522.82
3522.82
3522.82
3522.82
3522.82
3522.82
3522.82
3522.82
3522.82
3522.82
3522.82
3522.82
3522.82
3522.82
3522.82
3522.82
3522.82
3522.82
3522.82
3522.82
3522.82
3522.82
3522.82
3522.82
3522.82
3522.82
3522.82
3522.82
3522.82
3522.82
3522.82
3522.82
3522.82
3522.82
3522.82
3522.82
3522.82
3522.82
3522.82
3522.82
3522.82
3522.82
3522.82
3522.82
3522.82
3522.82
3522.82
3522.82
3522.82
3522.82
3522.82
3522.82
3522.82
3522.82
3522.82
3522.82
3522.82
3522.82
3522.82
3522.82
3522.82
3522.82
3522.82
3522.82
3522.82
3522.82
3522.82
3522.82
3522.82
3522.82
3522.82
3522.82
3522.82
3522.82
3522.82
3522.82
3522.82
3522.82
3522.82
3522.82
3522.82
3522.82
3522.82
3522.82
3522.82
3522.82
3522.82
3522.82
3522.82
3522.82
3522.82
3522.82
3522.82
3522.82
3522.82
3522.82
3522.81
3522.81
3522.81
3522.81
3522.81
3522.81
3522.81
3522.81
3522.81
3522.81
3522.8
3522.8
3522.8
3522.8
3522.8
3522.79
3522.79
3522.79
3522.79
3522.79
3522.78
3522.78
3522.78
3522.78
3522.77
3522.77
3522.77
3522.77
3522.77
3522.76
3522.76
3522.76
3522.76
3522.76
3522.76
3522.72
3522.72
3522.72
3522.72
3522.72
3522.72
3522.72
3522.71
3522.71
3522.71
3522.71
3522.71
3522.71
3522.7
3522.7
3522.7
3522.7
3522.69
3522.69
3522.69
3522.69
3522.69
3522.68
3522.68
3522.68
3522.68
3522.68
3522.68
3522.68
3522.68
3522.68
3522.68
3522.68
3522.68
3522.68
3522.68
3522.69
3522.69
3522.69
3522.69
3522.69
3522.69
3522.69
3522.69
3522.69
3522.69
3522.69
3522.7
3522.7
3522.7
3522.7
3522.7
3522.7
3522.7
3522.7
3522.7
3522.7
3522.7
3522.7
3522.7
3522.7
3522.7
3522.7
3522.7
3522.7
3522.7
3522.7
3522.7
3522.7
3522.7
3522.7
3522.7
3522.7
3522.7
3522.7
3522.7
3522.7
3522.7
3522.7
3522.7
3522.7
3522.7
3522.7
3522.7
3522.7
3522.7
3522.7
3522.7
3522.7
3522.7
3522.7
3522.7
3522.7
3522.7
3522.7
3522.7
3522.7
3522.7
3522.7
3522.7
3522.7
3522.7
3522.7
3522.7
3522.7
3522.7
3522.7
3522.7
3522.7
3522.7
3522.7
3522.7
3522.7
3522.7
3522.7
3522.7
3522.7
3522.7
3522.7
3522.7
3522.7
3522.7
3522.7
3522.7
3522.7
3522.7
3522.7
3522.7
3522.7
3522.7
3522.7
3522.7
3522.7
3522.7
3522.7
3522.7
3522.7
3522.7
3522.7
3522.7
3522.7
3522.7
3522.7
3522.7
3522.7
3522.7
3522.7
3522.7
3522.7
3522.7
3522.7
3522.7
3522.7
3522.7
3522.7
3522.7
3522.7
3522.7
3522.7
3522.7
3522.7
3522.7
3522.69
3522.69
3522.69
3522.69
3522.69
3522.69
3522.69
3522.69
3522.69
3522.69
3522.69
3522.69
3522.68
3522.68
3522.68
3522.68
3522.68
3522.68
3522.67
3522.67
3522.67
3522.67
3522.67
3522.66
3522.66
3522.66
3522.66
3522.66
3522.65
3522.65
3522.65
3522.65
3522.65
3522.65
3522.64
3522.64
3522.64
3522.65
3522.6
3522.6
3522.6
3522.59
3522.59
3522.59
3522.59
3522.59
3522.59
3522.59
3522.58
3522.58
3522.58
3522.58
3522.58
3522.57
3522.57
3522.57
3522.57
3522.56
3522.56
3522.56
3522.56
3522.56
3522.56
3522.56
3522.55
3522.55
3522.55
3522.55
3522.56
3522.56
3522.56
3522.56
3522.56
3522.56
3522.56
3522.56
3522.56
3522.57
3522.57
3522.57
3522.57
3522.57
3522.57
3522.57
3522.57
3522.57
3522.57
3522.57
3522.57
3522.58
3522.58
3522.58
3522.58
3522.58
3522.58
3522.58
3522.58
3522.58
3522.58
3522.58
3522.58
3522.58
3522.58
3522.58
3522.58
3522.58
3522.58
3522.58
3522.58
3522.58
3522.58
3522.58
3522.58
3522.58
3522.58
3522.58
3522.58
3522.58
3522.58
3522.58
3522.58
3522.58
3522.58
3522.58
3522.58
3522.58
3522.58
3522.58
3522.58
3522.58
3522.58
3522.58
3522.58
3522.58
3522.58
3522.58
3522.58
3522.58
3522.58
3522.58
3522.58
3522.58
3522.58
3522.58
3522.58
3522.58
3522.58
3522.58
3522.58
3522.58
3522.58
3522.58
3522.58
3522.58
3522.58
3522.58
3522.58
3522.58
3522.58
3522.58
3522.58
3522.58
3522.58
3522.58
3522.58
3522.58
3522.58
3522.58
3522.58
3522.58
3522.58
3522.58
3522.58
3522.58
3522.58
3522.58
3522.58
3522.58
3522.58
3522.58
3522.58
3522.58
3522.58
3522.58
3522.58
3522.58
3522.58
3522.58
3522.58
3522.58
3522.58
3522.58
3522.58
3522.58
3522.58
3522.58
3522.57
3522.57
3522.57
3522.57
3522.57
3522.57
3522.57
3522.57
3522.57
3522.57
3522.57
3522.57
3522.57
3522.57
3522.57
3522.56
3522.56
3522.56
3522.56
3522.56
3522.56
3522.56
3522.55
3522.55
3522.55
3522.55
3522.55
3522.54
3522.54
3522.54
3522.54
3522.54
3522.54
3522.53
3522.53
3522.53
3522.53
3522.53
3522.53
3522.53
3522.53
3522.53
3522.47
3522.47
3522.47
3522.47
3522.47
3522.47
3522.47
3522.46
3522.46
3522.46
3522.46
3522.46
3522.45
3522.45
3522.45
3522.45
3522.44
3522.44
3522.44
3522.44
3522.44
3522.43
3522.43
3522.43
3522.43
3522.43
3522.43
3522.43
3522.43
3522.43
3522.43
3522.43
3522.43
3522.43
3522.44
3522.44
3522.44
3522.44
3522.44
3522.44
3522.44
3522.45
3522.45
3522.45
3522.45
3522.45
3522.45
3522.45
3522.45
3522.45
3522.45
3522.45
3522.45
3522.45
3522.45
3522.45
3522.45
3522.45
3522.45
3522.45
3522.46
3522.46
3522.46
3522.46
3522.46
3522.46
3522.46
3522.46
3522.46
3522.46
3522.46
3522.46
3522.46
3522.46
3522.46
3522.46
3522.46
3522.46
3522.46
3522.46
3522.46
3522.46
3522.46
3522.46
3522.46
3522.46
3522.46
3522.46
3522.46
3522.46
3522.46
3522.46
3522.46
3522.46
3522.46
3522.46
3522.46
3522.46
3522.46
3522.46
3522.46
3522.46
3522.46
3522.46
3522.46
3522.46
3522.46
3522.46
3522.46
3522.46
3522.46
3522.46
3522.46
3522.46
3522.46
3522.46
3522.46
3522.46
3522.46
3522.46
3522.46
3522.46
3522.46
3522.46
3522.46
3522.46
3522.46
3522.46
3522.46
3522.46
3522.46
3522.46
3522.46
3522.46
3522.46
3522.46
3522.46
3522.46
3522.46
3522.46
3522.46
3522.46
3522.46
3522.46
3522.46
3522.46
3522.46
3522.46
3522.46
3522.46
3522.46
3522.46
3522.45
3522.45
3522.45
3522.45
3522.45
3522.45
3522.45
3522.45
3522.45
3522.45
3522.45
3522.45
3522.45
3522.45
3522.45
3522.45
3522.45
3522.45
3522.45
3522.44
3522.44
3522.44
3522.44
3522.44
3522.44
3522.44
3522.44
3522.44
3522.43
3522.43
3522.43
3522.43
3522.43
3522.43
3522.42
3522.42
3522.42
3522.42
3522.42
3522.42
3522.41
3522.41
3522.41
3522.41
3522.41
3522.41
3522.41
3522.41
3522.35
3522.34
3522.34
3522.34
3522.34
3522.34
3522.34
3522.34
3522.34
3522.34
3522.33
3522.33
3522.33
3522.33
3522.32
3522.32
3522.32
3522.32
3522.31
3522.31
3522.31
3522.31
3522.31
3522.3
3522.3
3522.3
3522.3
3522.3
3522.3
3522.3
3522.3
3522.31
3522.31
3522.31
3522.31
3522.31
3522.32
3522.32
3522.32
3522.32
3522.32
3522.32
3522.32
3522.33
3522.33
3522.33
3522.33
3522.33
3522.33
3522.33
3522.33
3522.33
3522.33
3522.33
3522.33
3522.33
3522.33
3522.33
3522.33
3522.33
3522.33
3522.33
3522.33
3522.33
3522.33
3522.33
3522.33
3522.33
3522.33
3522.33
3522.33
3522.33
3522.33
3522.33
3522.33
3522.33
3522.33
3522.33
3522.33
3522.33
3522.33
3522.33
3522.33
3522.33
3522.33
3522.33
3522.33
3522.33
3522.33
3522.33
3522.33
3522.33
3522.33
3522.33
3522.33
3522.33
3522.33
3522.33
3522.33
3522.33
3522.33
3522.33
3522.33
3522.33
3522.33
3522.33
3522.33
3522.33
3522.33
3522.33
3522.33
3522.33
3522.33
3522.33
3522.33
3522.33
3522.33
3522.33
3522.33
3522.33
3522.33
3522.33
3522.33
3522.33
3522.33
3522.33
3522.33
3522.33
3522.33
3522.33
3522.33
3522.33
3522.33
3522.33
3522.33
3522.33
3522.33
3522.33
3522.33
3522.33
3522.33
3522.33
3522.33
3522.33
3522.33
3522.33
3522.33
3522.33
3522.33
3522.33
3522.33
3522.33
3522.33
3522.33
3522.33
3522.33
3522.33
3522.33
3522.33
3522.33
3522.33
3522.33
3522.33
3522.33
3522.33
3522.33
3522.33
3522.33
3522.33
3522.33
3522.32
3522.32
3522.32
3522.32
3522.32
3522.32
3522.32
3522.32
3522.32
3522.31
3522.31
3522.31
3522.31
3522.31
3522.31
3522.31
3522.3
3522.3
3522.3
3522.3
3522.3
3522.3
3522.3
3522.29
3522.29
3522.29
3522.29
3522.29
3522.29
3522.29
3522.21
3522.29
3522.26
3522.24
3522.23
3522.22
3522.22
3522.21
3522.21
3522.21
3522.21
3522.21
3522.2
3522.2
3522.2
3522.2
3522.19
3522.19
3522.19
3522.19
3522.18
3522.18
3522.18
3522.18
3522.18
3522.18
3522.18
3522.18
3522.18
3522.18
3522.18
3522.18
3522.18
3522.18
3522.19
3522.19
3522.19
3522.19
3522.2
3522.2
3522.2
3522.2
3522.2
3522.2
3522.2
3522.21
3522.21
3522.21
3522.21
3522.21
3522.21
3522.21
3522.21
3522.21
3522.21
3522.21
3522.21
3522.21
3522.21
3522.21
3522.21
3522.21
3522.21
3522.21
3522.21
3522.21
3522.21
3522.21
3522.21
3522.21
3522.21
3522.21
3522.21
3522.21
3522.21
3522.21
3522.21
3522.21
3522.21
3522.21
3522.21
3522.21
3522.21
3522.21
3522.21
3522.21
3522.21
3522.21
3522.21
3522.21
3522.21
3522.21
3522.21
3522.21
3522.21
3522.21
3522.21
3522.21
3522.21
3522.21
3522.21
3522.21
3522.21
3522.21
3522.21
3522.21
3522.21
3522.21
3522.21
3522.21
3522.21
3522.21
3522.21
3522.21
3522.21
3522.21
3522.21
3522.21
3522.21
3522.21
3522.21
3522.21
3522.21
3522.21
3522.21
3522.21
3522.21
3522.21
3522.21
3522.21
3522.21
3522.21
3522.21
3522.21
3522.21
3522.21
3522.21
3522.21
3522.21
3522.21
3522.21
3522.21
3522.21
3522.21
3522.21
3522.21
3522.21
3522.21
3522.21
3522.21
3522.21
3522.21
3522.21
3522.21
3522.21
3522.21
3522.21
3522.21
3522.21
3522.21
3522.21
3522.21
3522.21
3522.21
3522.21
3522.21
3522.21
3522.21
3522.2
3522.2
3522.2
3522.2
3522.2
3522.2
3522.2
3522.2
3522.2
3522.2
3522.2
3522.19
3522.19
3522.19
3522.19
3522.19
3522.19
3522.19
3522.19
3522.18
3522.18
3522.18
3522.18
3522.18
3522.18
3522.18
3522.18
3522.18
3522.18
3522.18
3522.18
3522.18
3522.15
3521.67
3521.79
3521.9
3522.01
3522.08
3522.1
3522.1
3522.09
3522.09
3522.08
3522.08
3522.08
3522.07
3522.07
3522.07
3522.07
3522.06
3522.06
3522.06
3522.06
3522.06
3522.05
3522.05
3522.05
3522.05
3522.05
3522.05
3522.06
3522.06
3522.06
3522.06
3522.06
3522.06
3522.06
3522.07
3522.07
3522.07
3522.07
3522.08
3522.08
3522.08
3522.08
3522.08
3522.08
3522.08
3522.08
3522.09
3522.09
3522.09
3522.09
3522.09
3522.09
3522.09
3522.09
3522.09
3522.09
3522.09
3522.09
3522.09
3522.09
3522.09
3522.09
3522.09
3522.09
3522.09
3522.09
3522.09
3522.09
3522.09
3522.09
3522.09
3522.09
3522.09
3522.09
3522.09
3522.09
3522.09
3522.09
3522.09
3522.09
3522.09
3522.09
3522.09
3522.09
3522.09
3522.09
3522.09
3522.09
3522.09
3522.09
3522.09
3522.09
3522.09
3522.09
3522.09
3522.09
3522.09
3522.09
3522.09
3522.09
3522.09
3522.09
3522.09
3522.09
3522.09
3522.09
3522.09
3522.09
3522.09
3522.09
3522.09
3522.09
3522.09
3522.09
3522.09
3522.09
3522.09
3522.09
3522.09
3522.09
3522.09
3522.09
3522.09
3522.09
3522.09
3522.09
3522.09
3522.09
3522.09
3522.09
3522.09
3522.09
3522.09
3522.09
3522.09
3522.09
3522.09
3522.09
3522.09
3522.09
3522.09
3522.09
3522.09
3522.09
3522.09
3522.09
3522.09
3522.09
3522.09
3522.09
3522.09
3522.09
3522.09
3522.09
3522.09
3522.09
3522.09
3522.09
3522.09
3522.09
3522.09
3522.09
3522.09
3522.09
3522.09
3522.08
3522.08
3522.08
3522.08
3522.08
3522.08
3522.08
3522.08
3522.08
3522.08
3522.08
3522.08
3522.08
3522.07
3522.07
3522.07
3522.07
3522.07
3522.07
3522.07
3522.07
3522.06
3522.06
3522.06
3522.06
3522.06
3522.06
3522.06
3522.06
3522.06
3522.06
3522.06
3522.06
3522.06
3521.95
3524.09
3523.88
3523.55
3522.8
3522.16
3521.93
3521.89
3521.91
3521.92
3521.93
3521.94
3521.94
3521.95
3521.95
3521.94
3521.94
3521.94
3521.94
3521.94
3521.94
3521.94
3521.95
3521.96
3521.97
3521.98
3521.99
3521.99
3521.99
3521.98
3521.97
3521.95
3521.94
3521.94
3521.94
3521.94
3521.95
3521.95
3521.95
3521.95
3521.96
3521.96
3521.96
3521.96
3521.96
3521.96
3521.96
3521.96
3521.96
3521.97
3521.97
3521.97
3521.97
3521.97
3521.97
3521.97
3521.97
3521.97
3521.97
3521.97
3521.97
3521.97
3521.97
3521.97
3521.97
3521.97
3521.97
3521.97
3521.97
3521.97
3521.97
3521.97
3521.97
3521.97
3521.97
3521.97
3521.97
3521.97
3521.97
3521.97
3521.97
3521.97
3521.97
3521.97
3521.97
3521.97
3521.97
3521.97
3521.97
3521.97
3521.97
3521.97
3521.97
3521.97
3521.97
3521.97
3521.97
3521.97
3521.97
3521.97
3521.97
3521.97
3521.97
3521.97
3521.97
3521.97
3521.97
3521.97
3521.97
3521.97
3521.97
3521.97
3521.97
3521.97
3521.97
3521.97
3521.97
3521.97
3521.97
3521.97
3521.97
3521.97
3521.97
3521.97
3521.97
3521.97
3521.97
3521.97
3521.97
3521.97
3521.97
3521.97
3521.97
3521.97
3521.97
3521.97
3521.97
3521.97
3521.97
3521.97
3521.97
3521.97
3521.97
3521.97
3521.97
3521.97
3521.97
3521.97
3521.97
3521.97
3521.97
3521.97
3521.97
3521.97
3521.97
3521.97
3521.97
3521.97
3521.97
3521.97
3521.97
3521.97
3521.97
3521.96
3521.96
3521.96
3521.96
3521.96
3521.96
3521.96
3521.96
3521.96
3521.96
3521.96
3521.96
3521.96
3521.96
3521.96
3521.95
3521.95
3521.95
3521.95
3521.95
3521.95
3521.95
3521.95
3521.95
3521.95
3521.94
3521.94
3521.94
3521.94
3521.94
3521.94
3521.94
3521.94
3521.94
3521.94
3521.94
3521.94
3521.04
3513
3512.54
3511.82
3515.28
3520.26
3522.1
3522.36
3522.27
3522.14
3522.04
3521.96
3521.91
3521.87
3521.85
3521.84
3521.84
3521.84
3521.85
3521.87
3521.9
3521.95
3522.01
3522.09
3522.18
3522.28
3522.36
3522.41
3522.4
3522.33
3522.2
3522.07
3521.95
3521.87
3521.83
3521.82
3521.82
3521.83
3521.83
3521.83
3521.83
3521.84
3521.84
3521.84
3521.84
3521.84
3521.84
3521.84
3521.84
3521.84
3521.84
3521.84
3521.84
3521.84
3521.85
3521.85
3521.85
3521.85
3521.85
3521.85
3521.85
3521.85
3521.85
3521.85
3521.85
3521.85
3521.85
3521.85
3521.85
3521.85
3521.85
3521.85
3521.85
3521.85
3521.85
3521.85
3521.85
3521.85
3521.85
3521.85
3521.85
3521.85
3521.85
3521.85
3521.85
3521.85
3521.85
3521.85
3521.85
3521.85
3521.85
3521.85
3521.85
3521.85
3521.85
3521.85
3521.85
3521.85
3521.85
3521.85
3521.85
3521.85
3521.85
3521.85
3521.85
3521.85
3521.85
3521.85
3521.85
3521.85
3521.85
3521.85
3521.85
3521.85
3521.85
3521.85
3521.85
3521.85
3521.85
3521.85
3521.85
3521.85
3521.85
3521.85
3521.85
3521.85
3521.85
3521.85
3521.85
3521.85
3521.85
3521.85
3521.85
3521.85
3521.85
3521.85
3521.85
3521.85
3521.85
3521.85
3521.85
3521.85
3521.85
3521.85
3521.85
3521.85
3521.85
3521.85
3521.85
3521.85
3521.85
3521.85
3521.85
3521.85
3521.85
3521.85
3521.85
3521.85
3521.85
3521.84
3521.84
3521.84
3521.84
3521.84
3521.84
3521.84
3521.84
3521.84
3521.84
3521.84
3521.84
3521.84
3521.84
3521.84
3521.84
3521.84
3521.84
3521.84
3521.83
3521.83
3521.83
3521.83
3521.83
3521.83
3521.83
3521.83
3521.83
3521.83
3521.83
3521.82
3521.82
3521.82
3521.82
3521.82
3521.82
3521.82
3521.82
3521.82
3521.82
3521.83
3532.25
3522.33
3546.79
3565.58
3562.54
3532.83
3520.64
3518.87
3519.1
3519.69
3520.27
3520.74
3521.08
3521.34
3521.53
3521.68
3521.8
3521.92
3522.05
3522.21
3522.44
3522.74
3523.14
3523.64
3524.22
3524.81
3525.33
3525.66
3525.68
3525.32
3524.63
3523.73
3522.87
3522.23
3521.89
3521.75
3521.71
3521.71
3521.71
3521.71
3521.71
3521.71
3521.72
3521.72
3521.72
3521.72
3521.72
3521.72
3521.72
3521.72
3521.72
3521.72
3521.72
3521.72
3521.72
3521.72
3521.72
3521.72
3521.72
3521.72
3521.72
3521.72
3521.72
3521.72
3521.72
3521.72
3521.72
3521.72
3521.72
3521.72
3521.72
3521.72
3521.72
3521.72
3521.72
3521.72
3521.72
3521.72
3521.72
3521.72
3521.72
3521.72
3521.72
3521.72
3521.72
3521.72
3521.72
3521.72
3521.72
3521.72
3521.72
3521.72
3521.72
3521.72
3521.72
3521.72
3521.72
3521.72
3521.72
3521.72
3521.72
3521.72
3521.72
3521.72
3521.72
3521.72
3521.72
3521.72
3521.72
3521.72
3521.72
3521.72
3521.72
3521.72
3521.72
3521.72
3521.72
3521.72
3521.72
3521.72
3521.72
3521.72
3521.72
3521.73
3521.73
3521.73
3521.73
3521.73
3521.73
3521.73
3521.73
3521.73
3521.73
3521.73
3521.73
3521.73
3521.73
3521.73
3521.73
3521.73
3521.73
3521.73
3521.73
3521.73
3521.73
3521.73
3521.73
3521.72
3521.72
3521.72
3521.72
3521.72
3521.72
3521.72
3521.72
3521.72
3521.72
3521.72
3521.72
3521.72
3521.72
3521.72
3521.72
3521.72
3521.72
3521.72
3521.72
3521.72
3521.72
3521.72
3521.72
3521.72
3521.72
3521.72
3521.72
3521.72
3521.72
3521.72
3521.71
3521.71
3521.71
3521.71
3521.71
3521.71
3521.71
3521.71
3521.71
3521.71
3521.71
3521.71
3521.71
3521.71
3521.7
3521.7
3521.7
3521.71
3521.71
3521.71
3521.71
3521.71
3541.5
3356.5
3430.01
3332.42
3389.3
3487.12
3525.42
3532.41
3533.12
3531.66
3529.51
3527.49
3525.89
3524.73
3523.95
3523.5
3523.34
3523.48
3523.92
3524.69
3525.83
3527.38
3529.37
3531.77
3534.49
3537.28
3539.78
3541.51
3541.97
3540.81
3537.97
3533.86
3529.35
3525.54
3523.13
3522.04
3521.69
3521.6
3521.59
3521.59
3521.59
3521.59
3521.6
3521.6
3521.6
3521.6
3521.6
3521.6
3521.6
3521.6
3521.6
3521.6
3521.6
3521.6
3521.6
3521.6
3521.6
3521.6
3521.6
3521.6
3521.6
3521.6
3521.6
3521.6
3521.6
3521.6
3521.6
3521.6
3521.6
3521.6
3521.6
3521.6
3521.6
3521.6
3521.6
3521.6
3521.6
3521.6
3521.6
3521.6
3521.6
3521.6
3521.6
3521.6
3521.6
3521.6
3521.6
3521.6
3521.6
3521.6
3521.6
3521.6
3521.6
3521.6
3521.6
3521.6
3521.6
3521.6
3521.6
3521.6
3521.6
3521.6
3521.6
3521.6
3521.6
3521.6
3521.6
3521.6
3521.6
3521.6
3521.6
3521.6
3521.6
3521.6
3521.6
3521.6
3521.6
3521.6
3521.6
3521.6
3521.6
3521.6
3521.6
3521.6
3521.6
3521.6
3521.6
3521.6
3521.6
3521.6
3521.6
3521.6
3521.6
3521.6
3521.6
3521.6
3521.6
3521.6
3521.6
3521.6
3521.6
3521.6
3521.6
3521.6
3521.6
3521.6
3521.6
3521.6
3521.6
3521.6
3521.6
3521.6
3521.6
3521.6
3521.6
3521.6
3521.6
3521.6
3521.6
3521.6
3521.6
3521.6
3521.6
3521.6
3521.6
3521.6
3521.6
3521.6
3521.6
3521.6
3521.6
3521.6
3521.6
3521.6
3521.6
3521.6
3521.6
3521.59
3521.59
3521.59
3521.59
3521.59
3521.59
3521.59
3521.59
3521.59
3521.59
3521.59
3521.59
3521.59
3521.59
3521.59
3521.59
3521.59
3521.59
3521.59
3521.59
3521.59
3521.59
3521.59
3353.68
3861.37
3518.84
3819.25
3796.66
3688.03
3545.82
3487.16
3481.7
3485.53
3492.05
3499.2
3505.92
3511.83
3516.99
3521.55
3525.65
3529.47
3533.27
3537.3
3541.9
3547.47
3554.36
3562.67
3572.12
3581.93
3590.97
3597.83
3600.93
3598.88
3590.99
3577.58
3560.61
3543.83
3531.35
3524.75
3522.29
3521.63
3521.49
3521.47
3521.47
3521.47
3521.47
3521.48
3521.48
3521.48
3521.48
3521.48
3521.48
3521.48
3521.48
3521.48
3521.48
3521.48
3521.48
3521.48
3521.48
3521.48
3521.48
3521.48
3521.48
3521.48
3521.48
3521.48
3521.48
3521.48
3521.48
3521.48
3521.48
3521.48
3521.48
3521.48
3521.48
3521.48
3521.48
3521.48
3521.48
3521.48
3521.48
3521.48
3521.48
3521.48
3521.48
3521.48
3521.48
3521.48
3521.48
3521.48
3521.48
3521.48
3521.48
3521.48
3521.48
3521.48
3521.48
3521.48
3521.48
3521.48
3521.48
3521.48
3521.48
3521.48
3521.48
3521.48
3521.48
3521.48
3521.48
3521.48
3521.48
3521.48
3521.48
3521.48
3521.48
3521.48
3521.48
3521.48
3521.48
3521.48
3521.48
3521.48
3521.48
3521.48
3521.48
3521.48
3521.48
3521.48
3521.48
3521.48
3521.48
3521.48
3521.48
3521.48
3521.48
3521.48
3521.48
3521.48
3521.48
3521.48
3521.48
3521.48
3521.48
3521.48
3521.48
3521.48
3521.48
3521.48
3521.48
3521.48
3521.48
3521.48
3521.48
3521.48
3521.48
3521.48
3521.48
3521.48
3521.48
3521.48
3521.48
3521.48
3521.48
3521.48
3521.48
3521.48
3521.48
3521.48
3521.48
3521.48
3521.48
3521.48
3521.48
3521.48
3521.48
3521.48
3521.48
3521.48
3521.48
3521.47
3521.47
3521.47
3521.47
3521.47
3521.47
3521.47
3521.47
3521.47
3521.47
3521.47
3521.47
3521.47
3521.47
3521.47
3521.47
3521.47
3521.47
3521.47
3521.47
3521.47
3521.47
3521.48
3029.73
3232.6
3072.49
3260.06
3225.26
3283.23
3498.06
3590.57
3602.37
3617.13
3618.43
3612.68
3603.96
3594.47
3585.44
3577.74
3572.18
3569.4
3570.04
3574.97
3584.86
3600.02
3620.19
3644.37
3671.03
3698.25
3723.68
3744.55
3757.53
3758.93
3745.69
3716.11
3671.2
3617.8
3569.91
3539.66
3526.5
3522.46
3521.54
3521.38
3521.36
3521.35
3521.35
3521.36
3521.36
3521.36
3521.36
3521.36
3521.36
3521.36
3521.36
3521.36
3521.36
3521.36
3521.36
3521.36
3521.36
3521.36
3521.36
3521.36
3521.36
3521.36
3521.36
3521.36
3521.36
3521.36
3521.36
3521.36
3521.36
3521.36
3521.36
3521.36
3521.36
3521.36
3521.36
3521.36
3521.36
3521.36
3521.36
3521.36
3521.36
3521.36
3521.36
3521.36
3521.36
3521.36
3521.36
3521.36
3521.36
3521.36
3521.36
3521.36
3521.36
3521.36
3521.36
3521.36
3521.36
3521.36
3521.36
3521.36
3521.36
3521.36
3521.36
3521.36
3521.36
3521.36
3521.36
3521.36
3521.36
3521.36
3521.36
3521.36
3521.36
3521.36
3521.36
3521.36
3521.36
3521.36
3521.36
3521.36
3521.36
3521.36
3521.36
3521.36
3521.36
3521.36
3521.36
3521.36
3521.36
3521.36
3521.36
3521.36
3521.36
3521.36
3521.36
3521.36
3521.36
3521.36
3521.36
3521.36
3521.36
3521.36
3521.36
3521.36
3521.36
3521.36
3521.36
3521.36
3521.36
3521.36
3521.36
3521.36
3521.36
3521.36
3521.36
3521.36
3521.36
3521.36
3521.36
3521.36
3521.36
3521.36
3521.36
3521.36
3521.36
3521.36
3521.36
3521.36
3521.36
3521.36
3521.36
3521.36
3521.36
3521.36
3521.36
3521.36
3521.35
3521.35
3521.35
3521.35
3521.35
3521.35
3521.35
3521.35
3521.35
3521.35
3521.35
3521.35
3521.35
3521.35
3521.35
3521.35
3521.35
3521.35
3521.35
3521.35
3521.35
3521.35
3521.36
3521.36
4816.31
4601.26
4762.4
4621.04
4527.92
4342.03
3922.75
3465.3
3301.27
3347.95
3411.38
3450.45
3476.2
3498.54
3522.95
3550.23
3579.03
3608.84
3639.99
3672.92
3707.96
3745.39
3785.53
3828.56
3873.98
3920.77
3967.43
4011.33
4047.79
4069.39
4067.42
4033.53
3958.39
3839.58
3704.34
3600.09
3546.35
3527.27
3522.37
3521.4
3521.25
3521.24
3521.23
3521.24
3521.24
3521.24
3521.24
3521.24
3521.24
3521.24
3521.24
3521.24
3521.24
3521.24
3521.24
3521.24
3521.24
3521.24
3521.24
3521.24
3521.24
3521.24
3521.24
3521.24
3521.24
3521.24
3521.24
3521.24
3521.24
3521.24
3521.24
3521.24
3521.24
3521.24
3521.24
3521.24
3521.24
3521.24
3521.24
3521.24
3521.24
3521.24
3521.24
3521.24
3521.24
3521.24
3521.24
3521.24
3521.24
3521.24
3521.24
3521.24
3521.24
3521.24
3521.24
3521.24
3521.24
3521.24
3521.24
3521.24
3521.24
3521.24
3521.24
3521.24
3521.24
3521.24
3521.24
3521.24
3521.24
3521.24
3521.24
3521.24
3521.24
3521.24
3521.24
3521.24
3521.24
3521.24
3521.24
3521.24
3521.24
3521.24
3521.24
3521.24
3521.24
3521.24
3521.24
3521.24
3521.24
3521.24
3521.24
3521.24
3521.24
3521.24
3521.24
3521.24
3521.24
3521.24
3521.24
3521.24
3521.24
3521.24
3521.24
3521.24
3521.24
3521.24
3521.24
3521.24
3521.24
3521.24
3521.24
3521.24
3521.24
3521.24
3521.24
3521.24
3521.24
3521.24
3521.24
3521.24
3521.24
3521.24
3521.24
3521.24
3521.24
3521.24
3521.24
3521.24
3521.24
3521.24
3521.24
3521.24
3521.24
3521.24
3521.23
3521.23
3521.23
3521.23
3521.23
3521.23
3521.23
3521.23
3521.23
3521.23
3521.23
3521.23
3521.23
3521.23
3521.23
3521.23
3521.23
3521.23
3521.23
3521.23
3521.23
3521.23
3521.23
3521.23
3521.24
3521.24
4713.99
4699.19
4700.38
4714.72
4676.7
4674.45
4577.31
4434.62
4361.77
4328.36
4311.6
4295.69
4266.78
4210.8
4127.97
4032.72
3942.19
3869.46
3820.95
3797.46
3796.56
3814.87
3847.95
3891.03
3940.14
3992.69
4046.18
4096.39
4142.96
4201.09
4294.9
4407.06
4442.03
4310.67
4045.34
3780.11
3615.24
3546.58
3526.38
3521.98
3521.23
3521.13
3521.12
3521.11
3521.12
3521.12
3521.12
3521.12
3521.12
3521.12
3521.12
3521.12
3521.12
3521.12
3521.12
3521.12
3521.12
3521.12
3521.12
3521.12
3521.12
3521.12
3521.12
3521.12
3521.12
3521.12
3521.12
3521.12
3521.12
3521.12
3521.12
3521.12
3521.12
3521.12
3521.12
3521.12
3521.12
3521.12
3521.11
3521.11
3521.11
3521.11
3521.11
3521.11
3521.11
3521.11
3521.11
3521.11
3521.11
3521.11
3521.11
3521.11
3521.11
3521.11
3521.11
3521.11
3521.11
3521.11
3521.11
3521.11
3521.11
3521.11
3521.12
3521.12
3521.12
3521.12
3521.12
3521.12
3521.12
3521.12
3521.12
3521.12
3521.12
3521.12
3521.12
3521.12
3521.12
3521.12
3521.12
3521.12
3521.12
3521.12
3521.12
3521.12
3521.12
3521.12
3521.12
3521.12
3521.12
3521.12
3521.12
3521.12
3521.12
3521.12
3521.12
3521.12
3521.12
3521.12
3521.12
3521.12
3521.12
3521.12
3521.12
3521.12
3521.12
3521.12
3521.12
3521.12
3521.12
3521.12
3521.12
3521.12
3521.12
3521.12
3521.12
3521.12
3521.12
3521.12
3521.12
3521.12
3521.12
3521.12
3521.12
3521.12
3521.12
3521.12
3521.12
3521.12
3521.12
3521.12
3521.12
3521.12
3521.11
3521.11
3521.11
3521.11
3521.11
3521.11
3521.11
3521.11
3521.11
3521.11
3521.11
3521.11
3521.11
3521.11
3521.11
3521.11
3521.11
3521.11
3521.11
3521.11
3521.11
3521.11
3521.11
3521.11
3521.11
3521.11
3521.12
3521.12
4705.86
4706.16
4700.71
4709.93
4700.27
4703.24
4697.7
4676.51
4659.73
4649.53
4641.89
4633.87
4623.42
4609.12
4591.64
4572.86
4553.38
4532.29
4507.11
4478.01
4449.87
4429.34
4420.41
4423.78
4439.86
4470.29
4513.05
4554.18
4571.89
4559.38
4545.74
4585.34
4689.7
4733.16
4525.83
4123.52
3779.39
3601.66
3539.62
3524.27
3521.45
3521.05
3521
3521
3521
3521
3521
3521
3521
3521
3521
3521
3521
3521
3521
3521
3521
3521
3521
3521
3521
3521
3520.99
3520.99
3520.99
3520.99
3520.99
3520.99
3520.99
3520.99
3520.99
3520.99
3520.99
3520.99
3520.99
3520.99
3520.99
3520.99
3520.99
3520.99
3520.99
3520.99
3520.99
3520.99
3520.99
3520.99
3520.99
3520.99
3520.99
3520.99
3520.99
3520.99
3520.99
3520.99
3520.99
3520.99
3520.99
3520.99
3520.99
3520.99
3520.99
3520.99
3520.99
3520.99
3520.99
3520.99
3520.99
3520.99
3520.99
3520.99
3520.99
3520.99
3520.99
3520.99
3520.99
3520.99
3520.99
3520.99
3520.99
3520.99
3520.99
3520.99
3520.99
3520.99
3520.99
3520.99
3520.99
3520.99
3520.99
3520.99
3521
3521
3521
3521
3521
3521
3521
3521
3521
3521
3521
3521
3521
3521
3521
3521
3521
3521
3521
3521
3521
3521
3521
3521
3521
3521
3521
3521
3521
3521
3521
3521
3521
3521
3521
3521
3521
3521
3521
3521
3521
3521
3521
3521
3521
3520.99
3520.99
3520.99
3520.99
3520.99
3520.99
3520.99
3520.99
3520.99
3520.99
3520.99
3520.99
3520.99
3520.99
3520.99
3520.99
3520.99
3520.99
3520.99
3520.99
3520.99
3520.99
3521
3521
3521
4704.84
4705.24
4704.53
4705.5
4704.57
4704.26
4704.72
4703.88
4702.82
4702.1
4701.29
4700.15
4698.66
4696.72
4694.37
4691.86
4689.34
4686.59
4683.02
4679.01
4675.85
4674.19
4673.9
4675.4
4679.46
4684.86
4687.93
4686.74
4685.52
4693.54
4718.72
4761.18
4797.38
4763.1
4584.63
4265.15
3919.71
3676.4
3563.55
3529.14
3522.06
3521.02
3520.9
3520.89
3520.89
3520.89
3520.89
3520.89
3520.89
3520.89
3520.89
3520.89
3520.89
3520.89
3520.89
3520.89
3520.89
3520.89
3520.89
3520.89
3520.89
3520.89
3520.89
3520.89
3520.89
3520.89
3520.89
3520.89
3520.89
3520.89
3520.89
3520.89
3520.89
3520.89
3520.89
3520.89
3520.89
3520.89
3520.89
3520.89
3520.89
3520.89
3520.89
3520.89
3520.89
3520.89
3520.89
3520.89
3520.89
3520.89
3520.89
3520.89
3520.89
3520.89
3520.89
3520.89
3520.89
3520.89
3520.89
3520.89
3520.89
3520.89
3520.89
3520.89
3520.89
3520.89
3520.89
3520.89
3520.89
3520.89
3520.89
3520.89
3520.89
3520.89
3520.89
3520.89
3520.89
3520.89
3520.89
3520.89
3520.89
3520.89
3520.89
3520.89
3520.89
3520.89
3520.89
3520.89
3520.89
3520.89
3520.89
3520.89
3520.89
3520.89
3520.89
3520.89
3520.89
3520.89
3520.89
3520.89
3520.89
3520.89
3520.89
3520.89
3520.89
3520.89
3520.89
3520.89
3520.89
3520.89
3520.89
3520.89
3520.89
3520.89
3520.89
3520.89
3520.89
3520.89
3520.89
3520.89
3520.89
3520.89
3520.89
3520.89
3520.89
3520.89
3520.89
3520.89
3520.89
3520.89
3520.89
3520.89
3520.89
3520.89
3520.89
3520.89
3520.89
3520.89
3520.89
3520.89
3520.89
3520.89
3520.89
3520.89
3520.89
3520.89
3520.89
3520.89
3520.89
3520.89
3520.89
3520.89
3520.89
3520.89
3520.89
3520.89
3520.89
3520.89
3520.89
3520.89
)
;

boundaryField
{
    inletTop
    {
        type            calculated;
        value           uniform 4704.92;
    }
    inletBottom
    {
        type            calculated;
        value           uniform 3525.69;
    }
    outletTop
    {
        type            calculated;
        value           nonuniform List<scalar> 4(3521.24 3521.12 3521 3520.89);
    }
    walls
    {
        type            calculated;
        value           nonuniform List<scalar> 
464
(
3029.73
3353.68
3541.5
3532.25
3521.04
3521.95
3522.15
3522.21
3522.35
3522.47
3522.6
3522.72
3522.84
3522.97
3523.09
3523.22
3523.34
3523.46
3523.59
3523.71
3523.83
3523.96
3524.08
3524.2
3524.32
3524.43
3524.56
3524.63
3524.83
3524.85
3525.04
3525.13
3520.89
3520.89
3520.89
3520.89
3520.89
3520.89
3520.89
3520.89
3520.89
3520.89
3520.89
3520.89
3520.89
3520.89
3520.89
3520.89
3520.89
3520.89
3520.89
3520.89
3520.89
3520.89
3520.89
3520.89
3520.89
3520.89
3520.89
3520.89
3520.89
3520.89
3520.89
3520.89
3520.89
3520.89
3520.89
3520.89
3520.89
3520.89
3520.89
3520.89
3520.89
3520.89
3520.89
3520.89
3520.89
3520.89
3520.89
3520.89
3520.89
3520.89
3520.89
3520.89
3520.89
3520.89
3520.89
3520.89
3520.89
3520.89
3520.89
3520.89
3520.89
3520.89
3520.89
3520.89
3520.89
3520.89
3520.89
3520.89
3520.89
3520.89
3520.89
3520.89
3520.89
3520.89
3520.89
3520.89
3520.89
3520.89
3520.89
3520.89
3520.89
3520.89
3520.89
3520.89
3520.89
3520.89
3520.89
3520.89
3520.89
3520.89
3520.89
3520.89
3520.89
3520.89
3520.89
3520.89
3520.89
3520.89
3520.89
3520.89
3520.89
3520.89
3520.89
3520.89
3520.89
3520.89
3520.89
3520.89
3520.89
3520.89
3520.89
3520.89
3520.89
3520.89
3520.89
3520.89
3520.89
3520.89
3520.89
3520.89
3520.89
3520.89
3520.89
3520.89
3520.89
3520.89
3520.89
3520.89
3520.89
3520.89
3520.89
3520.89
3520.89
3520.89
3520.89
3520.89
3520.89
3520.89
3520.89
3520.89
3520.89
3520.89
3520.89
3520.89
3520.89
3520.89
3520.89
3520.89
3520.89
3520.89
3520.89
3520.89
3520.89
3520.89
3520.89
3520.89
3520.89
3520.9
3521.02
3522.06
3529.14
3563.55
3676.4
3919.71
4265.15
4584.63
4763.1
4797.38
4761.18
4718.72
4693.54
4685.52
4686.74
4687.93
4684.86
4679.46
4675.4
4673.9
4674.19
4675.85
4679.01
4683.02
4686.59
4689.34
4691.86
4694.37
4696.72
4698.66
4700.15
4701.29
4702.1
4702.82
4703.88
4704.72
4704.26
4704.57
4705.5
4704.53
4705.24
4704.84
3525.69
3525.69
3525.67
3525.69
3525.69
3525.67
3525.69
3525.68
3525.64
3525.67
3525.67
3525.6
3525.53
3525.53
3525.57
3525.6
3525.61
3525.62
3525.62
3525.62
3525.62
3525.62
3525.62
3525.62
3525.62
3525.62
3525.62
3525.62
3525.62
3525.62
3525.62
3525.62
3525.62
3525.62
3525.62
3525.62
3525.62
3525.62
3525.62
3525.62
3525.62
3525.62
3525.62
3525.62
3525.62
3525.62
3525.62
3525.62
3525.62
3525.62
3525.62
3525.62
3525.62
3525.62
3525.62
3525.62
3525.62
3525.62
3525.62
3525.62
3525.62
3525.62
3525.62
3525.62
3525.62
3525.62
3525.62
3525.62
3525.62
3525.61
3525.61
3525.61
3525.61
3525.61
3525.61
3525.61
3525.61
3525.61
3525.61
3525.61
3525.61
3525.61
3525.61
3525.61
3525.61
3525.61
3525.61
3525.61
3525.61
3525.61
3525.61
3525.61
3525.61
3525.61
3525.61
3525.61
3525.61
3525.61
3525.61
3525.61
3525.61
3525.61
3525.61
3525.61
3525.61
3525.61
3525.61
3525.61
3525.61
3525.61
3525.61
3525.61
3525.61
3525.61
3525.61
3525.61
3525.61
3525.61
3525.62
3525.62
3525.62
3525.62
3525.62
3525.62
3525.62
3525.62
3525.62
3525.62
3525.62
3525.62
3525.62
3525.62
3525.62
3525.62
3525.62
3525.62
3525.62
3525.62
3525.62
3525.62
3525.62
3525.62
3525.62
3525.62
3525.62
3525.62
3525.62
3525.62
3525.62
3525.62
3525.62
3525.62
3525.62
3525.62
3525.62
3525.62
3525.62
3525.62
3525.62
3525.62
3525.62
3525.62
3525.62
3525.62
3525.62
3525.62
3525.62
3525.62
3525.62
3525.62
3525.62
3525.62
3525.62
3525.62
3525.62
3525.62
3525.62
3525.62
3525.62
3525.62
3525.61
3525.61
3525.62
3525.61
3525.62
3525.6
3525.64
3525.58
3525.65
3525.57
3525.65
3525.57
3525.65
3525.57
3525.64
3525.57
3525.63
3525.57
3525.6
3525.56
3524.9
3524.79
3524.69
3524.58
3524.47
3524.36
3524.25
3524.14
3524.03
3523.91
3523.8
3523.69
3523.57
3523.46
3523.34
3523.23
3523.11
3522.99
3522.88
3522.76
3522.65
3522.53
3522.41
3522.29
3522.18
3522.06
3521.94
3521.83
3521.71
3521.59
3521.48
3521.36
)
;
    }
    front
    {
        type            empty;
    }
    back
    {
        type            empty;
    }
    outletBottom
    {
        type            calculated;
        value           nonuniform List<scalar> 4(3525.56 3525.35 3525.15 3525.01);
    }
}


// ************************************************************************* //
