/*--------------------------------*- C++ -*----------------------------------*\
  =========                 |
  \\      /  F ield         | OpenFOAM: The Open Source CFD Toolbox
   \\    /   O peration     | Website:  https://openfoam.org
    \\  /    A nd           | Version:  dev
     \\/     M anipulation  |
\*---------------------------------------------------------------------------*/
FoamFile
{
    version     2.0;
    format      ascii;
    class       volScalarField;
    location    "50";
    object      alphat;
}
// * * * * * * * * * * * * * * * * * * * * * * * * * * * * * * * * * * * * * //

dimensions      [1 -1 -1 0 0 0 0];

internalField   nonuniform List<scalar> 
4000
(
0.00250244
0.00276975
0.00297301
0.0031109
0.00320694
0.00327504
0.00332479
0.00336313
0.00339222
0.00341094
0.00341286
0.00339405
0.00336369
0.00332215
0.00326812
0.00319492
0.00309327
0.00294943
0.00273976
0.00246428
0.00253987
0.00289925
0.00317349
0.00337522
0.00352576
0.00363841
0.0037243
0.00379061
0.00384071
0.00387504
0.00387315
0.00383421
0.00378043
0.0037106
0.00362088
0.00350425
0.00334977
0.00314413
0.00286557
0.00250022
0.00254442
0.00293994
0.00324244
0.00347103
0.00364291
0.00377012
0.0038638
0.00393181
0.00397805
0.00400554
0.004
0.00396542
0.00391423
0.00384262
0.00374596
0.00361624
0.00344224
0.00321151
0.00290553
0.00250387
0.00252504
0.00291977
0.00322586
0.00346113
0.00363832
0.00376741
0.00385789
0.00391747
0.00395187
0.003968
0.00396013
0.00393566
0.00389563
0.00383271
0.00374027
0.00361026
0.00343268
0.00319647
0.00288672
0.00248459
0.00248589
0.00287999
0.00317942
0.00339936
0.00355695
0.00366542
0.00374194
0.0037846
0.00379997
0.00379876
0.00378615
0.00377979
0.00375865
0.00371371
0.00363875
0.00353002
0.00337211
0.00315122
0.00284896
0.00244722
0.00244621
0.00281472
0.00311083
0.00331864
0.00346028
0.00354969
0.00359676
0.0036043
0.00357834
0.00352919
0.00350874
0.00355116
0.0035745
0.00356709
0.00352234
0.00343436
0.00329349
0.00308655
0.00278701
0.00240951
0.00239989
0.00273447
0.00300897
0.00320272
0.00333268
0.00340209
0.00341719
0.00337823
0.00329087
0.00317657
0.00313742
0.00324142
0.00333483
0.00338066
0.00337223
0.00330855
0.00318017
0.00298813
0.00271057
0.00236563
0.00233618
0.00263055
0.00287523
0.00304925
0.00316227
0.00321546
0.00320385
0.00310691
0.00292809
0.00270015
0.00258166
0.00284469
0.00304007
0.00315552
0.00318344
0.00313884
0.00302993
0.00285782
0.00261027
0.00230526
0.00223737
0.00248363
0.00268956
0.00283844
0.00293505
0.00297878
0.00296033
0.00285272
0.00261238
0.00222432
0.00215559
0.0024528
0.00276845
0.00290858
0.00294658
0.0029128
0.00282169
0.00267511
0.00246694
0.00221152
0.00208804
0.00226281
0.00241044
0.00252571
0.00260902
0.00265787
0.00266484
0.00261388
0.00248331
0.00229032
0.00217998
0.00239386
0.00255142
0.00262427
0.00263116
0.00259006
0.00251155
0.00239871
0.00225069
0.00207155
0.00276975
0.00307534
0.00330295
0.00345988
0.00357177
0.00365468
0.00372003
0.00377884
0.00382955
0.00386839
0.00387625
0.00383869
0.0037867
0.00372335
0.00365261
0.00356317
0.00344385
0.00327866
0.00304204
0.00272719
0.00289925
0.00633958
0.00815968
0.0096902
0.0110206
0.0121574
0.0131347
0.0139463
0.0145961
0.015103
0.0151506
0.0146459
0.0139765
0.0131465
0.0121409
0.0109789
0.00963114
0.00809312
0.00627718
0.00284889
0.00293994
0.00827305
0.011063
0.0133282
0.0152168
0.0167112
0.0178336
0.0186162
0.0190944
0.0193522
0.0193486
0.0190788
0.0185886
0.0178019
0.0166674
0.0151615
0.0132663
0.0110007
0.00821574
0.0028855
0.00291977
0.0091797
0.0124158
0.0148998
0.0168647
0.0182968
0.0192097
0.0196701
0.0197803
0.0197118
0.0196566
0.0196902
0.0195721
0.0191287
0.01823
0.0168135
0.0148615
0.0123844
0.00914512
0.00286438
0.00287999
0.00906144
0.012412
0.0148572
0.0167255
0.0180452
0.0186957
0.0187973
0.0185575
0.0181528
0.0180055
0.0183927
0.0186341
0.0185848
0.0179504
0.016683
0.014855
0.0124228
0.00905371
0.00282928
0.00281472
0.00848597
0.0116096
0.0136677
0.0151216
0.0160495
0.0163656
0.016154
0.0155839
0.0147508
0.0145634
0.0153106
0.0158973
0.0161768
0.0159391
0.0150943
0.0136933
0.0116521
0.0085061
0.00276837
0.00273447
0.00767453
0.010398
0.0119888
0.0129605
0.0134521
0.0134261
0.0128346
0.0118134
0.0106213
0.0103584
0.0112336
0.0124646
0.0131958
0.0133394
0.0129375
0.0120201
0.0104513
0.00771333
0.0026924
0.00263055
0.00675076
0.00897893
0.0101313
0.0106979
0.0108529
0.010596
0.00984358
0.00850061
0.00716444
0.0068486
0.00792524
0.00943204
0.0103563
0.0107351
0.0106652
0.01015
0.00902443
0.00679286
0.00259294
0.00248363
0.00562123
0.00722439
0.00795906
0.00822652
0.00819242
0.00788098
0.00721984
0.00606563
0.00477077
0.0044137
0.00550874
0.00685745
0.00767417
0.00808513
0.00818216
0.00795425
0.00724474
0.0056471
0.00245107
0.00226281
0.00258781
0.00278507
0.00290571
0.00297396
0.00299684
0.00296871
0.00286896
0.00267847
0.00246606
0.00235473
0.00258299
0.00278455
0.0029163
0.00296283
0.00294993
0.00288715
0.00276865
0.00256993
0.00223768
0.00297301
0.00330295
0.00353538
0.00369387
0.00380792
0.00389614
0.00396878
0.0040488
0.00412411
0.00418429
0.00419865
0.00414275
0.00406658
0.00397979
0.00390109
0.00380545
0.00368305
0.00351538
0.00327334
0.00293436
0.00317349
0.00815968
0.0110382
0.0134637
0.015488
0.0170782
0.0183258
0.0191032
0.0195067
0.0197276
0.0197507
0.0195627
0.0191711
0.0184071
0.0171105
0.0154687
0.0134041
0.0109586
0.00808324
0.00312367
0.00324244
0.011063
0.0155779
0.0191812
0.0220252
0.0240458
0.0252756
0.0257838
0.0256807
0.025395
0.0253265
0.0255809
0.0257091
0.0252542
0.0240184
0.0219794
0.0191144
0.0154998
0.010986
0.00318627
0.00322586
0.0124158
0.0177255
0.0216938
0.0246422
0.0265161
0.0273277
0.0271997
0.0263318
0.0253876
0.0251947
0.0260121
0.026914
0.0271569
0.0264183
0.0245856
0.0216549
0.0176867
0.0123629
0.00316682
0.00317942
0.012412
0.0179631
0.0218497
0.024617
0.026202
0.0265976
0.0258735
0.0242957
0.0227152
0.0223856
0.0237526
0.0253855
0.0262789
0.0260308
0.0245514
0.0218514
0.0179743
0.0123798
0.00312658
0.00311083
0.0116096
0.0169984
0.0204554
0.0226696
0.023771
0.0237442
0.0225831
0.0205602
0.0184679
0.0180059
0.0198215
0.0219486
0.0233432
0.0235719
0.0226201
0.0204923
0.0170543
0.0116209
0.00306076
0.00300897
0.010398
0.0152441
0.018116
0.0197165
0.0203157
0.0199534
0.0186162
0.0164112
0.0138987
0.0132972
0.0154905
0.0179547
0.0195487
0.0201237
0.0196796
0.0181707
0.0153288
0.0104473
0.00296242
0.00287523
0.00897893
0.0129909
0.0152096
0.016256
0.0164592
0.0159144
0.0145897
0.0124627
0.00986707
0.00915009
0.011505
0.0139846
0.0155381
0.0162818
0.016219
0.0152593
0.0130795
0.00904488
0.00283268
0.00268956
0.00722439
0.0100193
0.0114338
0.0119758
0.0119333
0.0114062
0.010357
0.00854322
0.00638823
0.0057498
0.0076976
0.00988189
0.0111094
0.0117839
0.0119261
0.0114493
0.0100725
0.00727266
0.00265178
0.00241044
0.00278507
0.00300519
0.00313073
0.00319218
0.00320084
0.00315278
0.00302714
0.002838
0.00261443
0.00249697
0.00273337
0.00293154
0.00309455
0.00316315
0.00316551
0.00310963
0.00298561
0.0027627
0.00237928
0.0031109
0.00345988
0.00369387
0.00385174
0.00396942
0.00407226
0.00415615
0.00422489
0.00428424
0.00433204
0.00434694
0.00430576
0.00424642
0.00417387
0.00408353
0.00397263
0.00384638
0.00367914
0.0034353
0.003077
0.00337522
0.0096902
0.0134637
0.0165084
0.0187246
0.0199328
0.0205569
0.0208689
0.0209709
0.0209652
0.0209906
0.0210559
0.0209854
0.0206718
0.0200143
0.0187469
0.0164665
0.0133856
0.00961064
0.00332942
0.00347103
0.0133282
0.0191812
0.0235157
0.0265
0.0281252
0.0285391
0.0282452
0.0275039
0.026727
0.0266292
0.0273829
0.0281851
0.0285315
0.0281148
0.0264849
0.0234633
0.0191007
0.0132431
0.0034184
0.00346113
0.0148998
0.0216938
0.0263828
0.029462
0.0309869
0.0310146
0.0299445
0.0282127
0.0265373
0.026247
0.0277607
0.0295792
0.0307901
0.0308895
0.0294206
0.0263514
0.0216488
0.0148344
0.00340491
0.00339936
0.0148572
0.0218497
0.0264563
0.0293977
0.0307703
0.0305406
0.0288716
0.0262899
0.0237465
0.0232455
0.0255024
0.0282049
0.0300987
0.0305605
0.0293314
0.0264545
0.0218448
0.0148022
0.00334864
0.00331864
0.0136677
0.0204554
0.024725
0.0272727
0.0283307
0.027947
0.0260383
0.0229709
0.0197327
0.0190189
0.0219121
0.0251955
0.0274219
0.0280902
0.027218
0.0247632
0.0205019
0.0136561
0.00327101
0.00320272
0.0119888
0.018116
0.0218705
0.0239334
0.0246318
0.0240666
0.0222636
0.0191644
0.0154891
0.0145703
0.0179228
0.0213892
0.0236211
0.024415
0.0239006
0.0219409
0.0182083
0.0120252
0.00315678
0.00304925
0.0101313
0.0152096
0.01825
0.0197734
0.0201372
0.0195011
0.0178926
0.0150102
0.0114117
0.010401
0.0137433
0.017058
0.0190518
0.0199416
0.0197497
0.0183278
0.0153206
0.0101949
0.00300547
0.00283844
0.00795906
0.0114338
0.0133601
0.0141911
0.0142439
0.0136638
0.0124532
0.0100833
0.0073745
0.00656902
0.00904417
0.0117349
0.0133203
0.0140824
0.0141498
0.0133957
0.0115062
0.00801001
0.00279806
0.00252571
0.00290571
0.00313073
0.00325752
0.00331577
0.00331743
0.00325908
0.00312603
0.00295467
0.00273032
0.00261046
0.00285307
0.0030456
0.00319765
0.00327774
0.00328761
0.00323469
0.00310862
0.00287965
0.00249079
0.00320694
0.00357177
0.00380792
0.00396942
0.00410104
0.00418803
0.0042474
0.00429489
0.0043362
0.00437017
0.00438675
0.00436116
0.00431953
0.004268
0.0042023
0.00410707
0.00396767
0.00379743
0.0035515
0.00317698
0.00352576
0.0110206
0.015488
0.0187246
0.0203652
0.0211144
0.0213741
0.0213314
0.0211062
0.0208551
0.0209042
0.0212493
0.0215232
0.0215647
0.0212683
0.0204599
0.0187225
0.0154216
0.0109432
0.00348387
0.00364291
0.0152168
0.0220252
0.0265
0.0289082
0.0297263
0.0294996
0.0285599
0.0272239
0.0259877
0.0259037
0.0271559
0.0285965
0.0296039
0.0298383
0.0289776
0.026503
0.0219661
0.0151359
0.00359433
0.00363832
0.0168647
0.0246422
0.029462
0.0321075
0.0328358
0.0321313
0.0303514
0.0279242
0.0256399
0.025287
0.0274256
0.0300154
0.031976
0.0328038
0.0321313
0.029478
0.0246176
0.0168028
0.00358602
0.00355695
0.0167255
0.024617
0.0293977
0.0320946
0.0329376
0.0320257
0.0296958
0.0263894
0.023089
0.0224555
0.0254607
0.0289955
0.0316062
0.0327499
0.0320635
0.0294197
0.0246158
0.0166617
0.00350904
0.00346028
0.0151216
0.0226696
0.0272727
0.0298586
0.0307513
0.0299344
0.0275116
0.0237633
0.0196696
0.0187712
0.0224961
0.0265808
0.0293889
0.0305273
0.0298323
0.0273339
0.0227235
0.0151026
0.00341447
0.00333268
0.0129605
0.0197165
0.0239334
0.0262695
0.0270545
0.0264023
0.0241592
0.0204188
0.0159932
0.0148795
0.0189746
0.02316
0.0258624
0.0268568
0.0262686
0.0240359
0.0198262
0.0129936
0.00328757
0.00316227
0.0106979
0.016256
0.0197734
0.0216619
0.0222371
0.0216792
0.0197042
0.0162787
0.0121239
0.0109707
0.0148462
0.0187411
0.0211809
0.0220535
0.0216718
0.0198884
0.0163903
0.0107609
0.00311819
0.00293505
0.00822652
0.0119758
0.0141911
0.0152438
0.0154287
0.0149169
0.0134191
0.0108012
0.00787047
0.00700106
0.00970991
0.0126478
0.0146306
0.0152846
0.0152243
0.0142508
0.0120645
0.00827704
0.00289337
0.00260902
0.00297396
0.00319218
0.00331577
0.00337119
0.00336887
0.00330515
0.00319379
0.00303591
0.00281353
0.00269265
0.00293645
0.00311775
0.00324196
0.0033283
0.00334221
0.00329176
0.00316809
0.00294508
0.00257174
0.00327504
0.00365468
0.00389614
0.00407226
0.00418803
0.00424921
0.00428489
0.00431103
0.00433313
0.00435266
0.00437477
0.00436562
0.00433976
0.00430745
0.00426484
0.00419576
0.0040706
0.00388807
0.00363742
0.00324801
0.00363841
0.0121574
0.0170782
0.0199328
0.0211144
0.0215145
0.0214269
0.0210221
0.0204463
0.0199365
0.0200595
0.0207088
0.0213356
0.0217253
0.0217596
0.0212864
0.0200152
0.0170331
0.0120823
0.00359922
0.00377012
0.0167112
0.0240458
0.0281252
0.0297263
0.0299069
0.0290777
0.0275486
0.025686
0.0240742
0.0240993
0.0257907
0.0277893
0.0293825
0.0301979
0.029949
0.0282416
0.0240384
0.0166435
0.00372451
0.00376741
0.0182968
0.0265161
0.0309869
0.0328358
0.0328931
0.0315904
0.0292568
0.0263393
0.0236839
0.0233451
0.0259134
0.0290645
0.0316092
0.0330292
0.0330007
0.0311114
0.026554
0.0182557
0.00371826
0.00366542
0.0180452
0.026202
0.0307703
0.0329376
0.0331493
0.0317333
0.0289513
0.0252014
0.0215075
0.0208306
0.0242737
0.0283349
0.0314476
0.0330978
0.0330108
0.0308804
0.0262608
0.0180021
0.00361926
0.00354969
0.0160495
0.023771
0.0283307
0.0307513
0.031307
0.0301408
0.0273595
0.0232148
0.0187573
0.0177843
0.0219107
0.0264582
0.0296624
0.0311518
0.0308115
0.0284683
0.023882
0.0160529
0.00350507
0.00340209
0.0134521
0.0203157
0.0246318
0.0270545
0.0278749
0.0270003
0.0244503
0.0203624
0.0156756
0.0145092
0.0188817
0.0234385
0.0264698
0.0277064
0.0271226
0.0248055
0.0204797
0.0135071
0.00335823
0.00321546
0.0108529
0.0164592
0.0201372
0.0222371
0.0230287
0.0223267
0.0200923
0.0164193
0.0121421
0.0109734
0.014979
0.0191049
0.0218197
0.022874
0.022305
0.0203124
0.0166379
0.010933
0.00317217
0.00297878
0.00819242
0.0119333
0.0142439
0.0154287
0.0157293
0.015183
0.0134806
0.0108469
0.00794984
0.00709304
0.00980201
0.0127187
0.0148043
0.0156478
0.0154486
0.0143388
0.0120467
0.00825057
0.00293712
0.00265787
0.00299684
0.00320084
0.00331743
0.00336887
0.00336336
0.00331172
0.00322393
0.00307954
0.0028617
0.00274117
0.00298326
0.00315429
0.00325945
0.00332294
0.00333984
0.00329301
0.00317572
0.00296634
0.0026194
0.00332479
0.00372003
0.00396878
0.00415615
0.0042474
0.00428489
0.00429771
0.00430024
0.00429546
0.00429529
0.00433259
0.00434975
0.00433816
0.0043227
0.00430072
0.00425523
0.00415515
0.00396173
0.0037044
0.00329971
0.0037243
0.0131347
0.0183258
0.0205569
0.0213741
0.0214269
0.020972
0.0201755
0.0192089
0.0184036
0.0186926
0.0196961
0.0206812
0.0214198
0.0217854
0.0216313
0.0207014
0.0183042
0.0130587
0.00368621
0.0038638
0.0178336
0.0252756
0.0285391
0.0294996
0.0290777
0.0276642
0.0255875
0.0233065
0.0214862
0.0217461
0.0237212
0.0261498
0.0282557
0.0296065
0.0299126
0.0287993
0.0253466
0.0177846
0.00381954
0.00385789
0.0192097
0.0273277
0.0310146
0.0321313
0.0315904
0.0297791
0.0270346
0.0238768
0.0211789
0.020975
0.0236674
0.0271035
0.030061
0.0319672
0.032505
0.0313036
0.0274684
0.0192038
0.00381048
0.00374194
0.0186957
0.0265976
0.0305406
0.0320257
0.0317333
0.0299409
0.0268776
0.0229777
0.0192896
0.018705
0.0222312
0.0264821
0.029881
0.0318965
0.032296
0.0308102
0.0267742
0.0187374
0.00369278
0.00359676
0.0163656
0.0237442
0.027947
0.0299344
0.0301408
0.0287012
0.0257149
0.0214766
0.0170896
0.0161983
0.0203294
0.0249884
0.0283914
0.0301436
0.0301353
0.0282233
0.0239744
0.0164325
0.00355134
0.00341719
0.0134261
0.0199534
0.0240666
0.0264023
0.0270003
0.0259233
0.0232192
0.0191102
0.0145938
0.0135124
0.017783
0.022339
0.0255056
0.0269415
0.0265844
0.0243696
0.0202245
0.0135392
0.00337384
0.00320385
0.010596
0.0159144
0.0195011
0.0216792
0.0223267
0.021467
0.0191418
0.0155475
0.0115164
0.0104421
0.0142591
0.0182618
0.0210332
0.0222455
0.0218335
0.0197705
0.0161734
0.0107217
0.00316277
0.00296033
0.00788098
0.0114062
0.0136638
0.0149169
0.015183
0.0144256
0.012745
0.0103117
0.00765266
0.00687163
0.00939969
0.0120834
0.0140772
0.0150964
0.0150039
0.0138125
0.011562
0.00796288
0.00292102
0.00266484
0.00296871
0.00315278
0.00325908
0.00330515
0.00331172
0.00328486
0.00321481
0.00308228
0.00287119
0.00275245
0.00299016
0.00315109
0.00323985
0.00327809
0.00327749
0.00323579
0.00312845
0.00293867
0.00262698
0.00336313
0.00377884
0.0040488
0.00422489
0.00429489
0.00431103
0.00430024
0.00426781
0.00418146
0.0039901
0.00416774
0.00431601
0.00432988
0.00433054
0.00432659
0.00430161
0.00422319
0.00403733
0.00376266
0.00333897
0.00379061
0.0139463
0.0191032
0.0208689
0.0213314
0.0210221
0.0201755
0.0189469
0.0175201
0.016221
0.0168579
0.0183868
0.0197295
0.020818
0.0215156
0.0216821
0.0210776
0.0191642
0.0138746
0.00375217
0.00393181
0.0186162
0.0257838
0.0282452
0.0285599
0.0275486
0.0255875
0.0230766
0.0207094
0.0191697
0.0196022
0.0213893
0.0239997
0.0265122
0.0283458
0.029182
0.0286612
0.025965
0.0185898
0.00388728
0.00391747
0.0196701
0.0271997
0.0299445
0.0303514
0.0292568
0.0270346
0.0240705
0.0210122
0.0187022
0.0187087
0.0210962
0.0244627
0.0276224
0.0299064
0.0309641
0.0304303
0.0274708
0.0196995
0.00387016
0.0037846
0.0187973
0.0258735
0.0288716
0.0296958
0.0289513
0.0268776
0.0237152
0.0199587
0.0166427
0.0162978
0.0195771
0.0236675
0.0271196
0.0293816
0.0302145
0.0293647
0.0262125
0.0188719
0.00373579
0.0036043
0.016154
0.0225831
0.0260383
0.0275116
0.0273595
0.0257149
0.022701
0.0186467
0.0146536
0.0140595
0.0178947
0.0223194
0.0256829
0.0276008
0.027934
0.026527
0.0229883
0.0162851
0.00355925
0.00337823
0.0128346
0.0186162
0.0222636
0.0241592
0.0244503
0.0232192
0.020566
0.0167602
0.0127568
0.011924
0.0158047
0.0199866
0.0230298
0.0245803
0.0245153
0.0227326
0.0190458
0.013043
0.00333674
0.00310691
0.00984358
0.0145897
0.0178926
0.0197042
0.0200923
0.0191418
0.0169591
0.0137586
0.0102714
0.00941337
0.0127911
0.0163324
0.0188869
0.0201488
0.0199834
0.0182895
0.014975
0.0100604
0.00307108
0.00285271
0.00721984
0.010357
0.0124532
0.0134191
0.0134806
0.012745
0.0113004
0.00925135
0.00699717
0.00635863
0.00855738
0.0108229
0.0125206
0.0134735
0.0135683
0.0126818
0.0105808
0.0073528
0.00282015
0.00261388
0.00286896
0.00302714
0.00312603
0.00319379
0.00322393
0.00321481
0.00315831
0.00303658
0.00283493
0.00272104
0.00295116
0.00310104
0.00317605
0.00319624
0.00317213
0.003107
0.00300675
0.00284286
0.00257944
0.00339222
0.00382955
0.00412411
0.00428424
0.0043362
0.00433313
0.00429546
0.00418146
0.00376151
0.0036807
0.00385111
0.00417572
0.00431195
0.00433705
0.00434885
0.00434118
0.00428087
0.00411125
0.0038132
0.00336857
0.00384071
0.0145961
0.0195067
0.0209709
0.0211062
0.0204463
0.0192089
0.0175201
0.0153254
0.0116481
0.0136567
0.0169927
0.0186568
0.0200712
0.0210812
0.0215486
0.0212346
0.0195944
0.0145123
0.00380047
0.00397805
0.0190944
0.0256807
0.0275039
0.0272239
0.025686
0.0233065
0.0207094
0.0190431
0.0182377
0.0187388
0.0195285
0.021789
0.0245098
0.0267272
0.0280386
0.028061
0.0259464
0.0190821
0.00393201
0.00395187
0.0197803
0.0263318
0.0282127
0.0279242
0.0263393
0.0238768
0.0210122
0.0185799
0.017299
0.0173131
0.0187947
0.0216378
0.0247163
0.0272318
0.028762
0.0288881
0.0267285
0.0198404
0.00390366
0.00379997
0.0185575
0.0242957
0.0262899
0.0263894
0.0252014
0.0229777
0.0199587
0.0166659
0.014091
0.0140344
0.0167508
0.0203021
0.0235319
0.0259046
0.0271626
0.0270116
0.0247928
0.0186715
0.00375093
0.00357834
0.0155839
0.0205602
0.0229709
0.0237633
0.0232148
0.0214766
0.0186467
0.0150403
0.0118003
0.0116498
0.0149532
0.0187549
0.0218012
0.0237459
0.0244463
0.0237014
0.0211483
0.0157858
0.00353349
0.00329087
0.0118134
0.0164112
0.0191644
0.0204188
0.0203624
0.0191102
0.0167602
0.0135306
0.0102758
0.00991832
0.0131828
0.0166346
0.0192472
0.0207456
0.0209935
0.0198375
0.017031
0.0121332
0.00325201
0.00292809
0.00850061
0.0124627
0.0150102
0.0162787
0.0164193
0.0155475
0.0137586
0.0111958
0.00845068
0.00798827
0.0107296
0.0135136
0.0155632
0.0166735
0.0167181
0.0155559
0.0130022
0.00887176
0.00290189
0.00261238
0.00606563
0.00854322
0.0100833
0.0108012
0.0108469
0.0103117
0.00925135
0.00770866
0.00598023
0.00558485
0.00732843
0.0090251
0.0102676
0.0109656
0.0110464
0.0104026
0.00886324
0.00628202
0.00259769
0.00248331
0.00267847
0.002838
0.00295467
0.00303591
0.00307954
0.00308228
0.00303658
0.00292561
0.00273589
0.00263735
0.00285458
0.00298911
0.00305115
0.00305851
0.00302056
0.00294128
0.00282277
0.00265778
0.0024568
0.00341094
0.00386839
0.00418429
0.00433204
0.00437017
0.00435266
0.00429529
0.0039901
0.0036807
0.0035192
0.0037175
0.0039773
0.00428115
0.00434485
0.00436758
0.00437308
0.00432663
0.00416942
0.00385099
0.00338711
0.00387504
0.015103
0.0197276
0.0209652
0.0208551
0.0199365
0.0184036
0.016221
0.0116481
0.00656564
0.00798789
0.015843
0.0178207
0.0194415
0.0206721
0.0213605
0.0212644
0.0198269
0.0150018
0.00383237
0.00400554
0.0193522
0.025395
0.026727
0.0259877
0.0240742
0.0214862
0.0191697
0.0182377
0.0149785
0.017087
0.0185
0.0201216
0.0228309
0.0252773
0.0269349
0.027379
0.0257141
0.0193465
0.00395759
0.003968
0.0197118
0.0253876
0.0265373
0.0256399
0.0236839
0.0211789
0.0187022
0.017299
0.0173597
0.0171007
0.0173275
0.0193697
0.022144
0.0247348
0.0266405
0.0273459
0.025868
0.0197904
0.00391844
0.00379876
0.0181528
0.0227152
0.0237465
0.023089
0.0215075
0.0192896
0.0166427
0.014091
0.0124188
0.0125488
0.0144948
0.0172652
0.0200658
0.0224197
0.0240639
0.024634
0.0233217
0.0182979
0.00374903
0.00352919
0.0147508
0.0184679
0.0197327
0.0196696
0.0187573
0.0170896
0.0146536
0.0118003
0.00948777
0.00976405
0.0123047
0.0152138
0.017714
0.0195313
0.0205696
0.0206372
0.0191843
0.0150303
0.00348453
0.00317657
0.0106213
0.0138987
0.0154891
0.0159932
0.0156756
0.0145938
0.0127568
0.0102758
0.00788615
0.0081534
0.0105768
0.0130714
0.0150281
0.0162813
0.0167529
0.0163185
0.0146371
0.0110258
0.00313996
0.00270015
0.00716444
0.00986707
0.0114117
0.0121239
0.0121421
0.0115164
0.0102714
0.00845068
0.00649115
0.00661015
0.00855079
0.0104129
0.011784
0.0125613
0.0126775
0.0120435
0.0104704
0.00755854
0.00268677
0.00222432
0.00477077
0.00638823
0.0073745
0.00787047
0.00794984
0.00765266
0.00699717
0.00598023
0.00476727
0.00476899
0.00596589
0.00702575
0.00776644
0.0081551
0.00815373
0.00770433
0.00670954
0.00499431
0.00222381
0.00229032
0.00246606
0.00261443
0.00273032
0.00281353
0.0028617
0.00287119
0.00283493
0.00273589
0.00255332
0.00250539
0.00269405
0.00280311
0.00285008
0.00284839
0.00280498
0.00272339
0.00260576
0.00245255
0.0022724
0.00341286
0.00387625
0.00419865
0.00434694
0.00438675
0.00437477
0.00433259
0.00416774
0.00385111
0.0037175
0.00390106
0.00416389
0.00432195
0.00435714
0.00437855
0.0043849
0.00433983
0.00418373
0.00385862
0.00338851
0.00387315
0.0151506
0.0197507
0.0209906
0.0209042
0.0200595
0.0186926
0.0168579
0.0136567
0.00798789
0.00947808
0.0161297
0.0180235
0.0195302
0.020693
0.0213612
0.0212691
0.0198455
0.0150646
0.00383088
0.004
0.0193486
0.0253265
0.0266292
0.0259037
0.0240993
0.0217461
0.0196022
0.0187388
0.017087
0.0186185
0.0188446
0.0203731
0.0228433
0.0251423
0.0267634
0.0272317
0.0256197
0.0193425
0.00395183
0.00396013
0.0196566
0.0251947
0.026247
0.025287
0.0233451
0.020975
0.0187086
0.0173131
0.0171007
0.0167666
0.0172437
0.0191693
0.0217649
0.024273
0.0261951
0.026983
0.025624
0.0197172
0.00390913
0.00378615
0.0180055
0.0223856
0.0232455
0.0224555
0.0208306
0.018705
0.0162978
0.0140344
0.0125488
0.0125448
0.0142497
0.0167411
0.0193354
0.0216137
0.0233094
0.0240256
0.0229111
0.0181105
0.00373324
0.00350874
0.0145634
0.0180059
0.0190189
0.0187712
0.0177843
0.0161983
0.0140595
0.0116498
0.00976405
0.00986494
0.011939
0.0144316
0.0166659
0.0183945
0.0195029
0.0197694
0.0186093
0.0147899
0.00345826
0.00313742
0.0103584
0.0132972
0.0145703
0.0148795
0.0145092
0.0135124
0.011924
0.00991832
0.0081534
0.00819937
0.0100624
0.012103
0.0137748
0.0149022
0.015409
0.0151873
0.013884
0.0106983
0.00309093
0.00258166
0.0068486
0.00915009
0.010401
0.0109707
0.0109734
0.0104421
0.00941337
0.00798827
0.00661015
0.00656007
0.00798747
0.00943678
0.010531
0.0111593
0.011262
0.0107793
0.00955686
0.00715239
0.00254601
0.00215559
0.0044137
0.0057498
0.00656902
0.00700106
0.00709304
0.00687163
0.00635863
0.00558485
0.00476899
0.0046786
0.00552155
0.00630397
0.00684873
0.00711688
0.00707545
0.00668713
0.00589094
0.00453307
0.00213633
0.00217998
0.00235473
0.00249697
0.00261046
0.00269265
0.00274117
0.00275245
0.00272104
0.00263735
0.00250539
0.00244712
0.00258421
0.0026716
0.00270923
0.00270339
0.00265872
0.0025781
0.00246358
0.00231741
0.00213762
0.00339405
0.00383869
0.00414275
0.00430576
0.00436116
0.00436562
0.00434975
0.00431601
0.00417572
0.0039773
0.00416389
0.00432607
0.00435176
0.00435646
0.00436661
0.00436001
0.00430043
0.00413037
0.00382192
0.00336949
0.00383421
0.0146459
0.0195627
0.0210559
0.0212493
0.0207088
0.0196961
0.0183868
0.0169927
0.015843
0.0161297
0.0177369
0.0190802
0.0202917
0.0211906
0.0216095
0.0212804
0.0196404
0.014584
0.00379401
0.00396542
0.0190788
0.0255809
0.0273829
0.0271559
0.0257907
0.0237212
0.0213893
0.0195285
0.0185
0.0188446
0.0199778
0.0221706
0.0245838
0.0265828
0.0278038
0.0278302
0.0257841
0.0190599
0.00391815
0.00393566
0.0196902
0.0260121
0.0277607
0.0274256
0.0259134
0.0236674
0.0210962
0.0187947
0.0173275
0.0172437
0.018805
0.0214285
0.0242211
0.026558
0.0280513
0.0282608
0.0262831
0.0197063
0.00388389
0.00377979
0.0183927
0.0237526
0.0255024
0.0254607
0.0242737
0.0222312
0.0195771
0.0167508
0.0144948
0.0142497
0.0165604
0.0196342
0.0224946
0.0246861
0.0259527
0.0259723
0.0240559
0.018426
0.00372428
0.00355116
0.0153106
0.0198215
0.0219121
0.0224961
0.0219107
0.0203294
0.0178947
0.0149532
0.0123047
0.011939
0.0145895
0.0177204
0.0203273
0.0220822
0.0228164
0.022315
0.0201547
0.0153655
0.00349478
0.00324142
0.0112336
0.0154905
0.0179228
0.0189746
0.0188816
0.017783
0.0158047
0.0131828
0.0105768
0.0100624
0.0125744
0.0153728
0.0175527
0.0188492
0.019121
0.0182063
0.0158134
0.0114101
0.00318513
0.00284469
0.00792524
0.011505
0.0137433
0.0148462
0.014979
0.0142591
0.0127911
0.0107296
0.00855079
0.00798747
0.0100586
0.0122728
0.0139223
0.0148171
0.0148433
0.0138751
0.0117183
0.00809557
0.00279028
0.0024528
0.00550874
0.0076976
0.00904417
0.00970991
0.00980201
0.00939969
0.00855738
0.00732843
0.00596589
0.00552155
0.0068193
0.0081473
0.00910742
0.00961577
0.00961347
0.00902245
0.00772752
0.00554408
0.00239045
0.00239386
0.00258299
0.00273337
0.00285307
0.00293645
0.00298326
0.00299016
0.00295116
0.00285458
0.00269405
0.00258421
0.00275932
0.00287605
0.00292976
0.00293226
0.00289097
0.00280932
0.00268798
0.00253351
0.00234224
0.00336369
0.0037867
0.00406658
0.00424642
0.00431953
0.00433976
0.00433816
0.00432988
0.00431195
0.00428115
0.00432195
0.00435176
0.00434674
0.00434588
0.00434419
0.00432117
0.00424326
0.00405618
0.00377015
0.00333875
0.00378043
0.0139765
0.0191711
0.0209854
0.0215232
0.0213356
0.0206812
0.0197295
0.0186568
0.0178207
0.0180235
0.0190802
0.0201811
0.0210958
0.021686
0.0217904
0.0211521
0.0192239
0.0139259
0.00374158
0.00391423
0.0185886
0.0257091
0.0281851
0.0285965
0.0277893
0.0261498
0.0239997
0.021789
0.0201216
0.0203731
0.0221706
0.0245346
0.026733
0.02833
0.0290337
0.0284739
0.0258193
0.0185517
0.00386759
0.00389563
0.0195721
0.026914
0.0295792
0.0300154
0.0290645
0.0271035
0.0244627
0.0216378
0.0193697
0.0191693
0.0214285
0.0245259
0.0273774
0.029432
0.0303787
0.0298557
0.0270356
0.019548
0.00384347
0.00375865
0.0186341
0.0253855
0.0282049
0.0289955
0.0283349
0.0264821
0.0236675
0.0203021
0.0172652
0.0167411
0.0196342
0.0232945
0.0263921
0.0284354
0.0291917
0.0284016
0.0254869
0.0186289
0.00370168
0.0035745
0.0158973
0.0219486
0.0251955
0.0265808
0.0264582
0.0249884
0.0223194
0.0187549
0.0152138
0.0144316
0.0177204
0.0215807
0.024576
0.0263089
0.0266186
0.0253327
0.0220739
0.0158867
0.00351746
0.00333483
0.0124646
0.0179547
0.0213892
0.02316
0.0234385
0.022339
0.0199866
0.0166346
0.0130714
0.012103
0.0153728
0.0190373
0.021744
0.0231455
0.0231015
0.0214862
0.0180959
0.01251
0.00327551
0.00304007
0.00943204
0.0139846
0.017058
0.0187411
0.0191049
0.0182618
0.0163324
0.0135136
0.0104129
0.00943678
0.0122728
0.0153697
0.0176258
0.0187542
0.0186174
0.0171
0.014095
0.00948443
0.00297794
0.00276845
0.00685745
0.00988189
0.0117349
0.0126478
0.0127187
0.0120834
0.0108229
0.0090251
0.00702575
0.00630397
0.0081473
0.0101195
0.0115931
0.0124111
0.0124757
0.0116681
0.00988005
0.00685259
0.00270474
0.00255142
0.00278455
0.00293154
0.0030456
0.00311775
0.00315429
0.00315109
0.00310104
0.00298911
0.00280311
0.0026716
0.00287605
0.00301659
0.00308603
0.00310088
0.00307086
0.00299981
0.00288198
0.0027293
0.00249585
0.00332215
0.00372335
0.00397979
0.00417387
0.004268
0.00430745
0.0043227
0.00433054
0.00433705
0.00434485
0.00435714
0.00435646
0.00434588
0.00433433
0.00431589
0.00427241
0.00417241
0.00397181
0.00370669
0.00329638
0.0037106
0.0131465
0.0184071
0.0206718
0.0215647
0.0217253
0.0214198
0.020818
0.0200712
0.0194415
0.0195302
0.0202917
0.0210958
0.0216992
0.0219702
0.0217521
0.0207839
0.018419
0.0130974
0.0036719
0.00384262
0.0178019
0.0252542
0.0285315
0.0296039
0.0293825
0.0282557
0.0265122
0.0245098
0.0228309
0.0228433
0.0245838
0.026733
0.0285586
0.0296856
0.029848
0.0286775
0.0252883
0.0177479
0.00379577
0.00383271
0.0191287
0.0271569
0.0307901
0.031976
0.0316092
0.030061
0.0276224
0.0247163
0.022144
0.0217649
0.0242211
0.0273774
0.0300434
0.031714
0.0321092
0.0308837
0.0271767
0.0190717
0.0037798
0.00371371
0.0185848
0.0262789
0.0300987
0.0316062
0.0314476
0.029881
0.0271196
0.0235319
0.0200658
0.0193354
0.0224946
0.0263921
0.0294892
0.0312881
0.0315658
0.0300925
0.0262497
0.018532
0.00365539
0.00356708
0.0161768
0.0233432
0.0274219
0.0293889
0.0296624
0.0283914
0.0256829
0.0218012
0.017714
0.0166659
0.0203273
0.024576
0.0276989
0.0292906
0.0292304
0.0273746
0.0233192
0.0161034
0.00351032
0.00338066
0.0131958
0.0195487
0.0236211
0.0258624
0.0264698
0.0255056
0.0230298
0.0192472
0.0150281
0.0137748
0.0175527
0.021744
0.0246843
0.0260228
0.0256823
0.0235965
0.0195629
0.0131602
0.00332193
0.00315552
0.0103563
0.0155381
0.0190518
0.0211809
0.0218197
0.0210332
0.0188869
0.0155632
0.011784
0.010531
0.0139223
0.0176258
0.0202204
0.0213753
0.0210023
0.0190562
0.0155707
0.0103472
0.00309374
0.00290858
0.00767417
0.0111094
0.0133203
0.0146306
0.0148043
0.0140772
0.0125206
0.0102676
0.00776644
0.00684873
0.00910742
0.0115931
0.0134585
0.0144501
0.014439
0.0132614
0.0110968
0.00765032
0.00284814
0.00262427
0.0029163
0.00309455
0.00319765
0.00324196
0.00325945
0.00323985
0.00317605
0.00305115
0.00285008
0.00270923
0.00292976
0.00308603
0.0031707
0.00320272
0.00319305
0.00314958
0.00304718
0.00286602
0.00257171
0.00326812
0.00365261
0.00390109
0.00408353
0.0042023
0.00426484
0.00430072
0.00432659
0.00434885
0.00436758
0.00437855
0.00436661
0.00434419
0.00431589
0.00427623
0.00420849
0.0040828
0.00389228
0.00363434
0.00324072
0.00362088
0.0121409
0.0171105
0.0200143
0.0212683
0.0217596
0.0217854
0.0215156
0.0210812
0.0206721
0.020693
0.0211906
0.021686
0.0219702
0.0219235
0.0213899
0.0200787
0.0171041
0.0120901
0.00358095
0.00374596
0.0166674
0.0240184
0.0281148
0.0298383
0.0301979
0.0296065
0.0283458
0.0267272
0.0252773
0.0251423
0.0265828
0.02833
0.0296856
0.0303056
0.0299228
0.028139
0.0239927
0.0165977
0.00369758
0.00374027
0.01823
0.0264183
0.0308895
0.0328038
0.0330292
0.0319672
0.0299064
0.0272318
0.0247348
0.024273
0.026558
0.029432
0.031714
0.0329188
0.0327572
0.0308589
0.0263642
0.0181447
0.00368564
0.00363875
0.0179504
0.0260308
0.0305605
0.0327499
0.0330978
0.0318965
0.0293816
0.0259046
0.0224197
0.0216137
0.0246861
0.0284354
0.0312881
0.0327395
0.0325419
0.0304386
0.0259192
0.0178121
0.00358535
0.00352234
0.0159391
0.0235719
0.0280902
0.0305273
0.0311518
0.0301436
0.0276008
0.0237459
0.0195313
0.0183945
0.0220822
0.0263089
0.0292906
0.0306428
0.0302519
0.0279497
0.0234677
0.0158188
0.00346836
0.00337223
0.0133394
0.0201237
0.024415
0.0268568
0.0277064
0.0269415
0.0245803
0.0207456
0.0162813
0.0149022
0.0188492
0.0231455
0.0260228
0.0271939
0.0266338
0.024312
0.0200672
0.0132667
0.00331638
0.00318344
0.0107351
0.0162818
0.0199416
0.0220535
0.022874
0.0222455
0.0201488
0.0166735
0.0125613
0.0111593
0.0148171
0.0187542
0.0213753
0.0224013
0.0218391
0.0198698
0.016263
0.0106992
0.00312632
0.00294658
0.00808513
0.0117839
0.0140824
0.0152846
0.0156478
0.0150964
0.0134735
0.0109656
0.0081551
0.00711688
0.00961577
0.0124111
0.0144501
0.0153673
0.0151081
0.0140024
0.0117534
0.00805392
0.00289095
0.00263116
0.00296283
0.00316315
0.00327774
0.0033283
0.00332294
0.00327809
0.00319624
0.00305851
0.00284839
0.00270339
0.00293226
0.00310088
0.00320272
0.00325876
0.00327797
0.00323373
0.00312023
0.00291721
0.00258265
0.00319492
0.00356317
0.00380545
0.00397263
0.00410707
0.00419576
0.00425524
0.00430161
0.00434118
0.00437308
0.0043849
0.00436001
0.00432117
0.00427241
0.00420849
0.00411363
0.00397034
0.00379395
0.00354196
0.00316507
0.00350425
0.0109789
0.0154687
0.0187469
0.0204599
0.0212864
0.0216313
0.0216821
0.0215486
0.0213605
0.0213612
0.0216095
0.0217904
0.0217521
0.0213899
0.020532
0.0187822
0.0154472
0.0109225
0.00346176
0.00361624
0.0151615
0.0219794
0.0264849
0.0289776
0.029949
0.0299126
0.029182
0.0280386
0.0269349
0.0267634
0.0278038
0.0290337
0.029848
0.0299228
0.0289566
0.0264568
0.0219221
0.0150808
0.00356509
0.00361026
0.0168135
0.0245856
0.0294206
0.0321313
0.0330007
0.032505
0.0309641
0.028762
0.0266405
0.0261951
0.0280513
0.0303787
0.0321092
0.0327572
0.0319802
0.0293303
0.0245
0.0167176
0.00355309
0.00353002
0.016683
0.0245514
0.0293314
0.0320635
0.0330108
0.032296
0.0302145
0.0271626
0.0240639
0.0233094
0.0259527
0.0291917
0.0315658
0.0325419
0.0317972
0.0291729
0.0244203
0.0165417
0.00347616
0.00343436
0.0150943
0.0226201
0.027218
0.0298323
0.0308115
0.0301353
0.027934
0.0244463
0.0205696
0.0195029
0.0228164
0.0266186
0.0292304
0.0302519
0.0295265
0.0270523
0.0225018
0.0149735
0.00338133
0.00330855
0.0129375
0.0196796
0.0239006
0.0262686
0.0271226
0.0265844
0.0245153
0.0209935
0.0167529
0.015409
0.019121
0.0231015
0.0256823
0.0266338
0.0259939
0.0237666
0.0196051
0.0128635
0.0032552
0.00313884
0.0106652
0.016219
0.0197497
0.0216718
0.022305
0.0218335
0.0199834
0.0167181
0.0126775
0.011262
0.0148433
0.0186174
0.0210023
0.0218391
0.0214308
0.0196475
0.0161826
0.0106288
0.00308539
0.0029128
0.00818216
0.0119261
0.0141498
0.0152243
0.0154486
0.0150039
0.0135683
0.0110464
0.00815373
0.00707545
0.00961347
0.0124757
0.014439
0.0151081
0.0150296
0.0140536
0.0118873
0.00815406
0.00286156
0.00259006
0.00294993
0.00316551
0.00328761
0.00334221
0.00333984
0.00327749
0.00317213
0.00302056
0.00280498
0.00265872
0.00289097
0.00307086
0.00319305
0.00327797
0.00329461
0.00324676
0.00312644
0.0029089
0.00254593
0.00309327
0.00344385
0.00368305
0.00384638
0.00396767
0.0040706
0.00415515
0.00422319
0.00428087
0.00432663
0.00433983
0.00430043
0.00424326
0.00417241
0.0040828
0.00397034
0.00384004
0.00366727
0.00341857
0.00306015
0.00334977
0.00963114
0.0134041
0.0164665
0.0187225
0.0200152
0.0207014
0.0210776
0.0212346
0.0212644
0.0212691
0.0212804
0.0211521
0.0207839
0.0200787
0.0187822
0.0164765
0.0133656
0.00956713
0.00330378
0.00344224
0.0132663
0.0191144
0.0234633
0.026503
0.0282416
0.0287993
0.0286612
0.028061
0.027379
0.0272317
0.0278302
0.0284739
0.0286775
0.028139
0.0264568
0.0234127
0.0190441
0.0131806
0.00338759
0.00343268
0.0148615
0.0216549
0.0263514
0.029478
0.0311114
0.0313036
0.0304303
0.0288881
0.0273459
0.026983
0.0282608
0.0298557
0.0308837
0.0308589
0.0293303
0.0262563
0.0215724
0.0147703
0.00337264
0.00337211
0.014855
0.0218514
0.0264545
0.0294196
0.0308804
0.0308102
0.0293647
0.0270116
0.024634
0.0240256
0.0259723
0.0284016
0.0300925
0.0304386
0.0291729
0.0263206
0.0217539
0.0147412
0.00331703
0.00329349
0.0136933
0.0204923
0.0247632
0.0273339
0.0284683
0.0282233
0.026527
0.0237014
0.0206372
0.0197694
0.022315
0.0253327
0.0273746
0.0279497
0.0270523
0.024624
0.0204073
0.0136024
0.00324094
0.00318017
0.0120201
0.0181707
0.0219408
0.0240359
0.0248055
0.0243696
0.0227326
0.0198375
0.0163185
0.0151873
0.0182063
0.0214862
0.0235965
0.024312
0.0237666
0.021817
0.0181147
0.0119695
0.00312899
0.00302993
0.01015
0.0152593
0.0183278
0.0198884
0.0203124
0.0197705
0.0182895
0.0155559
0.0120435
0.0107793
0.0138751
0.0171
0.0190562
0.0198698
0.0196475
0.018221
0.0152263
0.010129
0.00298019
0.00282169
0.00795425
0.0114493
0.0133957
0.0142508
0.0143388
0.0138125
0.0126818
0.0104026
0.00770433
0.00668713
0.00902245
0.0116681
0.0132614
0.0140024
0.0140536
0.0132933
0.0114091
0.00793505
0.00277513
0.00251155
0.00288715
0.00310963
0.00323469
0.00329176
0.00329301
0.00323579
0.003107
0.00294128
0.00272339
0.0025781
0.00280932
0.00299981
0.00314958
0.00323373
0.00324676
0.00319684
0.00307438
0.00285098
0.00247242
0.00294943
0.00327866
0.00351538
0.00367914
0.00379743
0.00388807
0.00396173
0.00403733
0.00411125
0.00416942
0.00418373
0.00413037
0.00405618
0.00397181
0.00389228
0.00379395
0.00366727
0.00349452
0.00324882
0.00291256
0.00314413
0.00809312
0.0109586
0.0133856
0.0154216
0.0170331
0.0183042
0.0191642
0.0195944
0.0198269
0.0198455
0.0196404
0.0192239
0.018419
0.0171041
0.0154472
0.0133656
0.0109046
0.00802486
0.00309482
0.00321151
0.0110007
0.0154998
0.0191007
0.0219661
0.0240384
0.0253466
0.025965
0.0259464
0.0257141
0.0256197
0.0257841
0.0258193
0.0252883
0.0239927
0.0219221
0.0190441
0.0154277
0.0109184
0.00315415
0.00319647
0.0123844
0.0176867
0.0216488
0.0246176
0.026554
0.0274684
0.0274708
0.0267285
0.025868
0.025624
0.0262831
0.0270356
0.0271767
0.0263642
0.0245
0.0215724
0.0176217
0.0123085
0.0031349
0.00315122
0.0124228
0.0179743
0.0218448
0.0246158
0.0262608
0.0267742
0.0262125
0.0247928
0.0233217
0.0229111
0.0240559
0.0254869
0.0262497
0.0259192
0.0244203
0.0217539
0.0179185
0.012343
0.00309578
0.00308655
0.0116521
0.0170543
0.0205019
0.0227235
0.023882
0.0239744
0.0229883
0.0211483
0.0191843
0.0186093
0.0201547
0.0220739
0.0233192
0.0234677
0.0225018
0.0204073
0.0170122
0.0115994
0.00303472
0.00298813
0.0104513
0.0153288
0.0182083
0.0198262
0.0204797
0.0202245
0.0190458
0.017031
0.0146371
0.013884
0.0158134
0.0180959
0.0195629
0.0200672
0.0196051
0.0181147
0.0153001
0.0104304
0.00293943
0.00285782
0.00902443
0.0130795
0.0153206
0.0163903
0.0166379
0.0161734
0.014975
0.0130022
0.0104704
0.00955686
0.0117183
0.014095
0.0155707
0.016263
0.0161826
0.0152263
0.0130548
0.00902084
0.00281249
0.00267511
0.00724474
0.0100725
0.0115062
0.0120645
0.0120467
0.011562
0.0105808
0.00886324
0.00670954
0.00589094
0.00772752
0.00988005
0.0110968
0.0117534
0.0118873
0.0114091
0.0100328
0.00723336
0.00263423
0.00239871
0.00276865
0.00298561
0.00310862
0.00316809
0.00317572
0.00312845
0.00300675
0.00282277
0.00260576
0.00246358
0.00268798
0.00288198
0.00304718
0.00312023
0.00312644
0.00307438
0.00295477
0.00273806
0.00236577
0.00273976
0.00304204
0.00327334
0.0034353
0.0035515
0.00363742
0.0037044
0.00376266
0.0038132
0.00385099
0.00385862
0.00382192
0.00377015
0.00370669
0.00363434
0.00354196
0.00341857
0.00324882
0.00300953
0.00270061
0.00286557
0.00627718
0.00808324
0.00961064
0.0109432
0.0120823
0.0130587
0.0138746
0.0145123
0.0150018
0.0150646
0.014584
0.0139259
0.0130974
0.0120901
0.0109225
0.00956713
0.00802486
0.00621495
0.00281684
0.00290553
0.00821574
0.010986
0.0132431
0.0151359
0.0166435
0.0177846
0.0185898
0.0190821
0.0193465
0.0193425
0.0190599
0.0185517
0.0177479
0.0165977
0.0150808
0.0131806
0.0109184
0.00814701
0.00285116
0.00288672
0.00914512
0.0123629
0.0148344
0.0168028
0.0182557
0.0192038
0.0196995
0.0198404
0.0197904
0.0197172
0.0197063
0.019548
0.0190717
0.0181447
0.0167176
0.0147703
0.0123085
0.00908797
0.00283052
0.00284896
0.00905371
0.0123798
0.0148022
0.0166617
0.0180021
0.0187374
0.0188719
0.0186715
0.0182979
0.0181105
0.018426
0.0186289
0.018532
0.0178121
0.0165417
0.0147412
0.012343
0.00900767
0.00279805
0.00278701
0.0085061
0.0116209
0.0136561
0.0151026
0.0160529
0.0164325
0.0162851
0.0157858
0.0150303
0.0147899
0.0153655
0.0158867
0.0161034
0.0158188
0.0149735
0.0136024
0.0115994
0.00848069
0.00273977
0.00271057
0.00771333
0.0104473
0.0120252
0.0129936
0.0135071
0.0135392
0.013043
0.0121332
0.0110258
0.0106983
0.0114101
0.01251
0.0131602
0.0132667
0.0128635
0.0119695
0.0104304
0.007705
0.00266741
0.00261027
0.00679286
0.00904488
0.0101949
0.0107609
0.010933
0.0107217
0.0100604
0.00887176
0.00755854
0.00715239
0.00809557
0.00948443
0.0103472
0.0106992
0.0106288
0.010129
0.00902084
0.006789
0.00257184
0.00246694
0.0056471
0.00727266
0.00801001
0.00827704
0.00825057
0.00796288
0.0073528
0.00628202
0.00499431
0.00453307
0.00554408
0.00685259
0.00765032
0.00805392
0.00815406
0.00793505
0.00723336
0.00563258
0.0024341
0.00225069
0.00256993
0.0027627
0.00287965
0.00294508
0.00296634
0.00293867
0.00284286
0.00265778
0.00245255
0.00231741
0.00253351
0.0027293
0.00286602
0.00291721
0.0029089
0.00285098
0.00273806
0.0025466
0.00222632
0.00246428
0.00272719
0.00293436
0.003077
0.00317698
0.00324801
0.00329971
0.00333897
0.00336857
0.00338711
0.00338851
0.00336949
0.00333875
0.00329638
0.00324072
0.00316507
0.00306015
0.00291256
0.00270061
0.00243228
0.00250022
0.00284889
0.00312367
0.00332942
0.00348387
0.00359922
0.00368621
0.00375217
0.00380047
0.00383237
0.00383088
0.00379401
0.00374158
0.0036719
0.00358095
0.00346176
0.00330378
0.00309482
0.00281684
0.00246473
0.00250387
0.0028855
0.00318627
0.0034184
0.00359433
0.00372451
0.00381954
0.00388728
0.00393201
0.00395759
0.00395183
0.00391815
0.00386759
0.00379577
0.00369758
0.00356509
0.00338759
0.00315415
0.00285116
0.00246654
0.00248459
0.00286438
0.00316682
0.00340491
0.00358602
0.00371826
0.00381048
0.00387016
0.00390366
0.00391844
0.00390913
0.00388389
0.00384347
0.0037798
0.00368564
0.00355309
0.00337264
0.0031349
0.00283052
0.00244723
0.00244722
0.00282928
0.00312658
0.00334864
0.00350904
0.00361926
0.00369278
0.00373579
0.00375093
0.00374903
0.00373324
0.00372428
0.00370168
0.00365539
0.00358535
0.00347616
0.00331703
0.00309578
0.00279805
0.00241116
0.00240951
0.00276837
0.00306076
0.00327101
0.00341447
0.00350507
0.00355134
0.00355925
0.00353349
0.00348453
0.00345826
0.00349478
0.00351746
0.00351032
0.00346836
0.00338133
0.00324094
0.00303472
0.00273977
0.00237601
0.00236563
0.0026924
0.00296242
0.00315678
0.00328757
0.00335823
0.00337384
0.00333674
0.00325201
0.00313996
0.00309093
0.00318513
0.00327551
0.00332193
0.00331638
0.0032552
0.00312899
0.00293943
0.00266741
0.00233508
0.00230526
0.00259294
0.00283268
0.00300547
0.00311819
0.00317217
0.00316277
0.00307108
0.00290189
0.00268677
0.00254601
0.00279028
0.00297794
0.00309374
0.00312632
0.00308539
0.00298019
0.00281249
0.00257184
0.0022786
0.00221152
0.00245107
0.00265178
0.00279806
0.00289337
0.00293712
0.00292102
0.00282015
0.00259769
0.00222381
0.00213633
0.00239045
0.00270474
0.00284814
0.00289095
0.00286156
0.00277513
0.00263423
0.0024341
0.00219046
0.00207155
0.00223768
0.00237928
0.00249079
0.00257174
0.0026194
0.00262698
0.00257944
0.0024568
0.0022724
0.00213762
0.00234224
0.00249585
0.00257171
0.00258265
0.00254593
0.00247242
0.00236577
0.00222632
0.00205963
)
;

boundaryField
{
    floor
    {
        type            compressible::alphatWallFunction;
        Prt             0.85;
        value           nonuniform List<scalar> 
400
(
0.000372673
0.000410182
0.000439034
0.000458837
0.000472775
0.000482753
0.000490083
0.000495692
0.000499997
0.000502729
0.000502713
0.000499865
0.000495332
0.000489272
0.00048138
0.000470764
0.000456151
0.000435657
0.00040609
0.000367693
0.000410182
0.000453018
0.000484931
0.00050708
0.000522957
0.00053474
0.000543989
0.000552033
0.000559174
0.000564613
0.000565328
0.000559967
0.000552608
0.000543915
0.000533928
0.000521293
0.000504485
0.000481334
0.000448349
0.000404366
0.000439034
0.000484931
0.000517215
0.000539337
0.000555263
0.000567472
0.000577493
0.000587622
0.000597845
0.000606044
0.000607553
0.000599858
0.000589505
0.000578406
0.000567538
0.000554327
0.000537321
0.000514046
0.000480554
0.000433455
0.000458837
0.00050708
0.000539337
0.00056113
0.000577224
0.000590799
0.000602283
0.000611528
0.000619433
0.000625869
0.000627497
0.000621857
0.00061393
0.000604139
0.000591761
0.000577021
0.00055977
0.000536757
0.000503217
0.000453689
0.000472775
0.000522957
0.000555263
0.000577224
0.000594771
0.000606747
0.000614719
0.000620914
0.000626262
0.000630747
0.000632552
0.000629075
0.000623719
0.000616979
0.000608127
0.000595027
0.000576344
0.000553185
0.000519557
0.000468011
0.000482753
0.00053474
0.000567472
0.000590799
0.000606747
0.000615044
0.000619659
0.000622879
0.000625635
0.000628076
0.000630354
0.000629065
0.000626073
0.000622188
0.000616677
0.000607291
0.000590054
0.000565708
0.000531671
0.000478276
0.000490083
0.000543989
0.000577493
0.000602283
0.000614719
0.000619659
0.000621147
0.000621423
0.000621241
0.000621021
0.000624641
0.000626216
0.00062528
0.00062393
0.000621444
0.000615427
0.000601729
0.000575898
0.000541105
0.000485793
0.000495692
0.000552033
0.000587622
0.000611528
0.000620914
0.000622879
0.000621423
0.000618354
0.000612277
0.000597712
0.000610747
0.000622395
0.000623828
0.000624657
0.000624802
0.000621712
0.000611061
0.000585685
0.000549119
0.000491487
0.000499997
0.000559174
0.000597845
0.000619433
0.000626262
0.000625635
0.000621241
0.000612277
0.000579771
0.000550097
0.000568023
0.000611102
0.000622259
0.000625414
0.000627761
0.000627106
0.000618959
0.000595854
0.000556259
0.000495836
0.000502729
0.000564613
0.000606044
0.000625869
0.000630747
0.000628076
0.000621021
0.000597712
0.000550097
0.000278489
0.000290325
0.000586663
0.000619587
0.000626377
0.000630393
0.000631567
0.000625285
0.000603873
0.000561581
0.000498546
0.000502713
0.000565328
0.000607553
0.000627497
0.000632552
0.000630354
0.000624641
0.000610747
0.000568023
0.000290324
0.000300831
0.000605558
0.000623453
0.000628021
0.000631854
0.000633082
0.000626902
0.000605558
0.000562408
0.000498589
0.000499865
0.000559967
0.000599858
0.000621857
0.000629075
0.000629065
0.000626216
0.000622395
0.000611102
0.000586663
0.000605558
0.000624001
0.000626323
0.000628021
0.0006302
0.000629581
0.00062142
0.000598174
0.000557202
0.000495778
0.000495332
0.000552608
0.000589505
0.00061393
0.000623719
0.000626073
0.00062528
0.000623828
0.000622259
0.000619587
0.000623453
0.000626323
0.000626319
0.000627013
0.000627296
0.000624301
0.000613594
0.00058799
0.000549895
0.000491264
0.000489272
0.000543915
0.000578406
0.000604139
0.000616979
0.000622188
0.00062393
0.000624657
0.000625414
0.000626377
0.000628021
0.000628021
0.000627013
0.000625867
0.000623585
0.000617651
0.000603853
0.000576986
0.000541163
0.000485153
0.00048138
0.000533928
0.000567538
0.000591761
0.000608127
0.000616677
0.000621444
0.000624802
0.000627761
0.000630393
0.000631854
0.0006302
0.000627296
0.000623585
0.000618209
0.000608841
0.000591457
0.000565971
0.000530996
0.000477125
0.000470764
0.000521293
0.000554327
0.000577021
0.000595027
0.000607291
0.000615427
0.000621712
0.000627106
0.000631567
0.000633082
0.000629581
0.000624301
0.000617651
0.000608841
0.000595682
0.000576382
0.000552399
0.000518031
0.000466281
0.000456151
0.000504485
0.000537321
0.00055977
0.000576344
0.000590054
0.000601729
0.000611061
0.000618959
0.000625285
0.000626902
0.00062142
0.000613594
0.000603853
0.000591457
0.000576382
0.000558571
0.000534867
0.000500773
0.000451358
0.000435657
0.000481334
0.000514046
0.000536757
0.000553185
0.000565708
0.000575898
0.000585685
0.000595854
0.000603873
0.000605558
0.000598174
0.00058799
0.000576986
0.000565971
0.000552399
0.000534867
0.000511001
0.000477145
0.000430535
0.00040609
0.000448349
0.000480554
0.000503217
0.000519557
0.000531671
0.000541105
0.000549119
0.000556259
0.000561581
0.000562408
0.000557202
0.000549895
0.000541163
0.000530996
0.000518031
0.000500773
0.000477145
0.000443971
0.000400896
0.000367693
0.000404366
0.000433455
0.000453689
0.000468011
0.000478276
0.000485793
0.000491487
0.000495836
0.000498546
0.000498589
0.000495778
0.000491264
0.000485153
0.000477125
0.000466281
0.000451358
0.000430535
0.000400896
0.000363617
)
;
    }
    ceiling
    {
        type            compressible::alphatWallFunction;
        Prt             0.85;
        value           nonuniform List<scalar> 
400
(
0.000321118
0.000345288
0.000365367
0.000380838
0.000391868
0.000398179
0.000398815
0.000391736
0.000373709
0.000345955
0.000331109
0.000360895
0.000383228
0.000393292
0.000394529
0.000389322
0.000379021
0.000363996
0.000344066
0.000319608
0.000345288
0.000391634
0.000419007
0.000435278
0.000444083
0.000446518
0.000441879
0.000427431
0.000400568
0.000370668
0.000355862
0.000387371
0.000415782
0.000434662
0.000441836
0.000440835
0.000432898
0.000417115
0.00038984
0.000342862
0.000365367
0.000419007
0.000449824
0.000466967
0.000474936
0.00047541
0.000467902
0.000449575
0.000423034
0.00039173
0.00037618
0.0004089
0.000436629
0.000459983
0.000470331
0.000471444
0.000464376
0.000447656
0.000416753
0.000362206
0.000380838
0.000435278
0.000466967
0.000484471
0.000492148
0.000491744
0.000482836
0.000463823
0.000439609
0.000408088
0.00039226
0.000426066
0.000453117
0.00047466
0.000486553
0.000488602
0.000481788
0.000464579
0.000432605
0.00037716
0.000391868
0.000444083
0.000474936
0.000492148
0.000499571
0.00049873
0.000489158
0.000473319
0.000450978
0.000419641
0.000403763
0.000437939
0.00046343
0.000481054
0.0004936
0.00049607
0.000489435
0.000472379
0.00044107
0.000387834
0.000398179
0.000446518
0.000475409
0.000491744
0.00049873
0.000497559
0.000490036
0.000477421
0.000456926
0.00042614
0.000410436
0.000444536
0.000468547
0.000483489
0.000492652
0.000495387
0.000489109
0.000472806
0.000443325
0.000393955
0.000398815
0.000441879
0.000467902
0.000482836
0.000489158
0.000490036
0.000486024
0.000475897
0.00045705
0.000427136
0.000411871
0.000445488
0.000467991
0.000480554
0.000486117
0.000486183
0.000480502
0.000465518
0.000438812
0.000394672
0.000391736
0.000427431
0.000449574
0.000463823
0.000473319
0.000477421
0.000475897
0.000467689
0.000450336
0.000421628
0.000407404
0.000440054
0.000460872
0.000471395
0.000474366
0.000471133
0.000462084
0.000447873
0.000424993
0.000388063
0.000373709
0.000400568
0.000423034
0.000439609
0.000450978
0.000456926
0.00045705
0.000450336
0.000434362
0.000407015
0.000395846
0.000426625
0.000445149
0.00045374
0.000454851
0.000449662
0.000438627
0.000421933
0.000398792
0.000371178
0.000345955
0.000370668
0.00039173
0.000408088
0.000419641
0.00042614
0.000427136
0.000421628
0.000407015
0.000379939
0.000378017
0.000404165
0.000418983
0.000425396
0.000425217
0.000419284
0.00040797
0.000391462
0.000369833
0.000344598
0.000331109
0.000355862
0.00037618
0.00039226
0.000403763
0.000410436
0.000411871
0.000407404
0.000395846
0.000378017
0.000372391
0.000390812
0.00040221
0.000407019
0.000406043
0.000399781
0.000388507
0.000372395
0.000351697
0.00032644
0.000360895
0.000387371
0.0004089
0.000426066
0.000437939
0.000444536
0.000445488
0.000440054
0.000426625
0.000404165
0.000390812
0.000415363
0.000431069
0.000438156
0.000438292
0.000432383
0.000420788
0.000403535
0.000381497
0.000354607
0.000383228
0.000415782
0.000436629
0.000453117
0.00046343
0.000468547
0.000467991
0.000460872
0.000445149
0.000418983
0.00040221
0.000431069
0.000450338
0.000459852
0.000461888
0.000457665
0.000447611
0.000430935
0.0004093
0.000376708
0.000393292
0.000434662
0.000459983
0.00047466
0.000481054
0.000483489
0.000480554
0.000471395
0.00045374
0.000425397
0.000407019
0.000438156
0.000459852
0.000471703
0.000476295
0.000475016
0.00046883
0.00045436
0.000428785
0.000387175
0.000394529
0.000441836
0.000470331
0.000486553
0.0004936
0.000492652
0.000486117
0.000474366
0.000454851
0.000425217
0.000406043
0.000438292
0.000461888
0.000476295
0.000484376
0.000487232
0.000481141
0.000465214
0.000436527
0.00038894
0.000389322
0.000440835
0.000471444
0.000488602
0.00049607
0.000495387
0.000486183
0.000471133
0.000449662
0.000419284
0.000399781
0.000432383
0.000457665
0.000475016
0.000487232
0.000489924
0.000483506
0.000466772
0.000436108
0.00038433
0.000379021
0.000432898
0.000464376
0.000481788
0.000489435
0.000489109
0.000480502
0.000462084
0.000438627
0.00040797
0.000388507
0.000420788
0.000447611
0.00046883
0.000481141
0.000483506
0.000476985
0.000460138
0.000428785
0.000374707
0.000363996
0.000417115
0.000447656
0.000464579
0.000472379
0.000472806
0.000465518
0.000447873
0.000421933
0.000391462
0.000372395
0.000403535
0.000430935
0.00045436
0.000465214
0.000466772
0.000460138
0.000443898
0.000413671
0.000360483
0.000344066
0.00038984
0.000416753
0.000432605
0.00044107
0.000443325
0.000438812
0.000424993
0.000398792
0.000369833
0.000351697
0.000381497
0.0004093
0.000428785
0.000436527
0.000436108
0.000428785
0.000413671
0.000387206
0.000341564
0.000319608
0.000342862
0.000362206
0.00037716
0.000387834
0.000393955
0.000394672
0.000388063
0.000371178
0.000344598
0.00032644
0.000354607
0.000376708
0.000387175
0.00038894
0.00038433
0.000374707
0.000360483
0.000341564
0.000318421
)
;
    }
    fixedWalls
    {
        type            compressible::alphatWallFunction;
        Prt             0.85;
        value           nonuniform List<scalar> 
800
(
0.000372123
0.000377747
0.000378838
0.000376718
0.000371983
0.000367057
0.000361291
0.00035323
0.000340436
0.000320762
0.000409548
0.000427497
0.000433466
0.000431353
0.000426834
0.000418836
0.000408692
0.000395124
0.000375329
0.000344891
0.000438339
0.000465291
0.000474611
0.000472683
0.000467313
0.000458987
0.000446027
0.000428521
0.000403492
0.000364935
0.000458101
0.000493261
0.000505834
0.000504546
0.000497042
0.000486916
0.000471987
0.000451804
0.000423426
0.000380376
0.000472009
0.000514281
0.000529504
0.000528788
0.000518611
0.000506259
0.000489625
0.000466968
0.00043623
0.000391384
0.000481967
0.000530133
0.00054723
0.000546766
0.000533816
0.000518924
0.000499521
0.000474425
0.000442041
0.000397681
0.000489281
0.000542306
0.000560491
0.000559742
0.000544704
0.00052625
0.000502756
0.000473886
0.000439856
0.000398313
0.000494878
0.000551783
0.000570321
0.000568704
0.000551831
0.000528951
0.000499652
0.000463416
0.00042666
0.000391244
0.000499174
0.000558924
0.000577161
0.000574333
0.000555536
0.000527544
0.000490738
0.00044344
0.000396995
0.000373248
0.000501902
0.000563836
0.000581382
0.000577385
0.000556996
0.000523095
0.000478193
0.000418406
0.000348966
0.000345539
0.000501891
0.000563513
0.000580762
0.000576574
0.000555786
0.000520942
0.000473999
0.000406916
0.00033818
0.000330716
0.000499053
0.00055806
0.000575763
0.000572604
0.000553433
0.000524529
0.000485031
0.000433525
0.0003777
0.00036046
0.000494532
0.000550437
0.000568313
0.000566282
0.000548963
0.000525507
0.000494458
0.000455193
0.000415773
0.000382755
0.000488486
0.000540468
0.000557981
0.000556847
0.000541451
0.000522726
0.000498266
0.000467746
0.000432983
0.000392805
0.000480612
0.000527759
0.000544271
0.000543542
0.000530647
0.000515618
0.000495791
0.000470266
0.000437683
0.000394043
0.000470018
0.000511367
0.000526161
0.000525366
0.00051537
0.00050313
0.000486622
0.000463941
0.000433247
0.00038885
0.000455436
0.000489836
0.000502176
0.000501005
0.000493752
0.000483916
0.000469371
0.000449475
0.000421305
0.00037857
0.000434984
0.000461387
0.000470655
0.000468983
0.00046395
0.00045615
0.000443644
0.000426541
0.000401821
0.000363574
0.000405481
0.000423109
0.000429113
0.000427247
0.000423202
0.000415878
0.00040619
0.000393032
0.000373616
0.00034368
0.00036717
0.000372762
0.000373904
0.000371943
0.00036751
0.000362884
0.000357474
0.000349872
0.00033774
0.000319262
0.00036717
0.000372762
0.000373904
0.000371943
0.00036751
0.000362884
0.000357474
0.000349872
0.00033774
0.000319262
0.000403765
0.000421196
0.00042708
0.000425213
0.000421231
0.000413765
0.000404154
0.000391149
0.000371988
0.000342479
0.000432794
0.000458851
0.000467818
0.000465899
0.000461255
0.000453273
0.000440845
0.000423911
0.000399514
0.00036179
0.000452988
0.000487166
0.000499301
0.000497888
0.000491057
0.000481367
0.000466743
0.000446931
0.000419052
0.000376717
0.000467284
0.000508577
0.000523359
0.000522464
0.000512831
0.000500804
0.000484324
0.000461933
0.000431609
0.00038737
0.00047753
0.000524702
0.000541376
0.000540725
0.000528164
0.000513535
0.00049434
0.000469445
0.000437386
0.000393478
0.000485032
0.000536974
0.000554748
0.000553822
0.000538739
0.000520751
0.000497619
0.000469186
0.000435516
0.000394191
0.000490717
0.000546384
0.000564498
0.000562715
0.000545806
0.000523408
0.000494678
0.000459321
0.000423194
0.000387589
0.000495059
0.000553304
0.000571118
0.000568148
0.000549363
0.000521931
0.00048601
0.000440402
0.000395944
0.000370729
0.000497766
0.000557904
0.000575052
0.000570941
0.000550606
0.000517419
0.00047368
0.000416384
0.000349867
0.00034419
0.000497815
0.00055766
0.000574378
0.00056992
0.000549004
0.000514595
0.000468372
0.000402699
0.000336412
0.000326058
0.000495012
0.000552478
0.000569516
0.000565915
0.000546432
0.000517614
0.000478252
0.000427184
0.000370868
0.000354187
0.000490508
0.000545047
0.000562189
0.000559623
0.000541871
0.000518526
0.000487369
0.000447968
0.00040842
0.000376253
0.00048441
0.000535141
0.00055189
0.000550177
0.000534404
0.000515862
0.00049127
0.000460525
0.00042594
0.000386708
0.000476398
0.000522337
0.00053806
0.000536745
0.000524078
0.000509071
0.000489122
0.000463526
0.000431184
0.000388473
0.000465575
0.000505699
0.000519689
0.000518351
0.000508802
0.000496734
0.000480271
0.000457665
0.000427321
0.000383876
0.00045068
0.000483827
0.000495376
0.000493766
0.000487141
0.00047767
0.00046333
0.000443707
0.000416014
0.000374273
0.000429898
0.000455099
0.000463674
0.000461744
0.000457437
0.000450141
0.000438048
0.000421411
0.000397289
0.000360074
0.000400319
0.000417066
0.000422668
0.000420846
0.000417376
0.000410411
0.000401287
0.000388745
0.000370041
0.000341187
0.000363118
0.000368347
0.000369353
0.000367477
0.000363314
0.000359009
0.000353977
0.000346864
0.000335423
0.000318081
0.000372123
0.000377747
0.000378838
0.000376718
0.000371983
0.000367057
0.000361291
0.00035323
0.000340436
0.000320762
0.000409548
0.000427497
0.000433466
0.000431353
0.000426834
0.000418836
0.000408692
0.000395124
0.000375329
0.000344891
0.000438339
0.000465291
0.000474611
0.000472683
0.000467313
0.000458987
0.000446027
0.000428521
0.000403492
0.000364935
0.000458101
0.000493261
0.000505834
0.000504546
0.000497042
0.000486916
0.000471987
0.000451804
0.000423426
0.000380376
0.000472009
0.000514281
0.000529504
0.000528788
0.000518611
0.000506259
0.000489625
0.000466968
0.00043623
0.000391384
0.000481967
0.000530133
0.00054723
0.000546766
0.000533816
0.000518924
0.000499521
0.000474425
0.000442041
0.000397681
0.000489281
0.000542306
0.000560491
0.000559742
0.000544704
0.00052625
0.000502756
0.000473886
0.000439856
0.000398313
0.000494878
0.000551783
0.000570321
0.000568704
0.000551831
0.000528951
0.000499652
0.000463416
0.00042666
0.000391244
0.000499174
0.000558924
0.000577161
0.000574333
0.000555536
0.000527544
0.000490738
0.00044344
0.000396995
0.000373248
0.000501902
0.000563836
0.000581382
0.000577385
0.000556996
0.000523095
0.000478193
0.000418406
0.000348966
0.000345539
0.000501891
0.000563513
0.000580762
0.000576574
0.000555786
0.000520942
0.000473999
0.000406916
0.00033818
0.000330716
0.000499053
0.00055806
0.000575763
0.000572604
0.000553433
0.000524529
0.000485031
0.000433525
0.0003777
0.00036046
0.000494532
0.000550437
0.000568313
0.000566282
0.000548963
0.000525507
0.000494458
0.000455193
0.000415773
0.000382755
0.000488486
0.000540468
0.000557981
0.000556847
0.000541451
0.000522726
0.000498266
0.000467746
0.000432983
0.000392805
0.000480612
0.000527759
0.000544271
0.000543542
0.000530647
0.000515618
0.000495791
0.000470266
0.000437683
0.000394043
0.000470018
0.000511367
0.000526161
0.000525366
0.00051537
0.00050313
0.000486622
0.000463941
0.000433247
0.00038885
0.000455436
0.000489836
0.000502176
0.000501005
0.000493752
0.000483916
0.000469371
0.000449475
0.000421305
0.00037857
0.000434984
0.000461387
0.000470655
0.000468983
0.00046395
0.00045615
0.000443644
0.000426541
0.000401821
0.000363574
0.000405481
0.000423109
0.000429113
0.000427247
0.000423202
0.000415878
0.00040619
0.000393032
0.000373616
0.00034368
0.00036717
0.000372762
0.000373904
0.000371943
0.00036751
0.000362884
0.000357474
0.000349872
0.00033774
0.000319262
0.00036717
0.000372762
0.000373904
0.000371943
0.00036751
0.000362884
0.000357474
0.000349872
0.00033774
0.000319262
0.000403765
0.000421196
0.00042708
0.000425213
0.000421231
0.000413765
0.000404154
0.000391149
0.000371988
0.000342479
0.000432794
0.000458851
0.000467818
0.000465899
0.000461255
0.000453273
0.000440845
0.000423911
0.000399514
0.00036179
0.000452988
0.000487166
0.000499301
0.000497888
0.000491057
0.000481367
0.000466743
0.000446931
0.000419052
0.000376717
0.000467284
0.000508577
0.000523359
0.000522464
0.000512831
0.000500804
0.000484324
0.000461933
0.000431609
0.00038737
0.00047753
0.000524702
0.000541376
0.000540725
0.000528164
0.000513535
0.00049434
0.000469445
0.000437386
0.000393478
0.000485032
0.000536974
0.000554748
0.000553822
0.000538739
0.000520751
0.000497619
0.000469186
0.000435516
0.000394191
0.000490717
0.000546384
0.000564498
0.000562715
0.000545806
0.000523408
0.000494678
0.000459321
0.000423194
0.000387589
0.000495059
0.000553304
0.000571118
0.000568148
0.000549363
0.000521931
0.00048601
0.000440402
0.000395944
0.000370729
0.000497766
0.000557904
0.000575052
0.000570941
0.000550606
0.000517419
0.00047368
0.000416384
0.000349867
0.00034419
0.000497815
0.00055766
0.000574378
0.00056992
0.000549004
0.000514595
0.000468372
0.000402699
0.000336412
0.000326058
0.000495012
0.000552478
0.000569516
0.000565915
0.000546432
0.000517614
0.000478252
0.000427184
0.000370868
0.000354187
0.000490508
0.000545047
0.000562189
0.000559623
0.000541871
0.000518526
0.000487369
0.000447968
0.00040842
0.000376253
0.00048441
0.000535141
0.00055189
0.000550177
0.000534404
0.000515862
0.00049127
0.000460525
0.00042594
0.000386708
0.000476398
0.000522337
0.00053806
0.000536745
0.000524078
0.000509071
0.000489122
0.000463526
0.000431184
0.000388473
0.000465575
0.000505699
0.000519689
0.000518351
0.000508802
0.000496734
0.000480271
0.000457665
0.000427321
0.000383876
0.00045068
0.000483827
0.000495376
0.000493766
0.000487141
0.00047767
0.00046333
0.000443707
0.000416014
0.000374273
0.000429898
0.000455099
0.000463674
0.000461744
0.000457437
0.000450141
0.000438048
0.000421411
0.000397289
0.000360074
0.000400319
0.000417066
0.000422668
0.000420846
0.000417376
0.000410411
0.000401287
0.000388745
0.000370041
0.000341187
0.000363118
0.000368347
0.000369353
0.000367477
0.000363314
0.000359009
0.000353977
0.000346864
0.000335423
0.000318081
)
;
    }
}


// ************************************************************************* //
