/*--------------------------------*- C++ -*----------------------------------*\
  =========                 |
  \\      /  F ield         | OpenFOAM: The Open Source CFD Toolbox
   \\    /   O peration     | Website:  https://openfoam.org
    \\  /    A nd           | Version:  dev
     \\/     M anipulation  |
\*---------------------------------------------------------------------------*/
FoamFile
{
    version     2.0;
    format      ascii;
    class       volScalarField;
    location    "50";
    object      nut;
}
// * * * * * * * * * * * * * * * * * * * * * * * * * * * * * * * * * * * * * //

dimensions      [0 2 -1 0 0 0 0];

internalField   nonuniform List<scalar> 
4000
(
0.00215926
0.00239011
0.00256562
0.00268469
0.00276761
0.00282641
0.00286938
0.00290248
0.0029276
0.00294376
0.00294538
0.00292911
0.00290288
0.00286701
0.00282034
0.00275713
0.00266937
0.00254517
0.00236411
0.00212621
0.00219169
0.00250201
0.00273879
0.00291295
0.0030429
0.00314014
0.00321428
0.00327151
0.00331475
0.00334437
0.0033427
0.00330908
0.00326265
0.00320238
0.00312493
0.00302424
0.00289088
0.00271334
0.00247283
0.00215735
0.0021957
0.00253723
0.00279841
0.00299575
0.00314412
0.00325391
0.00333476
0.00339345
0.00343333
0.00345705
0.00345225
0.0034224
0.00337822
0.00331641
0.00323298
0.00312101
0.0029708
0.0027716
0.00250741
0.00216058
0.00217904
0.00251989
0.0027842
0.00298731
0.00314026
0.00325168
0.00332975
0.00338115
0.00341082
0.00342472
0.00341791
0.0033968
0.00336225
0.00330796
0.00322818
0.00311596
0.00296266
0.00275872
0.00249125
0.00214401
0.00214529
0.00248562
0.0027442
0.00293409
0.00307013
0.00316375
0.00322977
0.00326657
0.0032798
0.00327874
0.00326784
0.00326236
0.00324413
0.00320535
0.00314067
0.00304681
0.00291048
0.00271975
0.00245873
0.00211181
0.0021111
0.00242934
0.00268506
0.0028645
0.00298678
0.00306395
0.00310456
0.00311104
0.0030886
0.00304615
0.00302848
0.00306511
0.00308528
0.0030789
0.00304028
0.00296434
0.0028427
0.00266401
0.00240532
0.00207931
0.00207115
0.00236011
0.00259719
0.00276451
0.00287672
0.00293663
0.00294964
0.00291598
0.00284054
0.00274185
0.00270805
0.00279783
0.00287849
0.00291806
0.0029108
0.00285582
0.00274495
0.0025791
0.00233938
0.00204149
0.0020162
0.00227043
0.00248176
0.00263206
0.00272967
0.00277559
0.00276556
0.00268184
0.00252744
0.00233065
0.00222835
0.00245543
0.00262411
0.00272379
0.0027479
0.00270937
0.0026153
0.00246664
0.00225283
0.00198943
0.00193093
0.0021436
0.00232147
0.00245007
0.00253352
0.0025713
0.00255538
0.00246246
0.00225495
0.00191986
0.00186049
0.00211716
0.00238968
0.00251066
0.00254345
0.00251425
0.00243554
0.00230892
0.00212912
0.00190854
0.00180199
0.0019529
0.0020804
0.00217996
0.00225192
0.00229413
0.00230016
0.00225616
0.00214342
0.00197676
0.00188149
0.00206615
0.00220221
0.00226509
0.00227102
0.0022355
0.00216768
0.00207022
0.00194239
0.0017877
0.00239011
0.00265393
0.00285044
0.00298593
0.00308253
0.00315412
0.00321056
0.00326134
0.00330511
0.00333863
0.00334535
0.0033129
0.00326799
0.00321328
0.0031522
0.00307497
0.00297195
0.00282934
0.00262506
0.00235323
0.00250201
0.00547117
0.0070421
0.00836306
0.00951127
0.0104924
0.0113358
0.0120362
0.0125968
0.0130343
0.0130753
0.0126396
0.012062
0.0113457
0.0104778
0.00947495
0.00831177
0.00698436
0.00541705
0.00245839
0.00253723
0.00714004
0.00954809
0.0115031
0.013133
0.0144227
0.0153912
0.0160664
0.016479
0.0167014
0.0166981
0.0164654
0.0160423
0.0153636
0.0143845
0.013085
0.0114493
0.00949389
0.00709023
0.00249008
0.00251989
0.00792276
0.0107159
0.0128598
0.0145557
0.0157915
0.0165792
0.0169764
0.0170712
0.0170119
0.0169642
0.0169933
0.0168916
0.016509
0.0157335
0.014511
0.0128264
0.0106884
0.00789253
0.00247193
0.00248562
0.00782088
0.0107129
0.0128235
0.0144359
0.0155749
0.0161361
0.0162235
0.0160163
0.0156669
0.0155397
0.015874
0.0160824
0.0160401
0.0154927
0.0143989
0.0128211
0.0107218
0.00781383
0.00244171
0.00242934
0.00732433
0.0100206
0.0117971
0.013052
0.0138528
0.0141254
0.0139426
0.0134503
0.012731
0.0125692
0.0132143
0.0137209
0.0139622
0.0137573
0.0130282
0.0118188
0.0100569
0.00734135
0.00238919
0.00236011
0.00662406
0.00897499
0.0103482
0.011187
0.0116112
0.0115887
0.011078
0.0101963
0.00916719
0.00894021
0.00969579
0.0107584
0.0113897
0.0115137
0.0111669
0.0103749
0.00902065
0.00665723
0.00232366
0.00227043
0.00582677
0.00775018
0.00874499
0.0092342
0.00936796
0.00914616
0.00849659
0.00733721
0.00618366
0.00591096
0.00684045
0.00814122
0.00893908
0.00926611
0.00920572
0.00876084
0.00778915
0.00586284
0.00223785
0.0021436
0.0048518
0.00623569
0.00686997
0.00710094
0.00707155
0.00680273
0.00623198
0.00523556
0.00411767
0.0038094
0.00475475
0.00591906
0.00662407
0.00697878
0.00706245
0.0068656
0.00625303
0.00487393
0.00211541
0.0019529
0.00223345
0.00240375
0.00250793
0.00256688
0.00258666
0.00256239
0.00247628
0.00231181
0.00212842
0.0020323
0.00222935
0.00240337
0.0025171
0.00255724
0.00254608
0.00249185
0.00238952
0.00221795
0.00193115
0.00256562
0.00285044
0.00305109
0.00318793
0.00328641
0.00336258
0.00342533
0.00349442
0.00355943
0.00361137
0.00362368
0.00357537
0.00350958
0.00343464
0.00336668
0.00328409
0.00317842
0.00303367
0.00282473
0.00253211
0.00273879
0.0070421
0.00952642
0.0116197
0.0133667
0.0147391
0.0158157
0.0164866
0.0168347
0.0170252
0.0170449
0.0168826
0.0165446
0.0158854
0.0147664
0.0133496
0.0115678
0.00945733
0.00697577
0.00269563
0.00279841
0.00954809
0.0134447
0.0165544
0.0190087
0.0207523
0.0218133
0.0222517
0.0221624
0.0219156
0.0218563
0.022076
0.0221868
0.0217944
0.0207282
0.0189686
0.0164962
0.0133767
0.00948118
0.00274976
0.0027842
0.0107159
0.0152986
0.0187234
0.0212678
0.0228847
0.0235848
0.0234739
0.0227246
0.0219094
0.0217428
0.0224485
0.023227
0.023437
0.0227998
0.0212184
0.0186892
0.0152645
0.0106698
0.00273307
0.0027442
0.0107129
0.0155041
0.0188585
0.0212467
0.0226143
0.0229554
0.0223301
0.0209679
0.0196036
0.0193191
0.020499
0.0219087
0.02268
0.0224661
0.0211896
0.0188593
0.0155132
0.0106847
0.00269843
0.00268506
0.0100206
0.0146719
0.0176556
0.0195666
0.0205169
0.0204935
0.019491
0.0177447
0.0159386
0.0155397
0.017107
0.0189431
0.020147
0.0203447
0.0195233
0.0176868
0.0147195
0.0100298
0.00264169
0.00259719
0.00897499
0.0131579
0.0156368
0.0170181
0.0175352
0.0172223
0.0160678
0.0141644
0.0119955
0.0114762
0.0133695
0.0154967
0.0168727
0.0173691
0.0169858
0.0156834
0.0132304
0.00901708
0.00255685
0.00248176
0.00775018
0.0112132
0.0131283
0.0140315
0.0142069
0.0137366
0.012593
0.0107567
0.00851608
0.00789713
0.00992995
0.0120704
0.0134114
0.0140534
0.0139992
0.0131708
0.0112892
0.00780673
0.0024449
0.00232147
0.00623569
0.00864818
0.00986916
0.010337
0.0103004
0.00984545
0.00893971
0.00737391
0.00551362
0.00496249
0.00664386
0.00852941
0.00958901
0.0101712
0.0102939
0.00988222
0.0086938
0.00627708
0.00228874
0.0020804
0.00240375
0.00259377
0.00270215
0.00275521
0.0027627
0.00272122
0.00261275
0.00244947
0.00225645
0.00215505
0.00235911
0.00253018
0.0026709
0.0027301
0.00273212
0.00268386
0.00257679
0.00238437
0.00205342
0.00268469
0.00298593
0.00318793
0.00332423
0.00342586
0.00351468
0.00358715
0.00364654
0.00369781
0.0037391
0.00375184
0.00371618
0.00366488
0.0036022
0.00352417
0.0034284
0.0033194
0.00317502
0.00296453
0.00265525
0.00291295
0.00836306
0.0116197
0.0142473
0.0161599
0.0172026
0.0177413
0.0180105
0.0180985
0.0180935
0.0181151
0.0181713
0.0181103
0.0178397
0.0172722
0.0161785
0.0142106
0.0115518
0.00829397
0.00287324
0.00299575
0.0115031
0.0165544
0.0202949
0.0228702
0.0242725
0.0246294
0.0243755
0.0237355
0.0230648
0.0229802
0.0236307
0.0243231
0.0246223
0.0242629
0.0228566
0.0202491
0.0164843
0.0114291
0.00295015
0.00298731
0.0128598
0.0187234
0.0227699
0.025427
0.0267426
0.0267661
0.0258421
0.0243472
0.022901
0.0226503
0.0239568
0.0255265
0.0265719
0.0266581
0.0253907
0.0227422
0.0186839
0.0128029
0.00293862
0.00293409
0.0128235
0.0188585
0.022834
0.0253723
0.0265566
0.0263578
0.0249169
0.0226884
0.020493
0.0200605
0.0220086
0.0243412
0.0259761
0.026375
0.0253145
0.0228319
0.0188536
0.0127754
0.00289014
0.0028645
0.0117971
0.0176556
0.0213405
0.0235391
0.0244519
0.0241204
0.0224726
0.0198248
0.0170297
0.0164135
0.0189108
0.0217449
0.0236668
0.0242439
0.0234913
0.0213728
0.017695
0.0117866
0.00282322
0.00276451
0.0103482
0.0156368
0.0188772
0.0206576
0.0212601
0.0207721
0.0192155
0.0165402
0.0133678
0.0125746
0.0154684
0.0184605
0.0203871
0.0210726
0.0206288
0.0189373
0.0157158
0.0103791
0.0027247
0.00263206
0.00874499
0.0131283
0.0157526
0.0170674
0.0173812
0.016832
0.0154435
0.0129552
0.00984904
0.00897661
0.0118615
0.0147228
0.0164439
0.017212
0.0170464
0.0158191
0.0132236
0.00879947
0.00259413
0.00245007
0.00686997
0.00986916
0.0115319
0.0122491
0.0122947
0.0117939
0.0107488
0.00870302
0.00636477
0.00566946
0.00780594
0.0101286
0.0114971
0.0121549
0.0122131
0.0115621
0.00993129
0.00691363
0.00241508
0.00217996
0.00250793
0.00270215
0.00281158
0.00286186
0.00286329
0.00281292
0.00269806
0.00255013
0.00235645
0.00225297
0.00246239
0.00262858
0.00275983
0.00282897
0.00283748
0.0027918
0.00268298
0.00248535
0.00214973
0.00276761
0.00308253
0.00328641
0.00342586
0.00353954
0.00361472
0.00366609
0.00370722
0.003743
0.00377242
0.00378657
0.00376425
0.00372815
0.00368355
0.00362674
0.00354448
0.0034241
0.00327713
0.00306484
0.00274156
0.0030429
0.00951127
0.0133667
0.0161599
0.0175758
0.0182225
0.0184469
0.0184103
0.0182163
0.0179998
0.0180417
0.0183388
0.0185748
0.0186104
0.0183545
0.0176567
0.0161574
0.0133088
0.00944397
0.00300656
0.00314412
0.013133
0.0190087
0.0228702
0.0249482
0.025654
0.0254582
0.0246471
0.023494
0.0224271
0.0223543
0.0234348
0.024678
0.0255475
0.02575
0.0250074
0.0228721
0.018957
0.0130626
0.00310201
0.00314026
0.0145557
0.0212678
0.025427
0.0277096
0.0283378
0.0277294
0.0261929
0.0240978
0.0221262
0.0218215
0.0236672
0.0259025
0.0275948
0.0283097
0.0277296
0.0254401
0.0212459
0.0145016
0.00309495
0.00307013
0.0144359
0.0212467
0.0253723
0.0276994
0.0284265
0.027639
0.0256277
0.0227738
0.0199252
0.0193784
0.0219721
0.025023
0.0272766
0.028264
0.027672
0.0253906
0.0212449
0.0143803
0.00302861
0.00298678
0.013052
0.0195666
0.0235391
0.0257706
0.0265406
0.0258351
0.0237437
0.0205082
0.0169749
0.0161994
0.0194143
0.02294
0.0253639
0.0263468
0.0257473
0.0235913
0.0196124
0.013035
0.00294708
0.00287672
0.011187
0.0170181
0.0206576
0.0226736
0.0233509
0.0227876
0.0208513
0.0176225
0.0138026
0.0128413
0.0163758
0.0199885
0.0223212
0.0231797
0.0226722
0.0207454
0.0171122
0.011215
0.00283762
0.00272967
0.0092342
0.0140315
0.0170674
0.0186972
0.0191935
0.0187118
0.0170068
0.0140498
0.0104635
0.00946807
0.0128132
0.0161752
0.0182812
0.0190346
0.0187052
0.0171661
0.0141469
0.00928808
0.00269147
0.00253352
0.00710094
0.010337
0.0122491
0.0131577
0.0133172
0.0128753
0.0115823
0.00932251
0.00679273
0.00604226
0.0083804
0.0109163
0.0126278
0.0131924
0.0131404
0.0123002
0.0104132
0.00714423
0.00249741
0.00225192
0.00256688
0.00275521
0.00286186
0.00290968
0.00290767
0.00285265
0.00275651
0.00262021
0.00242825
0.00232388
0.00253432
0.00269082
0.00279804
0.00287258
0.0028846
0.00284106
0.00273432
0.00254186
0.00221965
0.00282641
0.00315412
0.00336258
0.00351468
0.00361472
0.0036677
0.00369873
0.00372156
0.00374093
0.00375803
0.00377686
0.00376851
0.00374589
0.00371777
0.00368082
0.00362107
0.00351296
0.00335537
0.003139
0.00280288
0.00314014
0.0104924
0.0147391
0.0172026
0.0182225
0.0185682
0.0184932
0.0181448
0.0176491
0.0172102
0.0173153
0.017874
0.0184138
0.0187494
0.0187785
0.0183699
0.0172729
0.0146995
0.010427
0.00310612
0.00325391
0.0144227
0.0207523
0.0242725
0.025654
0.0258098
0.0250943
0.0237749
0.0221679
0.0207771
0.0207981
0.0222572
0.0239816
0.0253564
0.0260601
0.0258454
0.0243722
0.0207452
0.0143636
0.00321436
0.00325168
0.0157915
0.0228847
0.0267426
0.0283378
0.0283868
0.0272622
0.025248
0.02273
0.0204382
0.0201456
0.0223621
0.0250816
0.0272779
0.0285037
0.0284795
0.0268494
0.0229167
0.0157554
0.00320908
0.00316375
0.0155749
0.0226143
0.0265566
0.0284265
0.0286087
0.0273862
0.0249849
0.0217482
0.0185601
0.0179758
0.0209474
0.0244526
0.0271392
0.0285638
0.0284891
0.0266509
0.0226644
0.015537
0.00312374
0.00306395
0.0138528
0.0205169
0.0244519
0.0265406
0.0270198
0.0260128
0.023612
0.0200345
0.0161873
0.0153475
0.0189088
0.0228338
0.0255996
0.0268854
0.026592
0.02457
0.0206121
0.0138552
0.00302528
0.00293663
0.0116112
0.0175352
0.0212601
0.0233509
0.0240586
0.0233034
0.0211021
0.0175735
0.0135283
0.0125214
0.0162953
0.0202285
0.022845
0.0239127
0.023409
0.0214095
0.0176761
0.0116583
0.00289862
0.00277559
0.00936796
0.0142069
0.0173812
0.0191935
0.0198765
0.0192703
0.0173414
0.0141709
0.0104791
0.00947027
0.0129276
0.0164889
0.0188323
0.0197425
0.0192515
0.0175319
0.0143606
0.0094367
0.00273809
0.0025713
0.00707155
0.0103004
0.0122947
0.0133172
0.0135764
0.0131047
0.0116352
0.00936177
0.00686113
0.00612156
0.00845975
0.0109773
0.0127776
0.0135057
0.0133339
0.0123762
0.0103979
0.00712144
0.00253522
0.00229413
0.00258666
0.0027627
0.00286329
0.00290767
0.00290289
0.00285828
0.00278249
0.00265784
0.0024698
0.00236574
0.0025747
0.00272232
0.00281311
0.00286793
0.00288254
0.00284213
0.00274093
0.00256024
0.00226082
0.00286938
0.00321056
0.00342533
0.00358715
0.00366609
0.00369873
0.00371017
0.00371285
0.00370934
0.00370974
0.00374156
0.00375548
0.00374489
0.00373115
0.00371191
0.00367246
0.00358596
0.00341895
0.00319681
0.00284751
0.00321428
0.0113358
0.0158157
0.0177413
0.0184469
0.0184932
0.0181022
0.0174169
0.0165859
0.0158941
0.0161413
0.0170031
0.0178507
0.0184866
0.0188011
0.0186677
0.0178649
0.0157963
0.0112696
0.0031812
0.00333476
0.0153912
0.0218133
0.0246294
0.0254582
0.0250943
0.023875
0.0220837
0.0201166
0.0185472
0.01877
0.0204727
0.0225675
0.0243842
0.0255496
0.0258138
0.0248533
0.0218739
0.0153483
0.00329637
0.00332975
0.0165792
0.0235848
0.0267661
0.0277294
0.0272622
0.0256989
0.0233303
0.0206052
0.018277
0.0181006
0.0204239
0.0233892
0.0259416
0.0275869
0.0280513
0.0270149
0.0237055
0.0165735
0.00328866
0.00322977
0.0161361
0.0229554
0.0263578
0.027639
0.0273862
0.0258389
0.0231948
0.0198289
0.0166459
0.0161413
0.0191845
0.0228533
0.0257868
0.0275266
0.0278718
0.02659
0.0231072
0.0161715
0.00318718
0.00310456
0.0141254
0.0204935
0.0241204
0.0258351
0.0260128
0.0247699
0.0221923
0.0185341
0.0147477
0.0139785
0.0175438
0.0215649
0.0245022
0.0260148
0.0260081
0.0243583
0.0206916
0.0141826
0.0030652
0.00294964
0.0115887
0.0172223
0.0207721
0.0227876
0.0233034
0.0223734
0.0200392
0.0164926
0.0125944
0.011661
0.0153468
0.0192793
0.0220126
0.0232522
0.0229442
0.021033
0.0174557
0.0116859
0.00291208
0.00276556
0.00914616
0.0137366
0.016832
0.0187118
0.0192703
0.0185279
0.0165207
0.0134182
0.00993892
0.00901166
0.0123061
0.015761
0.0181532
0.0191998
0.0188444
0.0170641
0.0139596
0.00925435
0.00272997
0.00255538
0.00680273
0.00984545
0.0117939
0.0128753
0.0131047
0.0124509
0.0110001
0.00889967
0.00660456
0.00593041
0.0081124
0.0104288
0.0121498
0.0130297
0.01295
0.0119218
0.00997951
0.00687314
0.00252133
0.00230016
0.00256239
0.00272122
0.00281292
0.00285265
0.00285828
0.00283507
0.00277459
0.00266017
0.00247796
0.00237546
0.00258062
0.00271954
0.00279616
0.0028292
0.0028287
0.00279274
0.00270013
0.00253637
0.00226739
0.00290248
0.00326134
0.00349442
0.00364654
0.00370722
0.00372156
0.00371285
0.00368575
0.00361249
0.00344882
0.00360148
0.00372748
0.00373828
0.0037382
0.00373437
0.00371254
0.00364469
0.0034842
0.00324709
0.0028814
0.00327151
0.0120362
0.0164866
0.0180105
0.0184103
0.0181448
0.0174169
0.0163613
0.0151374
0.0140251
0.0145706
0.0158792
0.0170321
0.0179683
0.0185688
0.0187115
0.0181896
0.0165384
0.0119736
0.00323812
0.00339345
0.0160664
0.0222517
0.0243755
0.0246471
0.0237749
0.0220837
0.0199192
0.0178801
0.0165564
0.0169258
0.0184632
0.0207132
0.02288
0.0244617
0.0251831
0.0247337
0.0224073
0.016043
0.00335482
0.00338115
0.0169764
0.0234739
0.0258421
0.0261929
0.025248
0.0233303
0.0207726
0.0181339
0.016141
0.0161457
0.0182055
0.0211103
0.023837
0.0258081
0.0267211
0.0262609
0.0237073
0.0170011
0.00334015
0.00326657
0.0162235
0.0223301
0.0249169
0.0256277
0.0249849
0.0231948
0.0204654
0.0172234
0.0143616
0.0140639
0.0168939
0.020424
0.0234034
0.0253558
0.026075
0.0253421
0.0226221
0.0162874
0.00322428
0.00311104
0.0139426
0.019491
0.0224726
0.0237437
0.023612
0.0221923
0.0195908
0.0160916
0.0126453
0.0121326
0.0154425
0.0192613
0.0221644
0.0238199
0.0241078
0.0228939
0.0198403
0.0140553
0.00307201
0.00291598
0.011078
0.0160678
0.0192155
0.0208513
0.0211021
0.0200392
0.017749
0.0144641
0.0110089
0.0102901
0.0136394
0.0172487
0.0198755
0.0212139
0.0211582
0.0196199
0.0164382
0.0112575
0.00288004
0.00268184
0.00849659
0.012593
0.0154435
0.0170068
0.0173414
0.0165207
0.0146367
0.0118741
0.00886428
0.00812371
0.0110389
0.0140955
0.0163005
0.0173899
0.0172474
0.0157857
0.0129251
0.0086834
0.0026508
0.00246246
0.00623198
0.00893971
0.0107488
0.0115823
0.0116352
0.0110001
0.00975309
0.00798439
0.00603875
0.00548761
0.00738532
0.00934081
0.0108062
0.0116288
0.0117108
0.0109458
0.00913259
0.00634652
0.00243425
0.00225616
0.00247628
0.00261275
0.00269806
0.00275651
0.00278249
0.00277459
0.00272579
0.0026207
0.00244664
0.00234832
0.00254694
0.00267631
0.00274108
0.00275853
0.00273775
0.00268156
0.00259508
0.00245367
0.00222636
0.0029276
0.00330511
0.00355943
0.00369781
0.003743
0.00374093
0.00370934
0.00361249
0.00325279
0.00318649
0.00333239
0.00360873
0.00372354
0.00374412
0.00375372
0.00374674
0.00369448
0.00354798
0.0032907
0.00290694
0.00331475
0.0125968
0.0168347
0.0180985
0.0182163
0.0176491
0.0165859
0.0151374
0.0132593
0.0100999
0.0118314
0.0146872
0.0161106
0.0173254
0.0181943
0.0185964
0.0183249
0.0169095
0.0125238
0.00327979
0.00343333
0.016479
0.0221624
0.0237355
0.023494
0.0221679
0.0201166
0.0178801
0.0164517
0.0157733
0.016195
0.0168629
0.0188074
0.0211526
0.0230649
0.0241962
0.0242155
0.022391
0.0164677
0.00339341
0.00341082
0.0170712
0.0227246
0.0243472
0.0240978
0.02273
0.0206052
0.0181339
0.0160362
0.0149329
0.0149433
0.0162201
0.0186727
0.021329
0.0234997
0.0248205
0.0249296
0.0230664
0.0171225
0.00336904
0.0032798
0.0160163
0.0209679
0.0226884
0.0227738
0.0217482
0.0198289
0.0172234
0.0143818
0.0121597
0.0121107
0.0144548
0.0175196
0.020307
0.0223548
0.0234408
0.0233109
0.0213966
0.0161142
0.00323733
0.0030886
0.0134503
0.0177447
0.0198248
0.0205082
0.0200345
0.0185341
0.0160916
0.0129791
0.0101829
0.010053
0.0129038
0.0161849
0.018814
0.0204926
0.0210974
0.0204549
0.0182519
0.0136242
0.00304976
0.00284054
0.0101963
0.0141644
0.0165402
0.0176225
0.0175735
0.0164926
0.0144641
0.0116766
0.00886765
0.00855909
0.0113764
0.0143556
0.0166106
0.017904
0.0181183
0.0171208
0.014699
0.0104721
0.00280689
0.00252744
0.00733721
0.0107567
0.0129552
0.0140498
0.0141709
0.0134182
0.0118741
0.00966211
0.00729286
0.00689375
0.00925963
0.0116625
0.0134316
0.0143901
0.0144288
0.013426
0.0112221
0.00765736
0.00250474
0.00225495
0.00523556
0.00737391
0.00870302
0.00932251
0.00936177
0.00889967
0.00798439
0.00665282
0.00516102
0.00481976
0.00632459
0.00778901
0.00886149
0.00946405
0.00953391
0.00897843
0.00764996
0.0054222
0.00224221
0.00214342
0.00231181
0.00244947
0.00255013
0.00262021
0.00265784
0.00266017
0.0026207
0.0025249
0.00236114
0.00227608
0.00246357
0.0025797
0.00263326
0.00263964
0.00260691
0.00253852
0.00243626
0.0022939
0.00212048
0.00294376
0.00333863
0.00361137
0.0037391
0.00377242
0.00375803
0.00370974
0.00344882
0.00318649
0.00307397
0.00324263
0.00344063
0.00369791
0.00375111
0.00376997
0.00377428
0.00373396
0.00359816
0.0033233
0.00292293
0.00334437
0.0130343
0.0170252
0.0180935
0.0179998
0.0172102
0.0158941
0.0140251
0.0100999
0.00572541
0.00695339
0.0137094
0.0153935
0.0167833
0.0178416
0.018434
0.0183505
0.0171099
0.0129462
0.00330731
0.00345705
0.0167014
0.0219156
0.0230648
0.0224271
0.0207771
0.0185472
0.0165564
0.0157733
0.0130016
0.0147988
0.0159841
0.0173709
0.0197043
0.0218137
0.0232435
0.0236268
0.0221903
0.0166958
0.00341547
0.00342472
0.0170119
0.0219094
0.022901
0.0221262
0.0204382
0.018277
0.016141
0.0149329
0.0149914
0.0147632
0.0149551
0.0167157
0.0191091
0.0213447
0.0229893
0.0235984
0.0223236
0.0170793
0.00338178
0.00327874
0.0156669
0.0196036
0.020493
0.0199252
0.0185601
0.0166459
0.0143616
0.0121597
0.0107169
0.0108288
0.012508
0.0148987
0.0173156
0.0193471
0.0207664
0.0212587
0.0201267
0.0157917
0.00323567
0.00304615
0.012731
0.0159386
0.0170297
0.0169749
0.0161873
0.0147477
0.0126453
0.0101829
0.00818721
0.00842561
0.0106181
0.0131287
0.0152865
0.0168551
0.0177514
0.0178101
0.0165566
0.0129719
0.00300747
0.00274185
0.00916719
0.0119955
0.0133678
0.0138026
0.0135283
0.0125944
0.0110089
0.00886765
0.00680533
0.00703595
0.00912739
0.0112803
0.0129691
0.0140508
0.0144581
0.0140834
0.0126326
0.00951609
0.00271015
0.00233065
0.00618366
0.00851608
0.00984904
0.0104635
0.0104791
0.00993892
0.00886428
0.00729286
0.0056017
0.00570438
0.00737921
0.00898634
0.0101698
0.0108408
0.0109412
0.0103942
0.00903667
0.00652369
0.00231903
0.00191986
0.00411767
0.00551362
0.00636477
0.00679273
0.00686113
0.00660456
0.00603875
0.00516102
0.00411415
0.00411562
0.00514861
0.00606336
0.00670268
0.0070382
0.00703711
0.00664934
0.00579086
0.00431055
0.00191939
0.00197676
0.00212842
0.00225645
0.00235645
0.00242825
0.0024698
0.00247796
0.00244664
0.00236114
0.00220356
0.00216219
0.00232501
0.00241915
0.0024597
0.00245827
0.00242083
0.00235043
0.00224893
0.00211672
0.00196126
0.00294538
0.00334535
0.00362368
0.00375184
0.00378657
0.00377686
0.00374156
0.00360148
0.00333239
0.00324263
0.00339895
0.00360063
0.00373258
0.00376144
0.00377926
0.00378436
0.00374525
0.00361044
0.00332983
0.0029241
0.0033427
0.0130753
0.0170449
0.0181151
0.0180417
0.0173153
0.0161413
0.0145706
0.0118314
0.00695339
0.00823743
0.0139505
0.0155657
0.0168586
0.017859
0.0184343
0.0183544
0.0171258
0.0130003
0.00330599
0.00345225
0.0166981
0.0218563
0.0229802
0.0223543
0.0207981
0.01877
0.0169258
0.016195
0.0147988
0.0160993
0.0162746
0.0175856
0.0197141
0.0216967
0.0230952
0.0234995
0.0221087
0.0166923
0.00341047
0.00341791
0.0169642
0.0217428
0.0226503
0.0218215
0.0201456
0.0181006
0.0161457
0.0149433
0.0147632
0.0144721
0.0148816
0.0165423
0.0187817
0.020946
0.0226048
0.0232852
0.0221129
0.017016
0.00337372
0.00326784
0.0155397
0.0193191
0.0200605
0.0193784
0.0179758
0.0161413
0.0140639
0.0121107
0.0108288
0.0108252
0.0122963
0.0144463
0.0166852
0.0186515
0.0201152
0.0207336
0.0197723
0.0156299
0.00322203
0.00302848
0.0125692
0.0155397
0.0164135
0.0161994
0.0153475
0.0139785
0.0121326
0.010053
0.00842561
0.00851266
0.0103025
0.0124536
0.014382
0.015874
0.0168307
0.017061
0.0160602
0.0127644
0.00298479
0.00270805
0.00894021
0.0114762
0.0125746
0.0128413
0.0125214
0.011661
0.0102901
0.00855909
0.00703595
0.00707561
0.0086834
0.0104445
0.0118874
0.0128605
0.0132981
0.013107
0.0119824
0.00923335
0.00266781
0.00222835
0.00591096
0.00789713
0.00897661
0.00946807
0.00947027
0.00901166
0.00812371
0.00689375
0.00570438
0.00566115
0.00689303
0.00814386
0.00908827
0.00963068
0.00971941
0.00930299
0.00824809
0.00617305
0.00219752
0.00186049
0.0038094
0.00496249
0.00566946
0.00604226
0.00612156
0.00593041
0.00548761
0.00481976
0.00411562
0.00403761
0.0047651
0.00544039
0.0059106
0.00614208
0.00610639
0.00577132
0.00508423
0.00391237
0.00184384
0.00188149
0.0020323
0.00215505
0.00225297
0.00232388
0.00236574
0.00237546
0.00234832
0.00227608
0.00216219
0.00211189
0.00223021
0.00230564
0.00233813
0.00233311
0.00229457
0.00222502
0.0021262
0.00200006
0.0018449
0.00292911
0.0033129
0.00357537
0.00371618
0.00376425
0.00376851
0.00375548
0.00372748
0.00360873
0.00344063
0.00360063
0.00373688
0.00375696
0.00376034
0.0037687
0.00376275
0.00371118
0.00356435
0.00329813
0.00290766
0.00330908
0.0126396
0.0168826
0.0181713
0.0183388
0.017874
0.0170031
0.0158792
0.0146872
0.0137094
0.0139505
0.0153207
0.0164718
0.0175136
0.0182876
0.0186483
0.018364
0.0169488
0.0125855
0.00327416
0.0034224
0.0164654
0.022076
0.0236307
0.0234348
0.0222572
0.0204727
0.0184632
0.0168629
0.0159841
0.0162746
0.0172455
0.0191344
0.0212152
0.0229396
0.0239931
0.024016
0.0222507
0.0164484
0.0033814
0.0033968
0.0169933
0.0224485
0.0239568
0.0236672
0.0223621
0.0204239
0.0182055
0.0162201
0.0149551
0.0148816
0.016228
0.0184915
0.0209012
0.022918
0.0242068
0.024388
0.0226819
0.0170067
0.00335194
0.00326236
0.015874
0.020499
0.0220086
0.0219721
0.0209474
0.0191845
0.0168939
0.0144548
0.012508
0.0122963
0.0142903
0.016943
0.0194116
0.0213031
0.0223965
0.0224137
0.0207604
0.0159022
0.0032143
0.00306511
0.0132143
0.017107
0.0189108
0.0194143
0.0189088
0.0175438
0.0154425
0.0129038
0.0106181
0.0103025
0.0125899
0.0152919
0.0175419
0.0190566
0.0196906
0.0192582
0.0173942
0.0132613
0.00301632
0.00279783
0.00969579
0.0133695
0.0154684
0.0163758
0.0162953
0.0153468
0.0136394
0.0113764
0.00912739
0.0086834
0.0108513
0.0132665
0.015148
0.0162671
0.0165019
0.0157128
0.0136479
0.00984788
0.00274914
0.00245543
0.00684045
0.00992995
0.0118615
0.0128132
0.0129276
0.0123061
0.0110389
0.00925963
0.00737921
0.00689303
0.00868048
0.0105915
0.0120152
0.0127877
0.0128105
0.011975
0.0101139
0.00698728
0.00240838
0.00211716
0.00475475
0.00664386
0.00780594
0.0083804
0.00845975
0.0081124
0.00738532
0.00632459
0.00514861
0.0047651
0.00588514
0.00703133
0.00786005
0.00829889
0.00829702
0.00778704
0.00666953
0.00478513
0.00206328
0.00206615
0.00222935
0.00235911
0.00246239
0.00253432
0.0025747
0.00258062
0.00254694
0.00246357
0.00232501
0.00223021
0.00238134
0.00248209
0.00252846
0.00253064
0.00249503
0.00242459
0.00231989
0.00218659
0.00202154
0.00290288
0.00326799
0.00350958
0.00366488
0.00372815
0.00374589
0.00374489
0.00373828
0.00372354
0.00369791
0.00373258
0.00375696
0.00375201
0.00375089
0.00374918
0.00372914
0.00366179
0.0035003
0.00325343
0.00288111
0.00326265
0.012062
0.0165446
0.0181103
0.0185748
0.0184138
0.0178507
0.0170321
0.0161106
0.0153935
0.0155657
0.0164718
0.0174186
0.0182062
0.0187145
0.0188042
0.0182533
0.0165894
0.0120176
0.0032289
0.00337822
0.0160423
0.0221868
0.0243231
0.024678
0.0239816
0.0225675
0.0207132
0.0188074
0.0173709
0.0175856
0.0191344
0.021173
0.0230695
0.0244473
0.0250546
0.0245717
0.0222812
0.0160098
0.00333776
0.00336225
0.0168916
0.023227
0.0255265
0.0259025
0.0250816
0.0233892
0.0211103
0.0186727
0.0167156
0.0165423
0.0184915
0.0211643
0.0236251
0.0253983
0.0262156
0.0257646
0.0233314
0.0168701
0.00331706
0.00324413
0.0160824
0.0219087
0.0243412
0.025023
0.0244526
0.0228533
0.020424
0.0175196
0.0148987
0.0144463
0.016943
0.0201019
0.0227754
0.024539
0.025192
0.0245106
0.0219956
0.0160774
0.0031948
0.00308528
0.0137209
0.0189431
0.0217449
0.02294
0.0228338
0.0215649
0.0192613
0.0161849
0.0131287
0.0124536
0.0152919
0.0186236
0.0212089
0.0227046
0.0229723
0.0218629
0.0190508
0.0137113
0.0030359
0.00287849
0.0107584
0.0154967
0.0184605
0.0199885
0.0202285
0.0192793
0.0172487
0.0143556
0.0112803
0.0104445
0.0132665
0.0164293
0.0187655
0.0199753
0.0199376
0.0185438
0.0156182
0.0107973
0.00282716
0.00262411
0.00814122
0.0120704
0.0147228
0.0161752
0.0164889
0.015761
0.0140955
0.0116625
0.00898634
0.00814386
0.0105915
0.0132644
0.0152118
0.016186
0.0160681
0.0147587
0.0121654
0.00818618
0.00257038
0.00238968
0.00591906
0.00852941
0.0101286
0.0109163
0.0109773
0.0104288
0.00934081
0.00778901
0.00606336
0.00544039
0.00703133
0.00873355
0.0100055
0.0107117
0.0107676
0.0100707
0.00852759
0.00591468
0.0023346
0.00220221
0.00240337
0.00253018
0.00262858
0.00269082
0.00272232
0.00271954
0.00267631
0.0025797
0.00241915
0.00230564
0.00248209
0.0026034
0.00266335
0.00267619
0.0026503
0.00258901
0.00248734
0.00235561
0.00215417
0.00286701
0.00321328
0.00343464
0.0036022
0.00368355
0.00371777
0.00373115
0.0037382
0.00374412
0.00375111
0.00376144
0.00376034
0.00375089
0.0037407
0.00372463
0.00368699
0.00360061
0.00342746
0.00319864
0.00284453
0.00320238
0.0113457
0.0158854
0.0178397
0.0186104
0.0187494
0.0184866
0.0179683
0.0173254
0.0167833
0.0168586
0.0175136
0.0182062
0.0187261
0.0189595
0.018771
0.0179355
0.0158948
0.0113026
0.00316875
0.00331641
0.0153636
0.0217944
0.0246223
0.0255475
0.0253564
0.0243842
0.02288
0.0211526
0.0197043
0.0197141
0.0212152
0.0230695
0.0246446
0.0256171
0.0257574
0.0247475
0.0218231
0.0153162
0.00327577
0.00330796
0.016509
0.023437
0.0265719
0.0275948
0.0272779
0.0259416
0.023837
0.021329
0.0191091
0.0187817
0.0209012
0.0236251
0.025926
0.0273679
0.0277093
0.0266521
0.0234534
0.0164592
0.00326211
0.00320535
0.0160401
0.02268
0.0259761
0.0272766
0.0271392
0.0257868
0.0234034
0.020307
0.0173156
0.0166852
0.0194116
0.0227754
0.0254484
0.0270012
0.0272412
0.0259702
0.0226542
0.015994
0.00315485
0.0030789
0.0139622
0.020147
0.0236668
0.0253639
0.0255996
0.0245022
0.0221644
0.018814
0.0152865
0.014382
0.0175419
0.0212089
0.0239043
0.0252783
0.0252267
0.0236254
0.0201258
0.0138984
0.00302974
0.00291806
0.0113897
0.0168727
0.0203871
0.0223212
0.022845
0.0220126
0.0198755
0.0166106
0.0129691
0.0118874
0.015148
0.0187655
0.0213034
0.0224588
0.0221653
0.0203654
0.0168844
0.0113586
0.00286723
0.00272379
0.00893908
0.0134114
0.0164439
0.0182812
0.0188323
0.0181532
0.0163005
0.0134316
0.0101698
0.00908827
0.0120152
0.0152118
0.0174514
0.0184484
0.0181267
0.0164473
0.0134392
0.00893089
0.00267034
0.00251066
0.00662407
0.00958901
0.0114971
0.0126278
0.0127776
0.0121498
0.0108062
0.00886149
0.00670268
0.0059106
0.00786005
0.0100055
0.0116156
0.0124717
0.0124622
0.0114459
0.00957782
0.00660325
0.00245838
0.00226509
0.0025171
0.0026709
0.00275983
0.00279804
0.00281311
0.00279616
0.00274108
0.00263326
0.0024597
0.00233813
0.00252846
0.00266335
0.00273645
0.0027641
0.00275578
0.00271829
0.00262994
0.00247362
0.00221966
0.00282034
0.0031522
0.00336668
0.00352417
0.00362674
0.00368082
0.00371191
0.00373437
0.00375372
0.00376997
0.00377926
0.0037687
0.00374918
0.00372463
0.00369031
0.00363178
0.00352325
0.00335881
0.00313619
0.00279647
0.00312493
0.0104778
0.0147664
0.0172722
0.0183545
0.0187785
0.0188011
0.0185688
0.0181943
0.0178416
0.017859
0.0182876
0.0187145
0.0189595
0.018919
0.0184585
0.0173271
0.0147601
0.0104334
0.00309024
0.00323298
0.0143845
0.0207282
0.0242629
0.02575
0.0260601
0.0255496
0.0244617
0.0230649
0.0218137
0.0216967
0.0229396
0.0244473
0.0256171
0.0261523
0.0258221
0.0242831
0.0207052
0.0143237
0.00319103
0.00322818
0.0157335
0.0227998
0.0266581
0.0283097
0.0285037
0.0275869
0.0258081
0.0234997
0.0213447
0.020946
0.022918
0.0253983
0.0273679
0.0284079
0.0282688
0.026631
0.0227525
0.0156593
0.00318084
0.00314067
0.0154927
0.0224661
0.026375
0.028264
0.0285638
0.0275266
0.0253558
0.0223548
0.0193471
0.0186515
0.0213031
0.024539
0.0270012
0.0282541
0.0280839
0.0262691
0.0223692
0.0153727
0.0030944
0.00304028
0.0137573
0.0203447
0.0242439
0.0263468
0.0268854
0.0260148
0.0238199
0.0204926
0.0168551
0.015874
0.0190566
0.0227046
0.0252783
0.0264456
0.0261085
0.024122
0.0202541
0.0136529
0.00299353
0.0029108
0.0115137
0.0173691
0.0210726
0.0231797
0.0239127
0.0232522
0.0212139
0.017904
0.0140508
0.0128605
0.0162671
0.0199753
0.0224588
0.0234699
0.0229867
0.0209831
0.0173197
0.0114505
0.00286244
0.0027479
0.00926611
0.0140534
0.017212
0.0190346
0.0197425
0.0191998
0.0173899
0.0143901
0.0108408
0.00963068
0.0127877
0.016186
0.0184484
0.0193341
0.018849
0.0171496
0.0140367
0.0092347
0.00269846
0.00254345
0.00697878
0.0101712
0.0121549
0.0131924
0.0135057
0.0130297
0.0116288
0.00946405
0.0070382
0.00614208
0.00829889
0.0107117
0.0124717
0.0132634
0.0130397
0.0120855
0.0101446
0.00695158
0.00249532
0.00227102
0.00255724
0.0027301
0.00282897
0.00287258
0.00286793
0.0028292
0.00275853
0.00263964
0.00245827
0.00233311
0.00253064
0.00267619
0.0027641
0.00281249
0.00282908
0.00279092
0.00269298
0.0025178
0.00222907
0.00275713
0.00307497
0.00328409
0.0034284
0.00354448
0.00362107
0.00367246
0.00371254
0.00374674
0.00377428
0.00378436
0.00376275
0.00372914
0.00368699
0.00363178
0.00354987
0.00342618
0.00327393
0.00305645
0.00273116
0.00302424
0.00947495
0.0133496
0.0161785
0.0176567
0.0183699
0.0186677
0.0187115
0.0185964
0.018434
0.0184343
0.0186483
0.0188042
0.018771
0.0184585
0.0177182
0.0162082
0.0133303
0.00942575
0.00298736
0.00312101
0.013085
0.0189686
0.0228566
0.0250074
0.0258454
0.0258138
0.0251831
0.0241962
0.0232435
0.0230952
0.0239931
0.0250546
0.0257574
0.0258221
0.0249886
0.0228316
0.0189184
0.0130146
0.00307667
0.00311596
0.014511
0.0212184
0.0253907
0.0277296
0.0284795
0.0280513
0.0267211
0.0248205
0.0229893
0.0226048
0.0242068
0.0262156
0.0277093
0.0282688
0.0275986
0.025312
0.0211438
0.0144276
0.00306643
0.00304681
0.0143989
0.0211896
0.0253145
0.027672
0.0284891
0.0278718
0.026075
0.0234408
0.0207664
0.0201152
0.0223965
0.025192
0.0272412
0.0280839
0.0274416
0.0251771
0.0210757
0.0142763
0.00300015
0.00296434
0.0130282
0.0195233
0.0234913
0.0257473
0.026592
0.0260081
0.0241078
0.0210974
0.0177514
0.0168307
0.0196906
0.0229723
0.0252267
0.0261085
0.0254828
0.0233477
0.0194206
0.0129233
0.0029184
0.00285582
0.0111669
0.0169858
0.0206288
0.0226722
0.023409
0.0229442
0.0211582
0.0181183
0.0144581
0.0132981
0.0165019
0.0199376
0.0221653
0.0229867
0.0224346
0.0205124
0.016921
0.0111025
0.00280961
0.00270937
0.00920572
0.0139992
0.0170464
0.0187052
0.0192515
0.0188444
0.0172474
0.0144288
0.0109412
0.00971941
0.0128105
0.0160681
0.0181267
0.018849
0.0184968
0.0169577
0.0139673
0.00917386
0.0026631
0.00251425
0.00706245
0.0102939
0.0122131
0.0131404
0.0133339
0.01295
0.0117108
0.00953391
0.00703711
0.00610639
0.00829702
0.0107676
0.0124622
0.0130397
0.0129721
0.0121297
0.0102601
0.00703793
0.0024699
0.0022355
0.00254608
0.00273212
0.00283748
0.0028846
0.00288254
0.0028287
0.00273775
0.00260691
0.00242083
0.00229457
0.00249503
0.0026503
0.00275578
0.00282908
0.00284346
0.00280217
0.00269833
0.00251059
0.00219734
0.00266937
0.00297195
0.00317842
0.0033194
0.0034241
0.00351296
0.00358596
0.00364469
0.00369448
0.00373396
0.00374525
0.00371118
0.00366179
0.00360061
0.00352325
0.00342618
0.00331371
0.00316458
0.00294993
0.00264058
0.00289088
0.00831177
0.0115678
0.0142106
0.0161574
0.0172729
0.0178649
0.0181896
0.0183249
0.0183505
0.0183544
0.018364
0.0182533
0.0179355
0.0173271
0.0162082
0.0142185
0.011534
0.00825605
0.00285099
0.0029708
0.0114493
0.0164962
0.0202491
0.0228721
0.0243722
0.0248533
0.0247337
0.0242155
0.0236268
0.0234995
0.024016
0.0245717
0.0247475
0.0242831
0.0228316
0.0202047
0.0164349
0.0113747
0.00292345
0.00296266
0.0128264
0.0186892
0.0227422
0.0254401
0.0268494
0.0270149
0.0262609
0.0249296
0.0235984
0.0232852
0.024388
0.0257646
0.0266521
0.026631
0.025312
0.0226594
0.0186173
0.012747
0.00291066
0.00291048
0.0128211
0.0188593
0.0228319
0.0253906
0.0266509
0.02659
0.0253421
0.0233109
0.0212587
0.0207336
0.0224137
0.0245106
0.0259702
0.0262691
0.0251771
0.0227156
0.0187745
0.0127224
0.00286277
0.0028427
0.0118188
0.0176868
0.0213728
0.0235913
0.02457
0.0243583
0.0228939
0.0204549
0.0178101
0.017061
0.0192582
0.0218629
0.0236254
0.024122
0.0233477
0.021252
0.0176128
0.0117399
0.00279718
0.00274495
0.0103749
0.0156834
0.0189373
0.0207454
0.0214095
0.021033
0.0196199
0.0171208
0.0140834
0.013107
0.0157128
0.0185438
0.0203654
0.0209831
0.0205124
0.0188298
0.0156345
0.0103308
0.00270063
0.0026153
0.00876084
0.0131708
0.0158191
0.0171661
0.0175319
0.0170641
0.0157857
0.013426
0.0103942
0.00930299
0.011975
0.0147587
0.0164473
0.0171496
0.0169577
0.0157265
0.0131418
0.00874233
0.00257224
0.00243554
0.0068656
0.00988222
0.0115621
0.0123002
0.0123762
0.0119218
0.0109458
0.00897843
0.00664934
0.00577132
0.00778704
0.0100707
0.0114459
0.0120855
0.0121297
0.0114735
0.00984718
0.00684877
0.00239524
0.00216768
0.00249185
0.00268386
0.0027918
0.00284106
0.00284213
0.00279274
0.00268156
0.00253852
0.00235043
0.00222502
0.00242459
0.00258901
0.00271829
0.00279092
0.00280217
0.00275907
0.00265337
0.00246056
0.00213385
0.00254517
0.00282934
0.00303367
0.00317502
0.00327713
0.00335537
0.00341895
0.0034842
0.00354798
0.00359816
0.00361044
0.00356435
0.0035003
0.00342746
0.00335881
0.00327393
0.00316458
0.00301548
0.00280341
0.00251317
0.00271334
0.00698436
0.00945733
0.0115518
0.0133088
0.0146995
0.0157963
0.0165384
0.0169095
0.0171099
0.0171258
0.0169488
0.0165894
0.0158948
0.0147601
0.0133303
0.011534
0.00941019
0.00692504
0.00267061
0.0027716
0.00949389
0.0133767
0.0164843
0.018957
0.0207452
0.0218739
0.0224073
0.022391
0.0221903
0.0221087
0.0222507
0.0222812
0.0218231
0.0207052
0.0189184
0.0164349
0.0133139
0.00942237
0.00272192
0.00275872
0.0106884
0.0152645
0.0186839
0.0212459
0.0229167
0.0237055
0.0237073
0.0230664
0.0223236
0.0221129
0.0226819
0.0233314
0.0234534
0.0227525
0.0211438
0.0186173
0.0152078
0.0106223
0.00270541
0.00271975
0.0107218
0.0155132
0.0188536
0.0212449
0.0226644
0.0231072
0.0226221
0.0213966
0.0201267
0.0197723
0.0207604
0.0219956
0.0226542
0.0223692
0.0210757
0.0187745
0.0154644
0.0106525
0.00267174
0.00266401
0.0100569
0.0147195
0.017695
0.0196124
0.0206121
0.0206916
0.0198403
0.0182519
0.0165566
0.0160602
0.0173942
0.0190508
0.0201258
0.0202541
0.0194206
0.0176128
0.0146826
0.0100109
0.00261912
0.0025791
0.00902065
0.0132304
0.0157158
0.0171122
0.0176761
0.0174557
0.0164382
0.014699
0.0126326
0.0119824
0.0136479
0.0156182
0.0168844
0.0173197
0.016921
0.0156345
0.0132052
0.00900216
0.00253693
0.00246664
0.00778915
0.0112892
0.0132236
0.0141469
0.0143606
0.0139596
0.0129251
0.0112221
0.00903667
0.00824809
0.0101139
0.0121654
0.0134392
0.0140367
0.0139673
0.0131418
0.0112675
0.00778572
0.0024274
0.00230892
0.00625303
0.0086938
0.00993129
0.0104132
0.0103979
0.00997951
0.00913259
0.00764996
0.00579086
0.00508423
0.00666953
0.00852759
0.00957782
0.0101446
0.0102601
0.00984718
0.00865921
0.00624298
0.00227354
0.00207022
0.00238952
0.00257679
0.00268298
0.00273432
0.00274093
0.00270013
0.00259508
0.00243626
0.00224893
0.0021262
0.00231989
0.00248734
0.00262994
0.00269298
0.00269833
0.00265337
0.00255012
0.00236306
0.00204173
0.00236411
0.00262506
0.00282473
0.00296453
0.00306484
0.003139
0.00319681
0.00324709
0.0032907
0.0033233
0.00332983
0.00329813
0.00325343
0.00319864
0.00313619
0.00305645
0.00294993
0.00280341
0.00259685
0.00233017
0.00247283
0.00541705
0.00697577
0.00829397
0.00944397
0.010427
0.0112696
0.0119736
0.0125238
0.0129462
0.0130003
0.0125855
0.0120176
0.0113026
0.0104334
0.00942575
0.00825605
0.00692504
0.00536304
0.00243062
0.00250741
0.00709023
0.00948118
0.0114291
0.0130626
0.0143636
0.0153483
0.016043
0.0164677
0.0166958
0.0166923
0.0164484
0.0160098
0.0153162
0.0143237
0.0130146
0.0113747
0.00942237
0.00703054
0.00246033
0.00249125
0.00789253
0.0106698
0.0128029
0.0145016
0.0157554
0.0165735
0.0170011
0.0171225
0.0170793
0.017016
0.0170067
0.0168701
0.0164592
0.0156593
0.0144276
0.012747
0.0106223
0.0078428
0.00244261
0.00245873
0.00781383
0.0106847
0.0127754
0.0143803
0.015537
0.0161715
0.0162874
0.0161142
0.0157917
0.0156299
0.0159022
0.0160774
0.015994
0.0153727
0.0142763
0.0127224
0.0106525
0.00777371
0.00241466
0.00240532
0.00734135
0.0100298
0.0117866
0.013035
0.0138552
0.0141826
0.0140553
0.0136242
0.0129719
0.0127644
0.0132613
0.0137113
0.0138984
0.0136529
0.0129233
0.0117399
0.0100109
0.00731909
0.00236442
0.00233938
0.00665723
0.00901708
0.0103791
0.011215
0.0116583
0.0116859
0.0112575
0.0104721
0.00951608
0.00923335
0.00984788
0.0107973
0.0113586
0.0114505
0.0111025
0.0103308
0.00900216
0.00664977
0.00230202
0.00225283
0.00586284
0.00780673
0.00879947
0.00928808
0.0094367
0.00925435
0.0086834
0.00765736
0.00652369
0.00617305
0.00698728
0.00818618
0.00893089
0.0092347
0.00917386
0.00874233
0.00778572
0.00585928
0.00221956
0.00212912
0.00487393
0.00627708
0.00691363
0.00714423
0.00712144
0.00687314
0.00634652
0.0054222
0.00431055
0.00391237
0.00478513
0.00591468
0.00660325
0.00695158
0.00703793
0.00684877
0.00624298
0.00486124
0.00210071
0.00194239
0.00221795
0.00238437
0.00248535
0.00254186
0.00256024
0.00253637
0.00245367
0.0022939
0.00211672
0.00200006
0.00218659
0.00235561
0.00247362
0.0025178
0.00251059
0.00246056
0.00236306
0.00219777
0.00192132
0.00212621
0.00235323
0.00253211
0.00265525
0.00274156
0.00280288
0.00284751
0.0028814
0.00290694
0.00292293
0.0029241
0.00290766
0.00288111
0.00284453
0.00279647
0.00273116
0.00264058
0.00251317
0.00233017
0.00209848
0.00215735
0.00245839
0.00269563
0.00287324
0.00300656
0.00310612
0.0031812
0.00323812
0.00327979
0.00330731
0.00330599
0.00327416
0.0032289
0.00316875
0.00309024
0.00298736
0.00285099
0.00267061
0.00243062
0.00212662
0.00216058
0.00249008
0.00274976
0.00295015
0.00310201
0.00321436
0.00329637
0.00335482
0.00339341
0.00341547
0.00341047
0.0033814
0.00333776
0.00327577
0.00319103
0.00307667
0.00292345
0.00272192
0.00246033
0.00212827
0.00214401
0.00247193
0.00273307
0.00293862
0.00309495
0.00320908
0.00328866
0.00334015
0.00336904
0.00338178
0.00337372
0.00335194
0.00331706
0.00326211
0.00318084
0.00306643
0.00291066
0.00270541
0.00244261
0.00211167
0.00211181
0.00244171
0.00269843
0.00289014
0.00302861
0.00312374
0.00318718
0.00322428
0.00323733
0.00323567
0.00322203
0.0032143
0.0031948
0.00315485
0.0030944
0.00300015
0.00286277
0.00267174
0.00241466
0.0020806
0.00207931
0.00238919
0.00264169
0.00282322
0.00294708
0.00302528
0.0030652
0.00307201
0.00304976
0.00300747
0.00298479
0.00301632
0.0030359
0.00302974
0.00299353
0.0029184
0.00279718
0.00261912
0.00236442
0.00205032
0.00204149
0.00232366
0.00255685
0.0027247
0.00283762
0.00289862
0.00291208
0.00288004
0.00280689
0.00271015
0.00266781
0.00274914
0.00282716
0.00286723
0.00286244
0.00280961
0.00270063
0.00253693
0.00230202
0.00201505
0.00198943
0.00223785
0.0024449
0.00259413
0.00269147
0.00273809
0.00272997
0.0026508
0.00250474
0.00231903
0.00219752
0.00240838
0.00257038
0.00267034
0.00269846
0.0026631
0.00257224
0.0024274
0.00221956
0.00196635
0.00190855
0.00211541
0.00228874
0.00241508
0.00249741
0.00253522
0.00252133
0.00243425
0.00224221
0.00191939
0.00184384
0.00206328
0.0023346
0.00245838
0.00249532
0.0024699
0.00239524
0.00227354
0.00210071
0.00189033
0.0017877
0.00193115
0.00205342
0.00214973
0.00221965
0.00226082
0.00226739
0.00222636
0.00212048
0.00196126
0.0018449
0.00202154
0.00215417
0.00221966
0.00222907
0.00219734
0.00213385
0.00204173
0.00192132
0.00177739
)
;

boundaryField
{
    floor
    {
        type            nutkWallFunction;
        Cmu             0.09;
        kappa           0.41;
        E               9.8;
        value           nonuniform List<scalar> 
400
(
0.000272897
0.000300364
0.000321491
0.000335992
0.000346198
0.000353505
0.000358873
0.00036298
0.000366132
0.000368133
0.000368121
0.000366036
0.000362716
0.000358279
0.0003525
0.000344726
0.000334026
0.000319018
0.000297367
0.00026925
0.000300364
0.000331731
0.0003551
0.000371319
0.000382945
0.000391573
0.000398346
0.000404237
0.000409466
0.000413449
0.000413972
0.000410046
0.000404657
0.000398292
0.000390979
0.000381726
0.000369419
0.000352466
0.000328312
0.000296105
0.000321491
0.0003551
0.000378741
0.00039494
0.000406602
0.000415542
0.00042288
0.000430297
0.000437783
0.000443787
0.000444892
0.000439258
0.000431676
0.000423549
0.000415591
0.000405916
0.000393464
0.00037642
0.000351895
0.000317406
0.000335992
0.000371319
0.00039494
0.000410898
0.000422683
0.000432624
0.000441033
0.000447803
0.000453591
0.000458304
0.000459496
0.000455366
0.000449562
0.000442392
0.000433328
0.000422534
0.000409902
0.000393051
0.00036849
0.000332222
0.000346198
0.000382945
0.000406602
0.000422683
0.000435532
0.000444302
0.000450139
0.000454676
0.000458592
0.000461877
0.000463198
0.000460652
0.00045673
0.000451795
0.000445313
0.000435719
0.000422039
0.00040508
0.000380455
0.00034271
0.000353505
0.000391573
0.000415542
0.000432624
0.000444302
0.000450377
0.000453757
0.000456115
0.000458133
0.000459921
0.000461588
0.000460644
0.000458454
0.000455609
0.000451574
0.000444701
0.000432078
0.00041425
0.000389326
0.000350227
0.000358873
0.000398346
0.00042288
0.000441033
0.000450139
0.000453757
0.000454846
0.000455049
0.000454916
0.000454754
0.000457405
0.000458559
0.000457873
0.000456885
0.000455064
0.000450658
0.000440627
0.000421712
0.000396235
0.000355731
0.00036298
0.000404237
0.000430297
0.000447803
0.000454676
0.000456115
0.000455049
0.000452801
0.000448351
0.000437686
0.000447231
0.000455761
0.00045681
0.000457417
0.000457523
0.00045526
0.000447461
0.000428879
0.000402103
0.000359901
0.000366132
0.000409466
0.000437783
0.000453591
0.000458592
0.000458133
0.000454916
0.000448351
0.000424549
0.000402819
0.000415946
0.000447491
0.000455661
0.000457971
0.00045969
0.000459211
0.000453244
0.000436326
0.000407331
0.000363085
0.000368133
0.000413449
0.000443787
0.000458304
0.000461877
0.000459921
0.000454754
0.000437686
0.000402819
0.000407858
0.000425191
0.000429595
0.000453704
0.000458677
0.000461617
0.000462477
0.000457876
0.000442198
0.000411228
0.00036507
0.000368121
0.000413972
0.000444892
0.000459496
0.000463198
0.000461588
0.000457405
0.000447231
0.000415946
0.000425191
0.000440579
0.000443431
0.000456535
0.00045988
0.000462687
0.000463586
0.000459061
0.000443431
0.000411834
0.000365101
0.000366036
0.000410046
0.000439258
0.000455366
0.000460652
0.000460644
0.000458559
0.000455761
0.000447491
0.000429595
0.000443431
0.000456936
0.000458637
0.000459881
0.000461476
0.000461023
0.000455046
0.000438025
0.000408022
0.000363043
0.000362716
0.000404657
0.000431676
0.000449562
0.00045673
0.000458454
0.000457873
0.00045681
0.000455661
0.000453704
0.000456535
0.000458637
0.000458634
0.000459142
0.000459349
0.000457156
0.000449316
0.000430567
0.000402671
0.000359737
0.000358279
0.000398292
0.000423549
0.000442392
0.000451795
0.000455609
0.000456885
0.000457417
0.000457971
0.000458677
0.00045988
0.000459881
0.000459142
0.000458303
0.000456632
0.000452286
0.000442183
0.000422509
0.000396277
0.000355263
0.0003525
0.000390979
0.000415591
0.000433328
0.000445313
0.000451574
0.000455064
0.000457523
0.00045969
0.000461617
0.000462687
0.000461476
0.000459349
0.000456632
0.000452695
0.000445835
0.000433106
0.000414443
0.000388832
0.000349384
0.000344726
0.000381726
0.000405916
0.000422534
0.000435719
0.000444701
0.000450658
0.00045526
0.000459211
0.000462477
0.000463586
0.000461023
0.000457156
0.000452286
0.000445835
0.000436199
0.000422067
0.000404505
0.000379338
0.000341443
0.000334026
0.000369419
0.000393464
0.000409902
0.000422039
0.000432078
0.000440627
0.000447461
0.000453244
0.000457876
0.000459061
0.000455046
0.000449316
0.000442183
0.000433106
0.000422067
0.000409024
0.000391666
0.000366701
0.000330515
0.000319018
0.000352466
0.00037642
0.000393051
0.00040508
0.00041425
0.000421712
0.000428879
0.000436326
0.000442198
0.000443431
0.000438025
0.000430567
0.000422509
0.000414443
0.000404505
0.000391666
0.00037419
0.000349399
0.000315267
0.000297367
0.000328312
0.000351895
0.00036849
0.000380455
0.000389326
0.000396235
0.000402103
0.000407331
0.000411228
0.000411834
0.000408021
0.000402671
0.000396277
0.000388832
0.000379338
0.000366701
0.000349399
0.000325106
0.000293564
0.00026925
0.000296105
0.000317406
0.000332222
0.00034271
0.000350227
0.000355731
0.000359901
0.000363085
0.00036507
0.000365101
0.000363043
0.000359737
0.000355263
0.000349384
0.000341443
0.000330515
0.000315267
0.000293564
0.000266265
)
;
    }
    ceiling
    {
        type            nutkWallFunction;
        Cmu             0.09;
        kappa           0.41;
        E               9.8;
        value           nonuniform List<scalar> 
400
(
0.000235278
0.000252987
0.000267699
0.000279034
0.000287116
0.00029174
0.000292205
0.000287019
0.000273811
0.000253476
0.000242598
0.000264422
0.000280786
0.000288159
0.000289065
0.00028525
0.000277703
0.000266694
0.000252092
0.000234171
0.000252987
0.000286944
0.000307
0.000318921
0.000325373
0.000327157
0.000323758
0.000313172
0.00029349
0.000271582
0.000260735
0.000283821
0.000304637
0.00031847
0.000323726
0.000322993
0.000317178
0.000305614
0.00028563
0.000251209
0.000267699
0.000307
0.000329579
0.000342139
0.000347978
0.000348325
0.000342825
0.000329396
0.00030995
0.000287015
0.000275621
0.000299595
0.000319911
0.000337023
0.000344604
0.00034542
0.000340241
0.000327991
0.000305349
0.000265383
0.000279034
0.000318921
0.000342139
0.000354965
0.000360589
0.000360293
0.000353766
0.000339836
0.000322095
0.000299
0.000287403
0.000312172
0.000331992
0.000347776
0.00035649
0.000357991
0.000352998
0.00034039
0.000316963
0.000276339
0.000287116
0.000325373
0.000347978
0.000360589
0.000366028
0.000365412
0.000358399
0.000346794
0.000330425
0.000307465
0.000295831
0.000320871
0.000339548
0.000352461
0.000361653
0.000363463
0.000358602
0.000346105
0.000323165
0.00028416
0.00029174
0.000327157
0.000348325
0.000360293
0.000365412
0.000364554
0.000359042
0.000349799
0.000334783
0.000312226
0.00030072
0.000325705
0.000343297
0.000354245
0.000360958
0.000362963
0.000358363
0.000346418
0.000324817
0.000288645
0.000292205
0.000323758
0.000342825
0.000353766
0.000358399
0.000359042
0.000356102
0.000348682
0.000334874
0.000312956
0.000301771
0.000326402
0.00034289
0.000352094
0.000356171
0.000356219
0.000352056
0.000341077
0.000321511
0.00028917
0.000287019
0.000313172
0.000329396
0.000339836
0.000346794
0.000349799
0.000348682
0.000342668
0.000329954
0.000308921
0.000298498
0.000322421
0.000337674
0.000345384
0.000347561
0.000345192
0.000338562
0.00032815
0.000311386
0.000284328
0.000273811
0.00029349
0.00030995
0.000322095
0.000330425
0.000334783
0.000334874
0.000329954
0.00031825
0.000298213
0.00029003
0.000312581
0.000326154
0.000332448
0.000333262
0.000329461
0.000321375
0.000309144
0.000292188
0.000271956
0.000253476
0.000271582
0.000287015
0.000299
0.000307465
0.000312226
0.000312956
0.000308921
0.000298213
0.000278375
0.000276967
0.000296125
0.000306982
0.000311681
0.00031155
0.000307203
0.000298913
0.000286818
0.000270971
0.000252482
0.000242598
0.000260735
0.000275621
0.000287403
0.000295831
0.00030072
0.000301771
0.000298498
0.00029003
0.000276967
0.000272845
0.000286342
0.000294693
0.000298217
0.000297501
0.000292913
0.000284653
0.000272848
0.000257683
0.000239178
0.000264422
0.000283821
0.000299595
0.000312172
0.000320871
0.000325705
0.000326402
0.000322421
0.000312581
0.000296125
0.000286342
0.00030433
0.000315837
0.00032103
0.00032113
0.0003168
0.000308305
0.000295664
0.000279517
0.000259815
0.000280786
0.000304637
0.000319911
0.000331992
0.000339548
0.000343297
0.00034289
0.000337674
0.000326154
0.000306982
0.000294693
0.000315837
0.000329956
0.000336926
0.000338418
0.000335324
0.000327958
0.000315739
0.000299888
0.000276008
0.000288159
0.00031847
0.000337023
0.000347776
0.000352461
0.000354245
0.000352094
0.000345384
0.000332448
0.000311681
0.000298217
0.00032103
0.000336926
0.000345609
0.000348974
0.000348037
0.000343504
0.000332903
0.000314164
0.000283677
0.000289065
0.000323726
0.000344604
0.00035649
0.000361653
0.000360958
0.000356171
0.000347561
0.000333262
0.00031155
0.000297501
0.00032113
0.000338418
0.000348974
0.000354895
0.000356987
0.000352525
0.000340855
0.000319836
0.00028497
0.00028525
0.000322993
0.00034542
0.000357991
0.000363463
0.000362963
0.000356219
0.000345192
0.000329461
0.000307203
0.000292913
0.0003168
0.000335324
0.000348037
0.000356987
0.00035896
0.000354258
0.000341996
0.000319529
0.000281593
0.000277703
0.000317178
0.000340241
0.000352998
0.000358602
0.000358363
0.000352056
0.000338562
0.000321375
0.000298913
0.000284653
0.000308305
0.000327958
0.000343504
0.000352525
0.000354258
0.000349479
0.000337136
0.000314164
0.000274542
0.000266694
0.000305614
0.000327991
0.00034039
0.000346105
0.000346418
0.000341077
0.00032815
0.000309144
0.000286818
0.000272848
0.000295664
0.000315739
0.000332903
0.000340855
0.000341996
0.000337136
0.000325237
0.000303091
0.00026412
0.000252092
0.00028563
0.000305349
0.000316963
0.000323165
0.000324817
0.000321511
0.000311386
0.000292188
0.000270971
0.000257683
0.000279517
0.000299888
0.000314164
0.000319836
0.000319529
0.000314164
0.000303091
0.0002837
0.000250258
0.000234171
0.000251209
0.000265383
0.000276339
0.00028416
0.000288645
0.00028917
0.000284328
0.000271956
0.000252482
0.000239178
0.000259815
0.000276008
0.000283677
0.00028497
0.000281593
0.000274542
0.00026412
0.000250258
0.000233302
)
;
    }
    fixedWalls
    {
        type            nutkWallFunction;
        Cmu             0.09;
        kappa           0.41;
        E               9.8;
        value           nonuniform List<scalar> 
800
(
0.000272928
0.000277069
0.00027788
0.000276333
0.000272866
0.000269258
0.000265033
0.000259123
0.000249739
0.000235297
0.000300401
0.000313585
0.000317976
0.000316436
0.00031313
0.000307268
0.00029983
0.000289878
0.000275353
0.000253009
0.000321533
0.000341324
0.000348175
0.000346772
0.000342844
0.000336743
0.000327241
0.000314398
0.00029603
0.000267723
0.000336038
0.000361849
0.000371087
0.000370155
0.000364662
0.000357243
0.000346298
0.000331493
0.000310667
0.000279061
0.000346246
0.000377273
0.000388454
0.000387942
0.000380488
0.000371437
0.000359242
0.000342624
0.00032007
0.000287144
0.000353555
0.000388905
0.000401459
0.000401131
0.000391642
0.000380729
0.000366503
0.000348097
0.000324338
0.000291769
0.000358923
0.000397836
0.000411187
0.000410648
0.000399628
0.000386101
0.000368874
0.0003477
0.000322735
0.000292235
0.000363032
0.000404788
0.000418396
0.000417221
0.000404854
0.000388079
0.000366592
0.000340013
0.000313049
0.000287048
0.000366185
0.000410026
0.000423412
0.000421347
0.000407568
0.000387042
0.000360048
0.000325351
0.000291276
0.000273837
0.000368186
0.000413628
0.000426507
0.000423584
0.000408636
0.000383775
0.000350839
0.000306978
0.00025602
0.000253498
0.000368173
0.000413388
0.000426049
0.000422987
0.000407747
0.000382194
0.000347761
0.000298544
0.000248101
0.000242619
0.000366088
0.000409386
0.000422382
0.000420075
0.000406022
0.000384828
0.000355858
0.000318073
0.000277114
0.000264447
0.000362767
0.000403792
0.000416916
0.000415438
0.000402745
0.000385547
0.000362777
0.000333975
0.000305056
0.000280813
0.000358329
0.000396477
0.000409337
0.000408517
0.000397235
0.000383509
0.000365574
0.000343189
0.000317685
0.000288188
0.000352548
0.000387152
0.000399278
0.000398757
0.000389309
0.000378295
0.000363759
0.000345038
0.000321132
0.000289093
0.000344772
0.000375123
0.000385991
0.000385421
0.000378101
0.000369132
0.00035703
0.000340395
0.000317873
0.000285278
0.00033407
0.000359324
0.000368391
0.000367546
0.000362236
0.000355031
0.000344368
0.000329773
0.000309102
0.000277729
0.000319059
0.000338446
0.000345259
0.000344045
0.000340363
0.00033465
0.00032548
0.000312934
0.000294795
0.000266718
0.000297403
0.000310352
0.000314769
0.00031341
0.000310452
0.000305085
0.000297982
0.000288331
0.000274086
0.000252113
0.00026928
0.000273397
0.000274245
0.000272815
0.00026957
0.000266182
0.00026222
0.000256648
0.000247751
0.00023419
0.00026928
0.000273397
0.000274245
0.000272815
0.00026957
0.000266182
0.00026222
0.000256648
0.000247751
0.00023419
0.00029614
0.000308944
0.000313272
0.000311913
0.000309
0.000303529
0.000296483
0.000286946
0.000272889
0.00025123
0.000317446
0.000336579
0.00034317
0.000341774
0.000338378
0.000332531
0.000323419
0.000310998
0.000293097
0.000265406
0.000332265
0.000357356
0.000366272
0.000365249
0.00036025
0.000353151
0.00034243
0.000327898
0.000307442
0.000276364
0.000342755
0.000373065
0.000383923
0.000383281
0.000376227
0.000367414
0.000355334
0.000338911
0.000316663
0.000284187
0.000350274
0.000384896
0.000397141
0.000396677
0.000387476
0.000376755
0.000362683
0.000344426
0.000320906
0.000288673
0.000355779
0.000393898
0.00040695
0.000406284
0.000395232
0.000382048
0.000365087
0.000344236
0.000319536
0.000289199
0.00035995
0.0004008
0.000414101
0.000412806
0.000400414
0.000383994
0.000362927
0.000336995
0.000310494
0.000284355
0.000363135
0.000405875
0.000418955
0.000416789
0.000403021
0.000382908
0.000356565
0.000323111
0.000290497
0.000271982
0.000365119
0.000409248
0.000421839
0.000418835
0.00040393
0.000379595
0.000347516
0.000305485
0.000256678
0.000252504
0.000365151
0.000409065
0.000421341
0.000418084
0.000402753
0.000377522
0.00034362
0.000295442
0.000246801
0.000239198
0.000363091
0.000405262
0.000417774
0.000415146
0.000400867
0.000379737
0.000350869
0.00031341
0.000272093
0.000259838
0.000359785
0.00039981
0.000412399
0.000410531
0.000397522
0.000380408
0.00035756
0.000328661
0.00029965
0.000276034
0.00035531
0.000392542
0.000404843
0.000403601
0.000392045
0.000378454
0.000360423
0.000337876
0.000312505
0.000283704
0.00034943
0.000383147
0.000394697
0.000393747
0.000384468
0.000373472
0.000358847
0.000340076
0.00031635
0.000284997
0.000341487
0.00037094
0.000381218
0.000380252
0.00037326
0.000364419
0.000352351
0.000335773
0.000313511
0.000281619
0.000330557
0.000354892
0.000363379
0.000362212
0.000357365
0.000350427
0.000339916
0.000325524
0.000305207
0.000274567
0.000315306
0.000333811
0.000340116
0.000338713
0.000335565
0.000330222
0.000321357
0.000309155
0.000291457
0.000264143
0.000293598
0.0003059
0.000310022
0.000308696
0.000306159
0.000301057
0.00029437
0.000285173
0.000271454
0.000250279
0.000266293
0.000270145
0.000270893
0.000269527
0.00026648
0.000263329
0.000259644
0.000254433
0.000246045
0.00023332
0.000272928
0.000277069
0.00027788
0.000276333
0.000272866
0.000269258
0.000265033
0.000259123
0.000249739
0.000235297
0.000300401
0.000313585
0.000317976
0.000316436
0.00031313
0.000307268
0.00029983
0.000289878
0.000275353
0.000253009
0.000321533
0.000341324
0.000348175
0.000346772
0.000342844
0.000336743
0.00032724
0.000314398
0.00029603
0.000267723
0.000336038
0.000361849
0.000371087
0.000370155
0.000364662
0.000357243
0.000346298
0.000331493
0.000310667
0.000279061
0.000346246
0.000377273
0.000388454
0.000387942
0.000380488
0.000371437
0.000359242
0.000342624
0.00032007
0.000287144
0.000353555
0.000388905
0.000401459
0.000401131
0.000391642
0.000380729
0.000366503
0.000348097
0.000324338
0.000291769
0.000358923
0.000397836
0.000411187
0.000410648
0.000399628
0.000386101
0.000368874
0.0003477
0.000322735
0.000292235
0.000363032
0.000404788
0.000418396
0.000417221
0.000404854
0.000388079
0.000366592
0.000340013
0.000313049
0.000287048
0.000366185
0.000410026
0.000423412
0.000421347
0.000407568
0.000387042
0.000360048
0.000325351
0.000291276
0.000273837
0.000368186
0.000413628
0.000426507
0.000423584
0.000408636
0.000383775
0.000350839
0.000306978
0.00025602
0.000253498
0.000368173
0.000413388
0.000426049
0.000422987
0.000407747
0.000382194
0.000347761
0.000298544
0.000248101
0.000242619
0.000366088
0.000409386
0.000422382
0.000420075
0.000406022
0.000384828
0.000355858
0.000318073
0.000277114
0.000264447
0.000362767
0.000403792
0.000416916
0.000415438
0.000402745
0.000385547
0.000362777
0.000333975
0.000305056
0.000280813
0.000358329
0.000396477
0.000409337
0.000408517
0.000397235
0.000383509
0.000365574
0.000343189
0.000317685
0.000288188
0.000352548
0.000387152
0.000399278
0.000398757
0.000389309
0.000378295
0.000363759
0.000345038
0.000321132
0.000289093
0.000344772
0.000375123
0.000385991
0.000385421
0.000378101
0.000369132
0.00035703
0.000340395
0.000317873
0.000285278
0.00033407
0.000359324
0.000368391
0.000367546
0.000362236
0.000355031
0.000344368
0.000329773
0.000309102
0.000277729
0.000319059
0.000338446
0.000345259
0.000344045
0.000340363
0.00033465
0.00032548
0.000312934
0.000294795
0.000266718
0.000297403
0.000310352
0.000314769
0.00031341
0.000310452
0.000305085
0.000297982
0.000288331
0.000274086
0.000252113
0.00026928
0.000273397
0.000274245
0.000272815
0.00026957
0.000266182
0.00026222
0.000256648
0.000247751
0.00023419
0.00026928
0.000273397
0.000274245
0.000272815
0.00026957
0.000266182
0.00026222
0.000256648
0.000247751
0.00023419
0.00029614
0.000308944
0.000313272
0.000311913
0.000309
0.000303529
0.000296483
0.000286946
0.000272889
0.00025123
0.000317446
0.000336579
0.00034317
0.000341774
0.000338378
0.000332531
0.000323419
0.000310998
0.000293097
0.000265406
0.000332265
0.000357356
0.000366272
0.000365249
0.00036025
0.000353151
0.00034243
0.000327898
0.000307442
0.000276364
0.000342755
0.000373065
0.000383923
0.000383281
0.000376227
0.000367414
0.000355334
0.000338911
0.000316663
0.000284187
0.000350274
0.000384896
0.000397141
0.000396677
0.000387476
0.000376755
0.000362683
0.000344426
0.000320906
0.000288673
0.000355779
0.000393898
0.00040695
0.000406284
0.000395232
0.000382048
0.000365087
0.000344236
0.000319536
0.000289199
0.00035995
0.0004008
0.000414101
0.000412806
0.000400414
0.000383994
0.000362927
0.000336995
0.000310494
0.000284355
0.000363135
0.000405875
0.000418955
0.000416789
0.000403021
0.000382908
0.000356565
0.000323111
0.000290497
0.000271982
0.000365119
0.000409248
0.000421839
0.000418835
0.00040393
0.000379595
0.000347516
0.000305485
0.000256678
0.000252504
0.000365151
0.000409065
0.000421341
0.000418084
0.000402753
0.000377522
0.00034362
0.000295442
0.000246801
0.000239198
0.000363091
0.000405262
0.000417774
0.000415146
0.000400867
0.000379737
0.000350869
0.00031341
0.000272093
0.000259838
0.000359785
0.00039981
0.000412399
0.000410531
0.000397522
0.000380408
0.00035756
0.000328661
0.00029965
0.000276034
0.00035531
0.000392542
0.000404843
0.000403601
0.000392045
0.000378454
0.000360423
0.000337876
0.000312505
0.000283704
0.00034943
0.000383147
0.000394697
0.000393747
0.000384468
0.000373472
0.000358847
0.000340076
0.00031635
0.000284997
0.000341487
0.00037094
0.000381218
0.000380252
0.00037326
0.000364419
0.000352351
0.000335773
0.000313511
0.000281619
0.000330557
0.000354892
0.000363379
0.000362212
0.000357365
0.000350427
0.000339916
0.000325524
0.000305207
0.000274567
0.000315306
0.000333811
0.000340116
0.000338713
0.000335565
0.000330222
0.000321357
0.000309155
0.000291457
0.000264143
0.000293598
0.0003059
0.000310022
0.000308696
0.000306159
0.000301057
0.00029437
0.000285173
0.000271454
0.000250279
0.000266293
0.000270145
0.000270893
0.000269527
0.00026648
0.000263329
0.000259644
0.000254433
0.000246045
0.00023332
)
;
    }
}


// ************************************************************************* //
