/*--------------------------------*- C++ -*----------------------------------*\
  =========                 |
  \\      /  F ield         | OpenFOAM: The Open Source CFD Toolbox
   \\    /   O peration     | Website:  https://openfoam.org
    \\  /    A nd           | Version:  dev
     \\/     M anipulation  |
\*---------------------------------------------------------------------------*/
FoamFile
{
    version     2.0;
    format      ascii;
    class       volScalarField;
    location    "50";
    object      p_rgh;
}
// * * * * * * * * * * * * * * * * * * * * * * * * * * * * * * * * * * * * * //

dimensions      [1 -1 -2 0 0 0 0];

internalField   nonuniform List<scalar> 
4000
(
100186
100186
100186
100186
100186
100186
100186
100186
100186
100186
100186
100186
100186
100186
100186
100186
100186
100186
100186
100186
100186
100186
100186
100186
100186
100186
100186
100186
100186
100186
100186
100186
100186
100186
100186
100186
100186
100186
100186
100186
100186
100186
100186
100186
100186
100186
100186
100186
100186
100186
100186
100186
100186
100186
100186
100186
100186
100186
100186
100186
100186
100186
100186
100186
100186
100186
100186
100186
100186
100186
100186
100186
100186
100186
100186
100186
100186
100186
100186
100186
100186
100186
100186
100186
100186
100186
100186
100186
100186
100186
100186
100186
100186
100186
100186
100186
100186
100186
100186
100186
100186
100186
100186
100186
100186
100186
100186
100186
100186
100186
100186
100186
100186
100186
100186
100186
100186
100186
100186
100186
100186
100186
100186
100186
100186
100186
100186
100186
100186
100186
100186
100186
100186
100186
100186
100186
100186
100186
100186
100186
100186
100186
100186
100186
100186
100186
100186
100186
100186
100186
100186
100186
100186
100186
100186
100186
100186
100186
100186
100186
100186
100186
100186
100186
100186
100186
100186
100186
100186
100186
100186
100186
100186
100186
100186
100186
100186
100186
100186
100186
100186
100186
100186
100186
100186
100186
100186
100186
100186
100186
100186
100186
100186
100186
100186
100186
100186
100186
100186
100186
100186
100186
100186
100186
100186
100186
100186
100186
100186
100186
100186
100186
100186
100186
100186
100186
100186
100186
100186
100186
100186
100186
100186
100186
100186
100186
100186
100186
100186
100186
100186
100186
100186
100186
100186
100186
100186
100186
100186
100186
100186
100186
100186
100186
100186
100186
100186
100186
100186
100186
100186
100186
100186
100186
100186
100186
100186
100186
100186
100186
100186
100186
100186
100186
100186
100186
100186
100186
100186
100186
100186
100186
100186
100186
100186
100186
100186
100186
100186
100186
100186
100186
100186
100186
100186
100186
100186
100186
100186
100186
100186
100186
100186
100186
100186
100186
100186
100186
100186
100186
100186
100186
100186
100186
100186
100186
100186
100186
100186
100186
100186
100186
100186
100186
100186
100186
100186
100186
100186
100186
100186
100186
100186
100186
100186
100186
100186
100186
100186
100186
100186
100186
100186
100186
100186
100186
100186
100186
100186
100186
100186
100186
100186
100186
100186
100186
100186
100186
100186
100186
100186
100186
100186
100186
100186
100186
100186
100186
100186
100186
100186
100186
100186
100186
100186
100186
100186
100186
100186
100186
100186
100186
100186
100186
100186
100186
100186
100186
100186
100186
100186
100186
100186
100186
100186
100186
100186
100186
100186
100186
100186
100186
100186
100186
100186
100186
100186
100186
100186
100186
100186
100186
100186
100186
100186
100186
100186
100186
100186
100186
100186
100186
100186
100186
100186
100186
100186
100186
100186
100186
100186
100186
100186
100186
100186
100186
100186
100186
100186
100186
100186
100186
100186
100186
100186
100186
100186
100186
100186
100186
100186
100186
100186
100186
100186
100186
100186
100186
100186
100186
100186
100186
100186
100186
100186
100186
100186
100186
100186
100186
100186
100186
100186
100186
100186
100186
100186
100186
100186
100186
100186
100186
100186
100186
100186
100186
100186
100186
100186
100186
100186
100186
100186
100186
100186
100186
100186
100186
100186
100186
100186
100186
100186
100186
100186
100186
100186
100186
100186
100186
100186
100186
100186
100186
100186
100186
100186
100186
100186
100186
100186
100186
100186
100186
100186
100186
100186
100186
100186
100186
100186
100186
100186
100186
100186
100186
100186
100186
100186
100186
100186
100186
100186
100186
100186
100186
100186
100186
100186
100186
100186
100186
100186
100186
100186
100186
100186
100186
100186
100186
100186
100186
100186
100186
100186
100186
100186
100186
100186
100186
100186
100186
100186
100186
100186
100186
100186
100186
100186
100186
100186
100186
100186
100186
100186
100186
100186
100186
100186
100186
100186
100186
100186
100186
100186
100186
100186
100186
100186
100186
100186
100186
100186
100186
100186
100186
100186
100186
100186
100186
100186
100186
100186
100186
100186
100186
100186
100186
100186
100186
100186
100186
100186
100186
100186
100186
100186
100186
100186
100186
100186
100186
100186
100186
100186
100186
100186
100186
100186
100186
100186
100186
100186
100186
100186
100186
100186
100186
100186
100186
100186
100186
100186
100186
100186
100186
100186
100186
100186
100186
100186
100186
100186
100186
100186
100186
100186
100186
100186
100186
100186
100186
100186
100186
100186
100186
100186
100186
100186
100186
100186
100186
100186
100186
100186
100186
100186
100186
100186
100186
100186
100186
100186
100186
100186
100186
100186
100186
100186
100186
100186
100186
100186
100186
100186
100186
100186
100186
100186
100186
100186
100186
100186
100186
100186
100186
100186
100186
100186
100186
100186
100186
100186
100186
100186
100186
100186
100186
100186
100186
100186
100186
100186
100186
100186
100186
100186
100186
100186
100186
100186
100186
100186
100186
100186
100186
100186
100186
100186
100186
100186
100186
100186
100186
100186
100186
100186
100186
100186
100186
100186
100186
100186
100186
100186
100186
100186
100186
100186
100186
100186
100186
100186
100186
100186
100186
100186
100186
100186
100186
100186
100186
100186
100186
100186
100186
100186
100186
100186
100186
100186
100186
100186
100186
100186
100186
100186
100186
100186
100186
100186
100186
100186
100186
100186
100186
100186
100186
100186
100186
100186
100186
100186
100186
100186
100186
100186
100186
100186
100186
100186
100186
100186
100186
100186
100186
100186
100186
100186
100186
100186
100186
100186
100186
100186
100186
100186
100186
100186
100186
100186
100186
100186
100186
100186
100186
100186
100186
100186
100186
100186
100186
100186
100186
100186
100186
100186
100186
100186
100186
100186
100186
100186
100186
100186
100186
100186
100186
100186
100186
100186
100186
100186
100186
100186
100186
100186
100186
100186
100186
100186
100186
100186
100186
100186
100186
100186
100186
100186
100186
100186
100186
100186
100186
100186
100186
100186
100186
100186
100186
100186
100186
100186
100186
100186
100186
100186
100186
100186
100186
100186
100186
100186
100186
100186
100186
100186
100186
100186
100186
100186
100186
100186
100186
100186
100186
100186
100186
100186
100186
100186
100186
100186
100186
100186
100186
100186
100186
100186
100186
100186
100186
100186
100186
100186
100186
100186
100186
100186
100186
100186
100186
100186
100186
100186
100186
100186
100186
100186
100186
100186
100186
100186
100186
100186
100186
100186
100186
100186
100186
100186
100186
100186
100186
100186
100186
100186
100186
100186
100186
100186
100186
100186
100186
100186
100186
100186
100186
100186
100186
100186
100186
100186
100186
100186
100186
100186
100186
100186
100186
100186
100186
100186
100186
100186
100186
100186
100186
100186
100186
100186
100186
100186
100186
100186
100186
100186
100186
100186
100186
100186
100186
100186
100186
100186
100186
100186
100186
100186
100186
100186
100186
100186
100186
100186
100186
100186
100186
100186
100186
100186
100186
100186
100186
100186
100186
100186
100186
100186
100186
100186
100186
100186
100186
100186
100186
100186
100186
100186
100186
100186
100186
100186
100186
100186
100186
100186
100186
100186
100186
100186
100186
100186
100186
100186
100186
100186
100186
100186
100186
100186
100186
100186
100186
100186
100186
100186
100186
100186
100186
100186
100186
100186
100186
100186
100186
100186
100186
100186
100186
100186
100186
100186
100186
100186
100186
100186
100186
100186
100186
100186
100186
100186
100186
100186
100186
100186
100186
100186
100186
100186
100186
100186
100186
100186
100186
100186
100186
100186
100186
100186
100186
100186
100186
100186
100186
100186
100186
100186
100186
100186
100186
100186
100186
100186
100186
100186
100186
100186
100186
100186
100186
100186
100186
100186
100186
100186
100186
100186
100186
100186
100186
100186
100186
100186
100186
100186
100186
100186
100186
100186
100186
100186
100186
100186
100186
100186
100186
100186
100186
100186
100186
100186
100186
100186
100186
100186
100186
100186
100186
100186
100186
100186
100186
100186
100186
100186
100186
100186
100186
100186
100186
100186
100186
100186
100186
100186
100186
100186
100186
100186
100186
100186
100186
100186
100186
100186
100186
100186
100186
100186
100186
100186
100186
100186
100186
100186
100186
100186
100186
100186
100186
100186
100186
100186
100186
100186
100186
100186
100186
100186
100186
100186
100186
100186
100186
100186
100186
100186
100186
100186
100186
100186
100186
100186
100186
100186
100186
100186
100186
100186
100186
100186
100186
100186
100186
100186
100186
100186
100186
100186
100186
100186
100186
100186
100186
100186
100186
100186
100186
100186
100186
100186
100186
100186
100186
100186
100186
100186
100186
100186
100186
100186
100186
100186
100186
100186
100186
100186
100186
100186
100186
100186
100186
100186
100186
100186
100186
100186
100186
100186
100186
100186
100186
100186
100186
100186
100186
100186
100186
100186
100186
100186
100186
100186
100186
100186
100186
100186
100186
100186
100186
100186
100186
100186
100186
100186
100186
100186
100186
100186
100186
100186
100186
100186
100186
100186
100186
100186
100186
100186
100186
100186
100186
100186
100186
100186
100186
100186
100186
100186
100186
100186
100186
100186
100186
100186
100186
100186
100186
100186
100186
100186
100186
100186
100186
100186
100186
100186
100186
100186
100186
100186
100186
100186
100186
100186
100186
100186
100186
100186
100186
100186
100186
100186
100186
100186
100186
100186
100186
100186
100186
100186
100186
100186
100186
100186
100186
100186
100186
100186
100186
100186
100186
100186
100186
100186
100186
100186
100186
100186
100186
100186
100186
100186
100186
100186
100186
100186
100186
100186
100186
100186
100186
100186
100186
100186
100186
100186
100186
100186
100186
100186
100186
100186
100186
100186
100186
100186
100186
100186
100186
100186
100186
100186
100186
100186
100186
100186
100186
100186
100186
100186
100186
100186
100186
100186
100186
100186
100186
100186
100186
100186
100186
100186
100186
100186
100186
100186
100186
100186
100186
100186
100186
100186
100186
100186
100186
100186
100186
100186
100186
100186
100186
100186
100186
100186
100186
100186
100186
100186
100186
100186
100186
100186
100186
100186
100186
100186
100186
100186
100186
100186
100186
100186
100186
100186
100186
100186
100186
100186
100186
100186
100186
100186
100186
100186
100186
100186
100186
100186
100186
100186
100186
100186
100186
100186
100186
100186
100186
100186
100186
100186
100186
100186
100186
100186
100186
100186
100186
100186
100186
100186
100186
100186
100186
100186
100186
100186
100186
100186
100186
100186
100186
100186
100186
100186
100186
100186
100186
100186
100186
100186
100186
100186
100186
100186
100186
100186
100186
100186
100186
100186
100186
100186
100186
100186
100186
100186
100186
100186
100186
100186
100186
100186
100186
100186
100186
100186
100186
100186
100186
100186
100186
100186
100186
100186
100186
100186
100186
100186
100186
100186
100186
100186
100186
100186
100186
100186
100186
100186
100186
100186
100186
100186
100186
100186
100186
100186
100186
100186
100186
100186
100186
100186
100186
100186
100186
100186
100186
100186
100186
100186
100186
100186
100186
100186
100186
100186
100186
100186
100186
100186
100186
100186
100186
100186
100186
100186
100186
100186
100186
100186
100186
100186
100186
100186
100186
100186
100186
100186
100186
100186
100186
100186
100186
100186
100186
100186
100186
100186
100186
100186
100186
100186
100186
100186
100186
100186
100186
100186
100186
100186
100186
100186
100186
100186
100186
100186
100186
100186
100186
100186
100186
100186
100186
100186
100186
100186
100186
100186
100186
100186
100186
100186
100186
100186
100186
100186
100186
100186
100186
100186
100186
100186
100186
100186
100186
100186
100186
100186
100186
100186
100186
100186
100186
100186
100186
100186
100186
100186
100186
100186
100186
100186
100186
100186
100186
100186
100186
100186
100186
100186
100186
100186
100186
100186
100186
100186
100186
100186
100186
100186
100186
100186
100186
100186
100186
100186
100186
100186
100186
100186
100186
100186
100186
100186
100186
100186
100186
100186
100186
100186
100186
100186
100186
100186
100186
100186
100186
100186
100186
100186
100186
100186
100186
100186
100186
100186
100186
100186
100186
100186
100186
100186
100186
100186
100186
100186
100186
100186
100186
100186
100186
100186
100186
100186
100186
100186
100186
100186
100186
100186
100186
100186
100186
100186
100186
100186
100186
100186
100186
100186
100186
100186
100186
100186
100186
100186
100186
100186
100186
100186
100186
100186
100186
100186
100186
100186
100186
100186
100186
100186
100186
100186
100186
100186
100186
100186
100186
100186
100186
100186
100186
100186
100186
100186
100186
100186
100186
100186
100186
100186
100186
100186
100186
100186
100186
100186
100186
100186
100186
100186
100186
100186
100186
100186
100186
100186
100186
100186
100186
100186
100186
100186
100186
100186
100186
100186
100186
100186
100186
100186
100186
100186
100186
100186
100186
100186
100186
100186
100186
100186
100186
100186
100186
100186
100186
100186
100186
100186
100186
100186
100186
100186
100186
100186
100186
100186
100186
100186
100186
100186
100186
100186
100186
100186
100186
100186
100186
100186
100186
100186
100186
100186
100186
100186
100186
100186
100186
100186
100186
100186
100186
100186
100186
100186
100186
100186
100186
100186
100186
100186
100186
100186
100186
100186
100186
100186
100186
100186
100186
100186
100186
100186
100186
100186
100186
100186
100186
100186
100186
100186
100186
100186
100186
100186
100186
100186
100186
100186
100186
100186
100186
100186
100186
100186
100186
100186
100186
100186
100186
100186
100186
100186
100186
100186
100186
100186
100186
100186
100186
100186
100186
100186
100186
100186
100186
100186
100186
100186
100186
100186
100186
100186
100186
100186
100186
100186
100186
100186
100186
100186
100186
100186
100186
100186
100186
100186
100186
100186
100186
100186
100186
100186
100186
100186
100186
100186
100186
100186
100186
100186
100186
100186
100186
100186
100186
100186
100186
100186
100186
100186
100186
100186
100186
100186
100186
100186
100186
100186
100186
100186
100186
100186
100186
100186
100186
100186
100186
100186
100186
100186
100186
100186
100186
100186
100186
100186
100186
100186
100186
100186
100186
100186
100186
100186
100186
100186
100186
100186
100186
100186
100186
100186
100186
100186
100186
100186
100186
100186
100186
100186
100186
100186
100186
100186
100186
100186
100186
100186
100186
100186
100186
100186
100186
100186
100186
100186
100186
100186
100186
100186
100186
100186
100186
100186
100186
100186
100186
100186
100186
100186
100186
100186
100186
100186
100186
100186
100186
100186
100186
100186
100186
100186
100186
100186
100186
100186
100186
100186
100186
100186
100186
100186
100186
100186
100186
100186
100186
100186
100186
100186
100186
100186
100186
100186
100186
100186
100186
100186
100186
100186
100186
100186
100186
100186
100186
100186
100186
100186
100186
100186
100186
100186
100186
100186
100186
100186
100186
100186
100186
100186
100186
100186
100186
100186
100186
100186
100186
100186
100186
100186
100186
100186
100186
100186
100186
100186
100186
100186
100186
100186
100186
100186
100186
100186
100186
100186
100186
100186
100186
100186
100186
100186
100186
100186
100186
100186
100186
100186
100186
100186
100186
100186
100186
100186
100186
100186
100186
100186
100186
100186
100186
100186
100186
100186
100186
100186
100186
100186
100186
100186
100186
100186
100186
100186
100186
100186
100186
100186
100186
100186
100186
100186
100186
100186
100186
100186
100186
100186
100186
100186
100186
100186
100186
100186
100186
100186
100186
100186
100186
100186
100186
100186
100186
100186
100186
100186
100186
100186
100186
100186
100186
100186
100186
100186
100186
100186
100186
100186
100186
100186
100186
100186
100186
100186
100186
100186
100186
100186
100186
100186
100186
100186
100186
100186
100186
100186
100186
100186
100186
100186
100186
100186
100186
100186
100186
100186
100186
100186
100186
100186
100186
100186
100186
100186
100186
100186
100186
100186
100186
100186
100186
100186
100186
100186
100186
100186
100186
100186
100186
100186
100186
100186
100186
100186
100186
100186
100186
100186
100186
100186
100186
100186
100186
100186
100186
100186
100186
100186
100186
100186
100186
100186
100186
100186
100186
100186
100186
100186
100186
100186
100186
100186
100186
100186
100186
100186
100186
100186
100186
100186
100186
100186
100186
100186
100186
100186
100186
100186
100186
100186
100186
100186
100186
100186
100186
100186
100186
100186
100186
100186
100186
100186
100186
100186
100186
100186
100186
100186
100186
100186
100186
100186
100186
100186
100186
100186
100186
100186
100186
100186
100186
100186
100186
100186
100186
100186
100186
100186
100186
100186
100186
100186
100186
100186
100186
100186
100186
100186
100186
100186
100186
100186
100186
100186
100186
100186
100186
100186
100186
100186
100186
100186
100186
100186
100186
100186
100186
100186
100186
100186
100186
100186
100186
100186
100186
100186
100186
100186
100186
100186
100186
100186
100186
100186
100186
100186
100186
100186
100186
100186
100186
100186
100186
100186
100186
100186
100186
100186
100186
100186
100186
100186
100186
100186
100186
100186
100186
100186
100186
100186
100186
100186
100186
100186
100186
100186
100186
100186
100186
100186
100186
100186
100186
100186
100186
100186
100186
100186
100186
100186
100186
100186
100186
100186
100186
100186
100186
100186
100186
100186
100186
100186
100186
100186
100186
100186
100186
100186
100186
100186
100186
100186
100186
100186
100186
100186
100186
100186
100186
100186
100186
100186
100186
100186
100186
100186
100186
100186
100186
100186
100186
100186
100186
100186
100186
100186
100186
100186
100186
100186
100186
100186
100186
100186
100186
100186
100186
100186
100186
100186
100186
100186
100186
100186
100186
100186
100186
100186
100186
100186
100186
100186
100186
100186
100186
100186
100186
100186
100186
100186
100186
100186
100186
100186
100186
100186
100186
100186
100186
100186
100186
100186
100186
100186
100186
100186
100186
100186
100186
100186
100186
100186
100186
100186
100186
100186
100186
100186
100186
100186
100186
100186
100186
100186
100186
100186
100186
100186
100186
100186
100186
100186
100186
100186
100186
100186
100186
100186
100186
100186
100186
100186
100186
100186
100186
100186
100186
100186
100186
100186
100186
100186
100186
100186
100186
100186
100186
100186
100186
100186
100186
100186
100186
100186
100186
100186
100186
100186
100186
100186
100186
100186
100186
100186
100186
100186
100186
100186
100186
100186
100186
100186
100186
100186
100186
100186
100186
100186
100186
100186
100186
100186
100186
100186
100186
100186
100186
100186
100186
100186
100186
100186
100186
100186
100186
100186
100186
100186
100186
100186
100186
100186
100186
100186
100186
100186
100186
100186
100186
100186
100186
100186
100186
100186
100186
100186
100186
100186
100186
100186
100186
100186
100186
100186
100186
100186
100186
100186
100186
100186
100186
100186
100186
100186
100186
100186
100186
100186
100186
100186
100186
100186
100186
100186
100186
100186
100186
100186
100186
100186
100186
100186
100186
100186
100186
100186
100186
100186
100186
100186
100186
100186
100186
100186
100186
100186
100186
100186
100186
100186
100186
100186
100186
100186
100186
100186
100186
100186
100186
100186
100186
100186
100186
100186
100186
100186
100186
100186
100186
100186
100186
100186
100186
100186
100186
100186
100186
100186
100186
100186
100186
100186
100186
100186
100186
100186
100186
100186
100186
100186
100186
100186
100186
100186
100186
100186
100186
100186
100186
100186
100186
100186
100186
100186
100186
100186
100186
100186
100186
100186
100186
100186
100186
100186
100186
100186
100186
100186
100186
100186
100186
100186
100186
100186
100186
100186
100186
100186
100186
100186
100186
100186
100186
100186
100186
100186
100186
100186
100186
100186
100186
100186
100186
100186
100186
100186
100186
100186
100186
100186
100186
100186
100186
100186
100186
100186
100186
100186
100186
100186
100186
100186
100186
100186
100186
100186
100186
100186
100186
100186
100186
100186
100186
100186
100186
100186
100186
100186
100186
100186
100186
100186
100186
100186
100186
100186
100186
100186
100186
100186
100186
100186
100186
100186
100186
100186
100186
100186
100186
100186
100186
100186
100186
100186
100186
100186
100186
100186
100186
100186
100186
100186
100186
100186
100186
100186
100186
100186
100186
100186
100186
100186
100186
100186
100186
100186
100186
100186
100186
100186
100186
100186
100186
100186
100186
100186
100186
100186
100186
100186
100186
100186
100186
100186
100186
100186
100186
100186
100186
100186
100186
100186
100186
100186
100186
100186
100186
100186
100186
100186
100186
100186
100186
100186
100186
100186
100186
100186
100186
100186
100186
100186
100186
100186
100186
100186
100186
100186
100186
100186
100186
100186
100186
100186
100186
100186
100186
100186
100186
100186
100186
100186
100186
100186
100186
100186
100186
100186
100186
100186
100186
100186
100186
100186
100186
100186
100186
100186
100186
100186
100186
100186
100186
100186
100186
100186
100186
100186
100186
100186
100186
100186
100186
100186
100186
100186
100186
100186
100186
100186
100186
100186
100186
100186
100186
100186
100186
100186
100186
100186
100186
100186
100186
100186
100186
100186
100186
100186
100186
100186
100186
100186
100186
100186
100186
100186
100186
100186
100186
100186
100186
100186
100186
100186
100186
100186
100186
100186
100186
100186
100186
100186
100186
100186
100186
100186
100186
100186
100186
100186
100186
100186
100186
100186
100186
100186
100186
100186
100186
100186
100186
100186
100186
100186
100186
100186
100186
100186
100186
100186
100186
100186
100186
100186
100186
100186
100186
100186
100186
100186
100186
100186
100186
100186
100186
100186
100186
100186
100186
100186
100186
100186
100186
100186
100186
100186
100186
100186
100186
100186
100186
100186
100186
100186
100186
100186
100186
100186
100186
100186
100186
100186
100186
100186
100186
100186
100186
100186
100186
100186
100186
100186
100186
100186
100186
100186
100186
100186
100186
100186
100186
100186
100186
100186
100186
100186
100186
100186
100186
100186
100186
100186
100186
100186
100186
100186
100186
100186
100186
100186
100186
100186
100186
100186
100186
100186
100186
100186
100186
100186
100186
100186
100186
100186
100186
100186
100186
100186
100186
100186
100186
100186
100186
100186
100186
100186
100186
100186
100186
100186
100186
100186
100186
100186
100186
100186
100186
100186
100186
100186
100186
100186
100186
100186
100186
100186
100186
100186
100186
100186
100186
100186
100186
100186
100186
100186
100186
100186
100186
100186
100186
100186
100186
100186
100186
100186
100186
100186
100186
100186
100186
100186
100186
100186
100186
100186
100186
100186
100186
100186
100186
100186
100186
100186
100186
100186
100186
100186
100186
100186
100186
100186
100186
100186
100186
100186
100186
100186
100186
100186
100186
100186
100186
100186
100186
100186
100186
100186
100186
100186
100186
100186
100186
100186
100186
100186
100186
100186
100186
100186
100186
100186
100186
100186
100186
100186
100186
100186
100186
100186
100186
100186
100186
100186
100186
100186
100186
100186
100186
100186
100186
100186
100186
100186
100186
100186
100186
100186
100186
100186
100186
100186
100186
100186
100186
100186
100186
100186
100186
100186
100186
100186
100186
100186
100186
100186
100186
100186
100186
100186
100186
100186
100186
100186
100186
100186
100186
100186
100186
100186
100186
100186
100186
100186
100186
100186
100186
100186
100186
100186
100186
100186
100186
100186
100186
100186
100186
100186
100186
100186
100186
100186
100186
100186
100186
100186
100186
100186
100186
100186
100186
100186
100186
100186
100186
100186
100186
100186
100186
100186
100186
100186
100186
100186
100186
100186
100186
100186
100186
100186
100186
100186
100186
100186
100186
100186
100186
100186
100186
100186
100186
100186
100186
100186
100186
100186
100186
100186
100186
100186
100186
100186
100186
100186
100186
100186
100186
100186
100186
100186
100186
100186
100186
100186
100186
100186
100186
100186
100186
100186
100186
100186
100186
100186
100186
100186
100186
100186
100186
100186
100186
100186
100186
100186
100186
100186
100186
100186
100186
100186
100186
100186
100186
100186
100186
100186
100186
100186
100186
100186
100186
100186
100186
100186
100186
100186
100186
100186
100186
100186
100186
100186
100186
100186
100186
100186
100186
100186
100186
100186
100186
100186
100186
100186
100186
100186
100186
100186
100186
100186
100186
100186
100186
100186
100186
100186
100186
100186
100186
100186
100186
100186
100186
100186
100186
100186
100186
100186
100186
100186
100186
100186
100186
100186
100186
100186
100186
100186
100186
100186
100186
100186
100186
100186
100186
100186
100186
100186
100186
100186
100186
100186
100186
100186
100186
100186
100186
100186
100186
100186
100186
100186
100186
100186
100186
100186
100186
100186
100186
100186
100186
100186
100186
100186
100186
100186
100186
100186
100186
100186
100186
100186
100186
100186
100186
100186
100186
100186
100186
100186
100186
100186
100186
100186
100186
100186
100186
100186
100186
100186
100186
100186
100186
100186
100186
100186
100186
100186
100186
100186
100186
100186
100186
100186
100186
100186
100186
100186
100186
100186
100186
100186
100186
100186
100186
100186
100186
100186
100186
100186
100186
100186
100186
100186
100186
100186
100186
100186
100186
100186
100186
100186
100186
100186
100186
100186
100186
100186
100186
100186
100186
100186
100186
100186
100186
100186
100186
100186
100186
100186
100186
100186
100186
100186
100186
100186
100186
100186
100186
100186
100186
100186
100186
100186
100186
100186
100186
100186
100186
100186
100186
100186
100186
100186
100186
100186
100186
100186
100186
100186
100186
100186
100186
100186
100186
100186
100186
100186
100186
100186
100186
100186
100186
100186
100186
100186
100186
100186
100186
100186
100186
100186
100186
100186
100186
100186
100186
100186
100186
100186
100186
100186
100186
100186
100186
100186
100186
100186
100186
100186
100186
100186
100186
100186
100186
100186
100186
100186
100186
100186
100186
100186
100186
100186
100186
100186
100186
100186
100186
100186
100186
100186
100186
100186
100186
100186
100186
100186
100186
100186
100186
100186
100186
100186
100186
100186
100186
100186
100186
100186
100186
100186
100186
100186
100186
100186
100186
100186
100186
100186
100186
100186
100186
100186
100186
100186
100186
100186
100186
100186
100186
100186
100186
100186
100186
100186
100186
100186
100186
100186
100186
100186
100186
100186
100186
100186
100186
100186
100186
100186
100186
100186
100186
100186
100186
100186
100186
100186
100186
100186
100186
100186
100186
100186
100186
100186
100186
100186
100186
100186
100186
100186
100186
100186
100186
100186
100186
100186
100186
100186
100186
100186
100186
100186
100186
100186
100186
100186
100186
100186
100186
100186
100186
100186
100186
100186
100186
100186
100186
100186
100186
100186
100186
100186
100186
100186
100186
100186
100186
100186
100186
100186
100186
100186
100186
100186
100186
100186
100186
100186
100186
100186
100186
100186
100186
100186
100186
100186
100186
100186
100186
100186
100186
100186
100186
100186
100186
100186
100186
100186
100186
100186
100186
100186
100186
100186
100186
100186
100186
100186
100186
100186
100186
100186
100186
100186
100186
100186
100186
100186
100186
100186
100186
100186
100186
100186
100186
100186
100186
100186
100186
100186
100186
100186
100186
100186
100186
100186
100186
100186
100186
100186
100186
100186
100186
100186
100186
)
;

boundaryField
{
    floor
    {
        type            fixedFluxPressure;
        gradient        uniform 0;
        value           nonuniform List<scalar> 
400
(
100186
100186
100186
100186
100186
100186
100186
100186
100186
100186
100186
100186
100186
100186
100186
100186
100186
100186
100186
100186
100186
100186
100186
100186
100186
100186
100186
100186
100186
100186
100186
100186
100186
100186
100186
100186
100186
100186
100186
100186
100186
100186
100186
100186
100186
100186
100186
100186
100186
100186
100186
100186
100186
100186
100186
100186
100186
100186
100186
100186
100186
100186
100186
100186
100186
100186
100186
100186
100186
100186
100186
100186
100186
100186
100186
100186
100186
100186
100186
100186
100186
100186
100186
100186
100186
100186
100186
100186
100186
100186
100186
100186
100186
100186
100186
100186
100186
100186
100186
100186
100186
100186
100186
100186
100186
100186
100186
100186
100186
100186
100186
100186
100186
100186
100186
100186
100186
100186
100186
100186
100186
100186
100186
100186
100186
100186
100186
100186
100186
100186
100186
100186
100186
100186
100186
100186
100186
100186
100186
100186
100186
100186
100186
100186
100186
100186
100186
100186
100186
100186
100186
100186
100186
100186
100186
100186
100186
100186
100186
100186
100186
100186
100186
100186
100186
100186
100186
100186
100186
100186
100186
100186
100186
100186
100186
100186
100186
100186
100186
100186
100186
100186
100186
100186
100186
100186
100186
100186
100186
100186
100186
100186
100186
100186
100186
100186
100186
100186
100186
100186
100186
100186
100186
100186
100186
100186
100186
100186
100186
100186
100186
100186
100186
100186
100186
100186
100186
100186
100186
100186
100186
100186
100186
100186
100186
100186
100186
100186
100186
100186
100186
100186
100186
100186
100186
100186
100186
100186
100186
100186
100186
100186
100186
100186
100186
100186
100186
100186
100186
100186
100186
100186
100186
100186
100186
100186
100186
100186
100186
100186
100186
100186
100186
100186
100186
100186
100186
100186
100186
100186
100186
100186
100186
100186
100186
100186
100186
100186
100186
100186
100186
100186
100186
100186
100186
100186
100186
100186
100186
100186
100186
100186
100186
100186
100186
100186
100186
100186
100186
100186
100186
100186
100186
100186
100186
100186
100186
100186
100186
100186
100186
100186
100186
100186
100186
100186
100186
100186
100186
100186
100186
100186
100186
100186
100186
100186
100186
100186
100186
100186
100186
100186
100186
100186
100186
100186
100186
100186
100186
100186
100186
100186
100186
100186
100186
100186
100186
100186
100186
100186
100186
100186
100186
100186
100186
100186
100186
100186
100186
100186
100186
100186
100186
100186
100186
100186
100186
100186
100186
100186
100186
100186
100186
100186
100186
100186
100186
100186
100186
100186
100186
100186
100186
100186
100186
100186
100186
100186
100186
100186
100186
100186
100186
100186
100186
100186
100186
100186
100186
100186
)
;
    }
    ceiling
    {
        type            fixedFluxPressure;
        gradient        nonuniform List<scalar> 
400
(
0.2699
0.280763
0.290114
0.297632
0.303366
0.307253
0.309066
0.308238
0.303023
0.294156
0.289572
0.295776
0.303225
0.304353
0.302347
0.298067
0.291915
0.284026
0.274443
0.263555
0.280763
0.286848
0.29226
0.296884
0.300577
0.303101
0.30408
0.302766
0.298019
0.292074
0.288261
0.292606
0.297453
0.299179
0.298019
0.295068
0.290853
0.285659
0.279659
0.272984
0.290114
0.29226
0.294556
0.296768
0.298641
0.299844
0.29991
0.298014
0.294367
0.289718
0.286234
0.289328
0.29258
0.294839
0.294582
0.292912
0.290426
0.28749
0.284363
0.281267
0.297632
0.296884
0.296768
0.296996
0.297271
0.29723
0.296371
0.294116
0.291156
0.287274
0.284064
0.286476
0.289131
0.29118
0.291821
0.291359
0.290407
0.28936
0.288515
0.288156
0.303366
0.300577
0.298641
0.297271
0.296173
0.294991
0.293237
0.291031
0.288315
0.284862
0.281888
0.283894
0.286231
0.288017
0.289506
0.290159
0.290549
0.291063
0.292004
0.293666
0.307253
0.303101
0.299844
0.29723
0.294991
0.292806
0.290606
0.288357
0.2857
0.282493
0.279757
0.281541
0.283784
0.28563
0.287356
0.289005
0.290539
0.292312
0.294608
0.297701
0.309066
0.30408
0.29991
0.296371
0.293237
0.290606
0.288256
0.285874
0.283184
0.280138
0.277684
0.279338
0.281583
0.283553
0.285418
0.287464
0.289931
0.292689
0.29599
0.300051
0.308238
0.302766
0.298014
0.294116
0.291031
0.288357
0.285874
0.283362
0.280636
0.277764
0.275686
0.277216
0.279462
0.281553
0.283567
0.285706
0.288201
0.291463
0.295479
0.300191
0.303023
0.298019
0.294367
0.291156
0.288315
0.2857
0.283184
0.280636
0.277969
0.275448
0.27389
0.275176
0.277317
0.27944
0.281522
0.283677
0.286037
0.288761
0.29194
0.296676
0.294156
0.292074
0.289718
0.287274
0.284862
0.282493
0.280138
0.277764
0.275448
0.273853
0.272752
0.273505
0.275301
0.277276
0.279265
0.281277
0.283343
0.285473
0.287591
0.28965
0.289572
0.288261
0.286234
0.284064
0.281888
0.279757
0.277684
0.275686
0.27389
0.272752
0.27222
0.272666
0.274067
0.275743
0.277497
0.279295
0.281126
0.282953
0.28466
0.285765
0.295776
0.292606
0.289328
0.286476
0.283894
0.281541
0.279338
0.277216
0.275176
0.273505
0.272666
0.273408
0.274998
0.276742
0.278537
0.280431
0.282493
0.284775
0.287402
0.289893
0.303225
0.297453
0.29258
0.289131
0.286231
0.283784
0.281583
0.279462
0.277317
0.275301
0.274067
0.274998
0.276726
0.27848
0.280251
0.28218
0.284443
0.287163
0.291105
0.296033
0.304353
0.299179
0.294839
0.29118
0.288017
0.28563
0.283553
0.281553
0.27944
0.277276
0.275743
0.276742
0.27848
0.280137
0.281782
0.283639
0.286063
0.288938
0.292378
0.296565
0.302347
0.298019
0.294582
0.291821
0.289506
0.287356
0.285418
0.283567
0.281522
0.279265
0.277497
0.278537
0.280251
0.281782
0.283279
0.284979
0.286644
0.288595
0.29108
0.294332
0.298067
0.295068
0.292912
0.291359
0.290159
0.289005
0.287464
0.285706
0.283677
0.281277
0.279295
0.280431
0.28218
0.283639
0.284979
0.285723
0.286302
0.287071
0.288293
0.290216
0.291915
0.290853
0.290426
0.290407
0.290549
0.290539
0.289931
0.288201
0.286037
0.283343
0.281126
0.282493
0.284443
0.286063
0.286644
0.286302
0.285612
0.284932
0.284522
0.284615
0.284026
0.285659
0.28749
0.28936
0.291063
0.292312
0.292689
0.291463
0.288761
0.285473
0.282953
0.284775
0.287163
0.288938
0.288595
0.287071
0.284932
0.282514
0.28004
0.277683
0.274443
0.279659
0.284363
0.288515
0.292004
0.294608
0.29599
0.295479
0.29194
0.287591
0.28466
0.287402
0.291105
0.292378
0.29108
0.288293
0.284522
0.28004
0.274992
0.269465
0.263555
0.272984
0.281267
0.288156
0.293666
0.297701
0.300051
0.300191
0.296676
0.28965
0.285765
0.289893
0.296033
0.296565
0.294332
0.290216
0.284615
0.277683
0.269465
0.260266
)
;
        value           nonuniform List<scalar> 
400
(
100186
100186
100186
100186
100186
100186
100186
100186
100186
100186
100186
100186
100186
100186
100186
100186
100186
100186
100186
100186
100186
100186
100186
100186
100186
100186
100186
100186
100186
100186
100186
100186
100186
100186
100186
100186
100186
100186
100186
100186
100186
100186
100186
100186
100186
100186
100186
100186
100186
100186
100186
100186
100186
100186
100186
100186
100186
100186
100186
100186
100186
100186
100186
100186
100186
100186
100186
100186
100186
100186
100186
100186
100186
100186
100186
100186
100186
100186
100186
100186
100186
100186
100186
100186
100186
100186
100186
100186
100186
100186
100186
100186
100186
100186
100186
100186
100186
100186
100186
100186
100186
100186
100186
100186
100186
100186
100186
100186
100186
100186
100186
100186
100186
100186
100186
100186
100186
100186
100186
100186
100186
100186
100186
100186
100186
100186
100186
100186
100186
100186
100186
100186
100186
100186
100186
100186
100186
100186
100186
100186
100186
100186
100186
100186
100186
100186
100186
100186
100186
100186
100186
100186
100186
100186
100186
100186
100186
100186
100186
100186
100186
100186
100186
100186
100186
100186
100186
100186
100186
100186
100186
100186
100186
100186
100186
100186
100186
100186
100186
100186
100186
100186
100186
100186
100186
100186
100186
100186
100186
100186
100186
100186
100186
100186
100186
100186
100186
100186
100186
100186
100186
100186
100186
100186
100186
100186
100186
100186
100186
100186
100186
100186
100186
100186
100186
100186
100186
100186
100186
100186
100186
100186
100186
100186
100186
100186
100186
100186
100186
100186
100186
100186
100186
100186
100186
100186
100186
100186
100186
100186
100186
100186
100186
100186
100186
100186
100186
100186
100186
100186
100186
100186
100186
100186
100186
100186
100186
100186
100186
100186
100186
100186
100186
100186
100186
100186
100186
100186
100186
100186
100186
100186
100186
100186
100186
100186
100186
100186
100186
100186
100186
100186
100186
100186
100186
100186
100186
100186
100186
100186
100186
100186
100186
100186
100186
100186
100186
100186
100186
100186
100186
100186
100186
100186
100186
100186
100186
100186
100186
100186
100186
100186
100186
100186
100186
100186
100186
100186
100186
100186
100186
100186
100186
100186
100186
100186
100186
100186
100186
100186
100186
100186
100186
100186
100186
100186
100186
100186
100186
100186
100186
100186
100186
100186
100186
100186
100186
100186
100186
100186
100186
100186
100186
100186
100186
100186
100186
100186
100186
100186
100186
100186
100186
100186
100186
100186
100186
100186
100186
100186
100186
100186
100186
100186
100186
100186
100186
100186
100186
100186
100186
100186
100186
100186
100186
100186
100186
100186
100186
100186
100186
100186
100186
100186
100186
100186
100186
100186
100186
100186
)
;
    }
    fixedWalls
    {
        type            fixedFluxPressure;
        gradient        uniform 0;
        value           nonuniform List<scalar> 
800
(
100186
100186
100186
100186
100186
100186
100186
100186
100186
100186
100186
100186
100186
100186
100186
100186
100186
100186
100186
100186
100186
100186
100186
100186
100186
100186
100186
100186
100186
100186
100186
100186
100186
100186
100186
100186
100186
100186
100186
100186
100186
100186
100186
100186
100186
100186
100186
100186
100186
100186
100186
100186
100186
100186
100186
100186
100186
100186
100186
100186
100186
100186
100186
100186
100186
100186
100186
100186
100186
100186
100186
100186
100186
100186
100186
100186
100186
100186
100186
100186
100186
100186
100186
100186
100186
100186
100186
100186
100186
100186
100186
100186
100186
100186
100186
100186
100186
100186
100186
100186
100186
100186
100186
100186
100186
100186
100186
100186
100186
100186
100186
100186
100186
100186
100186
100186
100186
100186
100186
100186
100186
100186
100186
100186
100186
100186
100186
100186
100186
100186
100186
100186
100186
100186
100186
100186
100186
100186
100186
100186
100186
100186
100186
100186
100186
100186
100186
100186
100186
100186
100186
100186
100186
100186
100186
100186
100186
100186
100186
100186
100186
100186
100186
100186
100186
100186
100186
100186
100186
100186
100186
100186
100186
100186
100186
100186
100186
100186
100186
100186
100186
100186
100186
100186
100186
100186
100186
100186
100186
100186
100186
100186
100186
100186
100186
100186
100186
100186
100186
100186
100186
100186
100186
100186
100186
100186
100186
100186
100186
100186
100186
100186
100186
100186
100186
100186
100186
100186
100186
100186
100186
100186
100186
100186
100186
100186
100186
100186
100186
100186
100186
100186
100186
100186
100186
100186
100186
100186
100186
100186
100186
100186
100186
100186
100186
100186
100186
100186
100186
100186
100186
100186
100186
100186
100186
100186
100186
100186
100186
100186
100186
100186
100186
100186
100186
100186
100186
100186
100186
100186
100186
100186
100186
100186
100186
100186
100186
100186
100186
100186
100186
100186
100186
100186
100186
100186
100186
100186
100186
100186
100186
100186
100186
100186
100186
100186
100186
100186
100186
100186
100186
100186
100186
100186
100186
100186
100186
100186
100186
100186
100186
100186
100186
100186
100186
100186
100186
100186
100186
100186
100186
100186
100186
100186
100186
100186
100186
100186
100186
100186
100186
100186
100186
100186
100186
100186
100186
100186
100186
100186
100186
100186
100186
100186
100186
100186
100186
100186
100186
100186
100186
100186
100186
100186
100186
100186
100186
100186
100186
100186
100186
100186
100186
100186
100186
100186
100186
100186
100186
100186
100186
100186
100186
100186
100186
100186
100186
100186
100186
100186
100186
100186
100186
100186
100186
100186
100186
100186
100186
100186
100186
100186
100186
100186
100186
100186
100186
100186
100186
100186
100186
100186
100186
100186
100186
100186
100186
100186
100186
100186
100186
100186
100186
100186
100186
100186
100186
100186
100186
100186
100186
100186
100186
100186
100186
100186
100186
100186
100186
100186
100186
100186
100186
100186
100186
100186
100186
100186
100186
100186
100186
100186
100186
100186
100186
100186
100186
100186
100186
100186
100186
100186
100186
100186
100186
100186
100186
100186
100186
100186
100186
100186
100186
100186
100186
100186
100186
100186
100186
100186
100186
100186
100186
100186
100186
100186
100186
100186
100186
100186
100186
100186
100186
100186
100186
100186
100186
100186
100186
100186
100186
100186
100186
100186
100186
100186
100186
100186
100186
100186
100186
100186
100186
100186
100186
100186
100186
100186
100186
100186
100186
100186
100186
100186
100186
100186
100186
100186
100186
100186
100186
100186
100186
100186
100186
100186
100186
100186
100186
100186
100186
100186
100186
100186
100186
100186
100186
100186
100186
100186
100186
100186
100186
100186
100186
100186
100186
100186
100186
100186
100186
100186
100186
100186
100186
100186
100186
100186
100186
100186
100186
100186
100186
100186
100186
100186
100186
100186
100186
100186
100186
100186
100186
100186
100186
100186
100186
100186
100186
100186
100186
100186
100186
100186
100186
100186
100186
100186
100186
100186
100186
100186
100186
100186
100186
100186
100186
100186
100186
100186
100186
100186
100186
100186
100186
100186
100186
100186
100186
100186
100186
100186
100186
100186
100186
100186
100186
100186
100186
100186
100186
100186
100186
100186
100186
100186
100186
100186
100186
100186
100186
100186
100186
100186
100186
100186
100186
100186
100186
100186
100186
100186
100186
100186
100186
100186
100186
100186
100186
100186
100186
100186
100186
100186
100186
100186
100186
100186
100186
100186
100186
100186
100186
100186
100186
100186
100186
100186
100186
100186
100186
100186
100186
100186
100186
100186
100186
100186
100186
100186
100186
100186
100186
100186
100186
100186
100186
100186
100186
100186
100186
100186
100186
100186
100186
100186
100186
100186
100186
100186
100186
100186
100186
100186
100186
100186
100186
100186
100186
100186
100186
100186
100186
100186
100186
100186
100186
100186
100186
100186
100186
100186
100186
100186
100186
100186
100186
100186
100186
100186
100186
100186
100186
100186
100186
100186
100186
100186
100186
100186
100186
100186
100186
100186
100186
100186
100186
100186
100186
100186
100186
100186
100186
100186
100186
100186
100186
100186
100186
100186
100186
100186
100186
100186
100186
100186
100186
100186
100186
100186
100186
100186
100186
100186
100186
100186
100186
100186
100186
100186
100186
100186
100186
100186
100186
100186
100186
100186
100186
100186
100186
100186
100186
100186
100186
100186
100186
100186
100186
100186
)
;
    }
}


// ************************************************************************* //
