/*--------------------------------*- C++ -*----------------------------------*\
  =========                 |
  \\      /  F ield         | OpenFOAM: The Open Source CFD Toolbox
   \\    /   O peration     | Website:  https://openfoam.org
    \\  /    A nd           | Version:  dev
     \\/     M anipulation  |
\*---------------------------------------------------------------------------*/
FoamFile
{
    version     2.0;
    format      ascii;
    class       volScalarField;
    location    "50";
    object      T;
}
// * * * * * * * * * * * * * * * * * * * * * * * * * * * * * * * * * * * * * //

dimensions      [0 0 0 1 0 0 0];

internalField   nonuniform List<scalar> 
4000
(
300.469
300.493
300.507
300.515
300.519
300.523
300.526
300.528
300.529
300.529
300.526
300.522
300.519
300.516
300.512
300.508
300.503
300.494
300.479
300.452
300.47
300.494
300.508
300.514
300.517
300.519
300.52
300.52
300.519
300.518
300.516
300.514
300.513
300.512
300.51
300.508
300.503
300.496
300.48
300.453
300.464
300.489
300.503
300.509
300.511
300.511
300.51
300.509
300.508
300.506
300.504
300.504
300.504
300.504
300.504
300.502
300.499
300.491
300.475
300.448
300.456
300.482
300.496
300.502
300.504
300.503
300.501
300.499
300.497
300.495
300.494
300.494
300.495
300.496
300.496
300.496
300.492
300.485
300.468
300.439
300.445
300.473
300.488
300.495
300.496
300.496
300.494
300.491
300.489
300.486
300.485
300.486
300.487
300.489
300.489
300.489
300.485
300.477
300.459
300.429
300.434
300.461
300.479
300.486
300.488
300.488
300.486
300.483
300.48
300.477
300.476
300.477
300.479
300.481
300.482
300.481
300.477
300.468
300.448
300.418
300.422
300.448
300.467
300.476
300.479
300.479
300.477
300.473
300.47
300.466
300.465
300.467
300.47
300.472
300.473
300.472
300.466
300.455
300.435
300.407
300.409
300.433
300.451
300.462
300.467
300.468
300.467
300.463
300.458
300.452
300.449
300.455
300.459
300.462
300.462
300.459
300.453
300.44
300.42
300.396
300.394
300.413
300.43
300.441
300.449
300.452
300.453
300.449
300.443
300.423
300.415
300.436
300.444
300.447
300.446
300.441
300.432
300.42
300.402
300.382
300.365
300.379
300.391
300.401
300.409
300.414
300.416
300.415
300.408
300.397
300.391
300.399
300.409
300.41
300.408
300.402
300.394
300.383
300.371
300.356
300.493
300.508
300.517
300.522
300.527
300.53
300.533
300.535
300.536
300.536
300.531
300.527
300.523
300.52
300.517
300.513
300.508
300.502
300.492
300.475
300.494
300.506
300.513
300.515
300.516
300.515
300.514
300.513
300.511
300.509
300.506
300.506
300.506
300.506
300.506
300.505
300.504
300.5
300.491
300.476
300.489
300.5
300.505
300.506
300.504
300.502
300.499
300.496
300.492
300.49
300.488
300.489
300.491
300.493
300.495
300.496
300.496
300.493
300.485
300.471
300.482
300.492
300.497
300.497
300.495
300.492
300.488
300.484
300.48
300.477
300.476
300.478
300.48
300.483
300.486
300.488
300.488
300.485
300.477
300.463
300.473
300.482
300.488
300.489
300.487
300.484
300.48
300.476
300.471
300.468
300.466
300.469
300.472
300.475
300.478
300.48
300.48
300.476
300.467
300.454
300.461
300.471
300.477
300.48
300.48
300.477
300.473
300.468
300.463
300.458
300.456
300.461
300.465
300.468
300.471
300.472
300.47
300.466
300.456
300.443
300.448
300.458
300.466
300.47
300.471
300.469
300.466
300.462
300.456
300.447
300.445
300.451
300.457
300.461
300.463
300.463
300.46
300.454
300.443
300.431
300.433
300.442
300.451
300.456
300.459
300.46
300.458
300.454
300.446
300.434
300.429
300.441
300.449
300.452
300.453
300.451
300.447
300.439
300.429
300.416
300.413
300.422
300.431
300.438
300.442
300.444
300.444
300.441
300.434
300.417
300.41
300.426
300.435
300.438
300.437
300.434
300.428
300.42
300.41
300.399
300.379
300.387
300.394
300.4
300.405
300.409
300.41
300.408
300.402
300.394
300.389
300.395
300.401
300.403
300.402
300.398
300.392
300.386
300.378
300.369
300.507
300.517
300.523
300.528
300.533
300.537
300.541
300.543
300.544
300.544
300.537
300.532
300.528
300.524
300.52
300.516
300.512
300.507
300.5
300.488
300.508
300.513
300.514
300.514
300.513
300.511
300.51
300.509
300.507
300.504
300.501
300.5
300.5
300.501
300.501
300.502
300.502
300.501
300.497
300.489
300.503
300.505
300.504
300.502
300.498
300.494
300.49
300.486
300.483
300.479
300.478
300.479
300.481
300.484
300.487
300.49
300.492
300.492
300.49
300.485
300.496
300.497
300.495
300.492
300.488
300.483
300.478
300.473
300.469
300.465
300.464
300.466
300.47
300.474
300.477
300.481
300.483
300.484
300.482
300.478
300.488
300.488
300.486
300.484
300.48
300.476
300.471
300.465
300.46
300.455
300.454
300.457
300.462
300.466
300.47
300.473
300.475
300.475
300.473
300.47
300.479
300.477
300.477
300.476
300.473
300.469
300.465
300.459
300.453
300.447
300.445
300.45
300.455
300.46
300.463
300.465
300.466
300.465
300.463
300.461
300.467
300.466
300.466
300.466
300.465
300.462
300.459
300.454
300.447
300.437
300.434
300.442
300.449
300.453
300.456
300.456
300.456
300.454
300.451
300.448
300.451
300.451
300.452
300.453
300.454
300.453
300.451
300.446
300.438
300.426
300.421
300.432
300.441
300.444
300.446
300.445
300.443
300.44
300.436
300.434
300.43
300.431
300.433
300.436
300.438
300.438
300.438
300.434
300.426
300.412
300.406
300.418
300.428
300.431
300.431
300.429
300.426
300.422
300.418
300.414
300.391
300.394
300.397
300.4
300.403
300.404
300.404
300.402
300.397
300.391
300.386
300.39
300.395
300.398
300.397
300.395
300.392
300.388
300.384
300.38
300.515
300.522
300.528
300.533
300.539
300.545
300.55
300.555
300.559
300.561
300.552
300.542
300.535
300.529
300.524
300.52
300.515
300.51
300.504
300.494
300.514
300.515
300.514
300.512
300.511
300.51
300.51
300.511
300.511
300.51
300.504
300.501
300.499
300.499
300.499
300.499
300.5
300.5
300.5
300.495
300.509
300.506
300.502
300.497
300.492
300.488
300.485
300.482
300.478
300.475
300.473
300.473
300.476
300.478
300.481
300.484
300.487
300.49
300.492
300.491
300.502
300.497
300.492
300.487
300.481
300.476
300.471
300.466
300.461
300.457
300.455
300.458
300.462
300.467
300.471
300.474
300.478
300.481
300.484
300.484
300.495
300.489
300.484
300.479
300.474
300.469
300.464
300.458
300.452
300.447
300.445
300.449
300.454
300.459
300.463
300.467
300.47
300.473
300.475
300.477
300.486
300.48
300.476
300.471
300.467
300.463
300.458
300.453
300.446
300.438
300.436
300.442
300.448
300.453
300.457
300.46
300.462
300.464
300.466
300.469
300.476
300.47
300.466
300.463
300.46
300.456
300.452
300.447
300.44
300.43
300.426
300.434
300.442
300.447
300.45
300.452
300.453
300.454
300.455
300.458
300.462
300.456
300.453
300.451
300.45
300.447
300.445
300.44
300.432
300.42
300.415
300.425
300.434
300.438
300.44
300.441
300.441
300.441
300.442
300.445
300.441
300.438
300.436
300.435
300.435
300.434
300.432
300.428
300.42
300.408
300.402
300.413
300.421
300.425
300.426
300.426
300.425
300.424
300.424
300.425
300.401
300.4
300.4
300.4
300.401
300.401
300.4
300.397
300.393
300.388
300.383
300.387
300.39
300.393
300.394
300.393
300.392
300.39
300.389
300.389
300.519
300.527
300.533
300.539
300.546
300.555
300.565
300.576
300.587
300.594
300.581
300.562
300.549
300.539
300.53
300.523
300.518
300.512
300.507
300.498
300.517
300.516
300.513
300.511
300.511
300.513
300.516
300.522
300.528
300.531
300.522
300.511
300.505
300.501
300.498
300.498
300.498
300.499
300.5
300.498
300.511
300.504
300.498
300.492
300.488
300.485
300.484
300.482
300.481
300.479
300.474
300.473
300.474
300.475
300.477
300.48
300.483
300.487
300.491
300.493
300.504
300.495
300.488
300.481
300.476
300.471
300.466
300.462
300.457
300.452
300.45
300.453
300.457
300.461
300.465
300.469
300.473
300.478
300.483
300.487
300.496
300.487
300.48
300.474
300.468
300.463
300.458
300.452
300.446
300.44
300.438
300.442
300.448
300.453
300.458
300.462
300.466
300.47
300.475
300.48
300.488
300.48
300.473
300.467
300.462
300.458
300.453
300.447
300.44
300.432
300.429
300.436
300.442
300.448
300.452
300.455
300.459
300.462
300.467
300.472
300.479
300.471
300.465
300.46
300.456
300.451
300.447
300.441
300.434
300.424
300.421
300.428
300.436
300.441
300.445
300.448
300.45
300.453
300.457
300.463
300.467
300.459
300.454
300.45
300.446
300.443
300.439
300.434
300.426
300.415
300.41
300.42
300.428
300.433
300.436
300.438
300.44
300.442
300.445
300.451
300.449
300.442
300.438
300.435
300.432
300.43
300.427
300.423
300.415
300.404
300.398
300.407
300.416
300.42
300.422
300.423
300.424
300.426
300.429
300.433
300.409
300.405
300.403
300.401
300.399
300.398
300.396
300.393
300.389
300.384
300.381
300.383
300.386
300.389
300.391
300.391
300.392
300.393
300.394
300.396
300.523
300.53
300.537
300.545
300.555
300.569
300.588
300.609
300.633
300.652
300.632
300.596
300.571
300.553
300.539
300.528
300.52
300.514
300.508
300.501
300.519
300.515
300.511
300.51
300.513
300.519
300.53
300.546
300.568
300.587
300.568
300.538
300.519
300.507
300.501
300.497
300.496
300.497
300.499
300.499
300.511
300.502
300.494
300.488
300.485
300.485
300.486
300.489
300.494
300.499
300.489
300.48
300.476
300.475
300.475
300.477
300.48
300.484
300.489
300.493
300.503
300.492
300.483
300.476
300.471
300.467
300.463
300.459
300.455
300.451
300.448
300.45
300.453
300.457
300.461
300.465
300.469
300.474
300.48
300.487
300.496
300.484
300.476
300.469
300.463
300.458
300.453
300.447
300.441
300.434
300.432
300.437
300.443
300.448
300.453
300.457
300.462
300.467
300.473
300.48
300.488
300.477
300.469
300.463
300.458
300.453
300.447
300.441
300.434
300.426
300.424
300.43
300.437
300.442
300.447
300.451
300.455
300.46
300.465
300.472
300.479
300.469
300.462
300.456
300.451
300.447
300.442
300.436
300.428
300.419
300.415
300.423
300.431
300.436
300.44
300.444
300.448
300.452
300.457
300.464
300.468
300.46
300.453
300.447
300.443
300.439
300.435
300.429
300.421
300.41
300.406
300.415
300.423
300.428
300.432
300.435
300.438
300.442
300.447
300.453
300.452
300.444
300.438
300.434
300.43
300.426
300.423
300.417
300.41
300.399
300.394
300.403
300.411
300.416
300.419
300.421
300.424
300.427
300.432
300.438
300.414
300.409
300.404
300.401
300.398
300.395
300.392
300.389
300.386
300.381
300.378
300.38
300.383
300.385
300.388
300.39
300.392
300.394
300.397
300.401
300.526
300.533
300.541
300.55
300.565
300.588
300.619
300.659
300.708
300.752
300.721
300.649
300.602
300.571
300.549
300.533
300.522
300.515
300.509
300.502
300.52
300.514
300.51
300.51
300.516
300.53
300.555
300.595
300.656
300.723
300.679
300.596
300.547
300.52
300.505
300.498
300.495
300.495
300.498
300.5
300.51
300.499
300.49
300.485
300.484
300.486
300.493
300.507
300.53
300.558
300.532
300.502
300.485
300.477
300.474
300.474
300.476
300.48
300.486
300.493
300.501
300.488
300.478
300.471
300.466
300.463
300.46
300.459
300.459
300.459
300.453
300.451
300.452
300.454
300.457
300.461
300.465
300.47
300.477
300.486
300.494
300.48
300.471
300.464
300.458
300.453
300.448
300.442
300.436
300.43
300.428
300.432
300.438
300.443
300.448
300.453
300.457
300.463
300.469
300.478
300.486
300.473
300.465
300.458
300.453
300.447
300.442
300.436
300.428
300.421
300.418
300.424
300.432
300.437
300.442
300.447
300.451
300.456
300.462
300.471
300.477
300.466
300.459
300.452
300.447
300.442
300.437
300.43
300.423
300.414
300.41
300.418
300.425
300.431
300.436
300.44
300.444
300.449
300.455
300.463
300.467
300.458
300.451
300.445
300.439
300.435
300.429
300.423
300.415
300.406
300.401
300.41
300.417
300.423
300.428
300.432
300.436
300.44
300.446
300.453
300.453
300.444
300.438
300.432
300.427
300.423
300.418
300.412
300.404
300.395
300.39
300.398
300.406
300.411
300.415
300.419
300.423
300.427
300.432
300.439
300.416
300.41
300.404
300.4
300.396
300.392
300.389
300.386
300.382
300.378
300.375
300.377
300.38
300.383
300.385
300.388
300.391
300.395
300.399
300.405
300.528
300.535
300.543
300.555
300.576
300.609
300.659
300.732
300.841
300.985
300.912
300.74
300.645
300.593
300.56
300.538
300.524
300.516
300.51
300.503
300.52
300.513
300.509
300.511
300.522
300.546
300.595
300.686
300.85
301.066
300.959
300.717
300.598
300.541
300.512
300.499
300.493
300.493
300.496
300.499
300.509
300.496
300.486
300.482
300.482
300.489
300.507
300.545
300.616
300.72
300.645
300.552
300.505
300.483
300.474
300.471
300.473
300.477
300.484
300.492
300.499
300.484
300.473
300.466
300.462
300.459
300.459
300.463
300.472
300.484
300.469
300.457
300.452
300.451
300.453
300.456
300.46
300.466
300.474
300.484
300.491
300.476
300.465
300.458
300.452
300.447
300.442
300.438
300.433
300.428
300.425
300.429
300.434
300.439
300.443
300.448
300.453
300.459
300.466
300.477
300.483
300.468
300.459
300.453
300.447
300.441
300.436
300.43
300.422
300.415
300.413
300.419
300.426
300.432
300.437
300.442
300.447
300.452
300.459
300.469
300.473
300.462
300.454
300.447
300.441
300.436
300.43
300.424
300.416
300.408
300.405
300.412
300.42
300.426
300.431
300.435
300.44
300.445
300.452
300.46
300.463
300.454
300.446
300.44
300.434
300.429
300.423
300.417
300.409
300.4
300.397
300.404
300.412
300.418
300.423
300.427
300.432
300.437
300.443
300.451
300.449
300.441
300.434
300.428
300.423
300.417
300.412
300.406
300.399
300.39
300.387
300.393
300.4
300.406
300.411
300.415
300.42
300.425
300.431
300.438
300.415
300.408
300.402
300.397
300.393
300.389
300.386
300.382
300.379
300.375
300.372
300.374
300.377
300.38
300.383
300.386
300.389
300.393
300.398
300.405
300.529
300.536
300.544
300.559
300.587
300.633
300.708
300.841
301.128
301.468
301.32
300.941
300.705
300.617
300.57
300.541
300.524
300.515
300.509
300.503
300.519
300.511
300.507
300.511
300.528
300.568
300.656
300.85
301.26
301.922
301.665
300.961
300.681
300.569
300.521
300.5
300.491
300.491
300.494
300.499
300.508
300.492
300.483
300.478
300.481
300.494
300.53
300.616
300.803
301.136
300.918
300.658
300.54
300.492
300.474
300.469
300.469
300.473
300.481
300.49
300.497
300.48
300.469
300.461
300.457
300.455
300.459
300.472
300.5
300.545
300.508
300.472
300.455
300.449
300.449
300.452
300.456
300.462
300.471
300.482
300.489
300.471
300.46
300.452
300.446
300.441
300.436
300.433
300.43
300.428
300.424
300.426
300.429
300.433
300.438
300.442
300.448
300.454
300.463
300.475
300.48
300.463
300.453
300.446
300.44
300.434
300.428
300.422
300.416
300.409
300.408
300.414
300.42
300.426
300.431
300.436
300.441
300.447
300.455
300.467
300.47
300.456
300.447
300.44
300.434
300.428
300.423
300.416
300.409
300.402
300.4
300.406
300.413
300.419
300.424
300.429
300.434
300.44
300.447
300.458
300.458
300.446
300.438
300.432
300.426
300.421
300.415
300.409
300.402
300.394
300.392
300.399
300.405
300.411
300.416
300.421
300.426
300.431
300.438
300.447
300.443
300.434
300.426
300.42
300.415
300.41
300.404
300.399
300.392
300.385
300.383
300.388
300.394
300.4
300.404
300.409
300.414
300.419
300.426
300.434
300.408
300.402
300.397
300.393
300.389
300.386
300.382
300.379
300.375
300.372
300.37
300.372
300.374
300.377
300.38
300.383
300.386
300.39
300.394
300.4
300.529
300.536
300.544
300.561
300.594
300.652
300.752
300.985
301.468
304.168
303.742
301.237
300.784
300.637
300.577
300.543
300.523
300.513
300.508
300.502
300.518
300.509
300.504
300.51
300.531
300.587
300.723
301.066
301.922
303.643
303.109
301.311
300.779
300.595
300.526
300.499
300.489
300.488
300.492
300.497
300.506
300.49
300.479
300.475
300.479
300.499
300.558
300.72
301.136
302.229
301.557
300.833
300.585
300.502
300.474
300.466
300.466
300.47
300.478
300.489
300.495
300.477
300.465
300.457
300.452
300.451
300.459
300.484
300.545
300.667
300.573
300.494
300.459
300.447
300.445
300.448
300.452
300.459
300.468
300.481
300.486
300.468
300.455
300.447
300.44
300.434
300.43
300.428
300.428
300.433
300.427
300.424
300.425
300.428
300.432
300.437
300.443
300.45
300.46
300.473
300.477
300.458
300.447
300.438
300.432
300.426
300.421
300.415
300.409
300.405
300.405
300.409
300.414
300.419
300.424
300.429
300.435
300.442
300.451
300.464
300.466
300.447
300.437
300.43
300.424
300.419
300.414
300.408
300.402
300.396
300.396
300.401
300.406
300.412
300.416
300.421
300.426
300.433
300.441
300.455
300.452
300.434
300.426
300.42
300.415
300.41
300.406
300.4
300.394
300.389
300.389
300.393
300.398
300.403
300.407
300.412
300.416
300.422
300.429
300.443
300.423
300.417
300.412
300.408
300.404
300.399
300.395
300.39
300.385
300.381
300.38
300.383
300.388
300.392
300.396
300.4
300.404
300.408
300.413
300.419
300.397
300.394
300.391
300.388
300.384
300.381
300.378
300.375
300.372
300.37
300.368
300.369
300.372
300.374
300.377
300.38
300.382
300.385
300.388
300.391
300.526
300.531
300.537
300.552
300.581
300.632
300.721
300.912
301.32
303.742
303.404
301.119
300.738
300.616
300.563
300.533
300.516
300.507
300.503
300.498
300.516
300.506
300.501
300.504
300.522
300.568
300.679
300.959
301.665
303.109
302.625
301.16
300.72
300.571
300.515
300.493
300.485
300.485
300.489
300.495
300.504
300.488
300.478
300.473
300.474
300.489
300.532
300.645
300.918
301.557
301.073
300.699
300.546
300.488
300.468
300.463
300.464
300.469
300.477
300.487
300.494
300.476
300.464
300.455
300.45
300.448
300.453
300.469
300.508
300.573
300.519
300.472
300.45
300.443
300.443
300.446
300.451
300.458
300.467
300.479
300.485
300.466
300.454
300.445
300.438
300.432
300.428
300.425
300.424
300.427
300.422
300.421
300.423
300.426
300.43
300.436
300.442
300.449
300.458
300.471
300.476
300.456
300.445
300.436
300.429
300.424
300.418
300.413
300.408
300.405
300.404
300.408
300.412
300.417
300.422
300.427
300.433
300.44
300.449
300.463
300.465
300.445
300.434
300.426
300.421
300.415
300.41
300.405
300.4
300.396
300.396
300.399
300.404
300.409
300.413
300.418
300.423
300.429
300.438
300.454
300.449
300.429
300.421
300.415
300.41
300.406
300.401
300.397
300.392
300.389
300.388
300.391
300.395
300.399
300.403
300.407
300.412
300.417
300.424
300.44
300.415
300.41
300.406
300.402
300.398
300.394
300.39
300.387
300.383
300.38
300.379
300.381
300.385
300.388
300.391
300.395
300.398
300.402
300.406
300.411
300.391
300.389
300.386
300.383
300.381
300.378
300.375
300.372
300.37
300.368
300.368
300.368
300.37
300.372
300.375
300.377
300.38
300.382
300.384
300.386
300.522
300.527
300.532
300.542
300.562
300.596
300.649
300.74
300.941
301.237
301.119
300.797
300.629
300.574
300.542
300.522
300.51
300.504
300.5
300.496
300.514
300.506
300.5
300.501
300.511
300.538
300.596
300.717
300.961
301.311
301.16
300.77
300.602
300.532
300.501
300.488
300.484
300.484
300.489
300.493
300.504
300.489
300.479
300.473
300.473
300.48
300.502
300.552
300.658
300.833
300.699
300.566
300.502
300.475
300.465
300.463
300.465
300.47
300.477
300.486
300.494
300.478
300.466
300.458
300.453
300.45
300.451
300.457
300.472
300.494
300.472
300.454
300.445
300.443
300.445
300.448
300.453
300.46
300.468
300.479
300.486
300.469
300.457
300.449
300.442
300.437
300.432
300.429
300.426
300.424
300.421
300.422
300.426
300.43
300.434
300.439
300.445
300.452
300.46
300.472
300.477
300.461
300.45
300.442
300.436
300.43
300.424
300.419
300.414
300.409
300.408
300.412
300.417
300.422
300.427
300.432
300.437
300.444
300.452
300.464
300.467
300.451
300.442
300.434
300.428
300.423
300.418
300.412
300.406
300.401
300.399
300.404
300.41
300.415
300.42
300.424
300.429
300.435
300.443
300.455
300.455
300.441
300.432
300.425
300.42
300.415
300.41
300.404
300.399
300.393
300.391
300.396
300.401
300.406
300.411
300.415
300.42
300.425
300.433
300.444
300.436
300.426
300.418
300.413
300.407
300.403
300.398
300.393
300.388
300.383
300.381
300.385
300.39
300.394
300.398
300.402
300.407
300.412
300.418
300.428
300.399
300.395
300.39
300.387
300.383
300.38
300.377
300.374
300.372
300.369
300.368
300.369
300.371
300.374
300.376
300.379
300.381
300.384
300.388
300.391
300.519
300.523
300.528
300.535
300.549
300.571
300.602
300.645
300.705
300.784
300.738
300.629
300.579
300.549
300.529
300.515
300.506
300.501
300.498
300.494
300.513
300.506
300.5
300.499
300.505
300.519
300.547
300.598
300.681
300.779
300.72
300.602
300.539
300.508
300.493
300.485
300.483
300.485
300.489
300.492
300.504
300.491
300.481
300.476
300.474
300.476
300.485
300.505
300.54
300.585
300.546
300.502
300.478
300.468
300.464
300.464
300.467
300.472
300.478
300.486
300.495
300.48
300.47
300.462
300.457
300.453
300.452
300.452
300.455
300.459
300.45
300.445
300.445
300.446
300.448
300.452
300.457
300.462
300.47
300.479
300.487
300.472
300.462
300.454
300.448
300.443
300.438
300.434
300.429
300.425
300.423
300.426
300.431
300.435
300.44
300.444
300.449
300.455
300.462
300.472
300.479
300.465
300.455
300.448
300.442
300.437
300.432
300.426
300.42
300.414
300.412
300.417
300.423
300.428
300.433
300.438
300.443
300.448
300.455
300.465
300.47
300.457
300.449
300.442
300.436
300.431
300.425
300.42
300.413
300.406
300.404
300.41
300.416
300.421
300.426
300.431
300.436
300.441
300.448
300.457
300.459
300.449
300.441
300.434
300.428
300.423
300.417
300.412
300.405
300.398
300.395
300.401
300.408
300.413
300.418
300.422
300.427
300.432
300.439
300.447
300.444
300.435
300.428
300.421
300.416
300.411
300.406
300.4
300.394
300.388
300.385
300.39
300.396
300.401
300.405
300.409
300.414
300.42
300.426
300.434
300.409
300.401
300.395
300.39
300.386
300.383
300.38
300.377
300.374
300.372
300.37
300.371
300.374
300.376
300.378
300.381
300.384
300.387
300.393
300.399
300.516
300.52
300.524
300.529
300.539
300.553
300.571
300.593
300.617
300.637
300.616
300.574
300.549
300.531
300.518
300.509
300.503
300.499
300.496
300.491
300.512
300.506
300.501
300.499
300.501
300.507
300.52
300.541
300.569
300.595
300.571
300.532
300.508
300.495
300.488
300.484
300.484
300.486
300.489
300.491
300.504
300.493
300.484
300.478
300.475
300.475
300.477
300.483
300.492
300.502
300.488
300.475
300.468
300.465
300.465
300.467
300.47
300.474
300.48
300.485
300.496
300.483
300.474
300.467
300.461
300.457
300.454
300.451
300.449
300.447
300.443
300.443
300.446
300.449
300.452
300.456
300.46
300.465
300.472
300.479
300.489
300.475
300.466
300.459
300.453
300.448
300.443
300.439
300.433
300.428
300.426
300.43
300.435
300.44
300.444
300.448
300.453
300.458
300.464
300.473
300.481
300.468
300.46
300.453
300.448
300.442
300.437
300.432
300.426
300.419
300.417
300.422
300.428
300.433
300.438
300.442
300.447
300.451
300.458
300.466
300.472
300.461
300.453
300.447
300.441
300.436
300.431
300.426
300.419
300.412
300.409
300.415
300.421
300.427
300.431
300.435
300.439
300.444
300.45
300.458
300.462
300.452
300.444
300.438
300.433
300.428
300.423
300.418
300.411
300.403
300.399
300.406
300.413
300.418
300.422
300.426
300.43
300.435
300.441
300.448
300.447
300.438
300.431
300.425
300.42
300.416
300.411
300.406
300.4
300.392
300.388
300.394
300.401
300.406
300.41
300.413
300.417
300.422
300.427
300.434
300.41
300.403
300.398
300.393
300.389
300.385
300.383
300.38
300.377
300.374
300.372
300.374
300.376
300.378
300.38
300.383
300.386
300.39
300.394
300.4
300.512
300.517
300.52
300.524
300.53
300.539
300.549
300.56
300.57
300.577
300.563
300.542
300.529
300.518
300.51
300.504
300.5
300.497
300.494
300.489
300.51
300.506
300.501
300.499
300.498
300.501
300.505
300.512
300.521
300.526
300.515
300.501
300.493
300.488
300.485
300.484
300.485
300.486
300.489
300.489
300.504
300.495
300.487
300.481
300.477
300.475
300.474
300.474
300.474
300.474
300.468
300.465
300.464
300.465
300.467
300.469
300.472
300.476
300.481
300.485
300.496
300.486
300.477
300.471
300.465
300.461
300.457
300.453
300.449
300.445
300.443
300.445
300.448
300.452
300.456
300.459
300.463
300.468
300.473
300.479
300.489
300.478
300.47
300.463
300.458
300.453
300.448
300.443
300.438
300.432
300.43
300.434
300.44
300.444
300.448
300.452
300.456
300.461
300.466
300.472
300.482
300.471
300.463
300.457
300.452
300.447
300.442
300.437
300.431
300.424
300.422
300.427
300.433
300.438
300.442
300.445
300.449
300.454
300.459
300.465
300.473
300.463
300.456
300.45
300.445
300.44
300.436
300.431
300.424
300.416
300.413
300.42
300.426
300.431
300.435
300.438
300.441
300.445
300.451
300.457
300.462
300.453
300.446
300.44
300.436
300.432
300.428
300.423
300.416
300.407
300.403
300.411
300.418
300.422
300.426
300.428
300.431
300.435
300.441
300.447
300.446
300.437
300.431
300.426
300.422
300.419
300.415
300.411
300.404
300.396
300.391
300.398
300.405
300.41
300.413
300.415
300.418
300.421
300.426
300.432
300.408
300.402
300.397
300.394
300.391
300.388
300.385
300.383
300.38
300.377
300.375
300.376
300.378
300.38
300.382
300.385
300.387
300.389
300.393
300.397
300.508
300.513
300.516
300.52
300.523
300.528
300.533
300.538
300.541
300.543
300.533
300.522
300.515
300.509
300.504
300.5
300.497
300.494
300.491
300.485
300.508
300.505
300.502
300.499
300.498
300.497
300.498
300.499
300.5
300.499
300.493
300.488
300.485
300.484
300.484
300.484
300.485
300.487
300.488
300.487
300.502
300.496
300.49
300.484
300.48
300.477
300.474
300.471
300.469
300.466
300.463
300.463
300.464
300.467
300.469
300.472
300.475
300.478
300.481
300.483
300.496
300.488
300.481
300.474
300.469
300.465
300.461
300.456
300.452
300.448
300.446
300.448
300.452
300.456
300.459
300.463
300.466
300.47
300.474
300.477
300.489
300.48
300.473
300.467
300.462
300.457
300.453
300.448
300.442
300.437
300.436
300.439
300.444
300.448
300.452
300.455
300.459
300.462
300.466
300.471
300.481
300.472
300.465
300.46
300.455
300.451
300.447
300.442
300.436
300.429
300.427
300.432
300.438
300.442
300.445
300.448
300.451
300.455
300.459
300.464
300.472
300.463
300.456
300.452
300.448
300.444
300.44
300.435
300.429
300.421
300.418
300.424
300.431
300.435
300.438
300.44
300.443
300.446
300.45
300.455
300.459
300.451
300.445
300.441
300.438
300.435
300.432
300.427
300.421
300.412
300.407
300.415
300.422
300.426
300.428
300.43
300.432
300.434
300.438
300.444
300.441
300.434
300.429
300.426
300.423
300.421
300.419
300.415
300.409
300.4
300.395
300.402
300.409
300.413
300.415
300.416
300.417
300.419
300.422
300.427
300.402
300.398
300.395
300.393
300.391
300.39
300.388
300.386
300.383
300.38
300.377
300.379
300.381
300.383
300.385
300.386
300.386
300.387
300.389
300.392
300.503
300.508
300.512
300.515
300.518
300.52
300.522
300.524
300.524
300.523
300.516
300.51
300.506
300.503
300.5
300.497
300.495
300.492
300.487
300.48
300.503
300.504
300.502
300.5
300.498
300.496
300.495
300.493
300.491
300.489
300.485
300.484
300.483
300.484
300.485
300.485
300.486
300.487
300.486
300.483
300.499
300.496
300.492
300.487
300.483
300.48
300.476
300.473
300.469
300.466
300.464
300.465
300.467
300.47
300.472
300.475
300.477
300.479
300.48
300.479
300.492
300.488
300.483
300.478
300.473
300.469
300.465
300.46
300.456
300.452
300.451
300.453
300.457
300.46
300.463
300.466
300.469
300.471
300.473
300.474
300.485
300.48
300.475
300.47
300.466
300.462
300.457
300.453
300.448
300.443
300.442
300.445
300.449
300.453
300.456
300.459
300.461
300.463
300.465
300.467
300.477
300.47
300.466
300.462
300.459
300.455
300.451
300.447
300.441
300.435
300.433
300.437
300.443
300.447
300.449
300.451
300.453
300.454
300.456
300.459
300.466
300.46
300.456
300.453
300.45
300.448
300.444
300.44
300.434
300.426
300.423
300.429
300.436
300.439
300.441
300.443
300.443
300.444
300.446
300.449
300.453
300.447
300.443
300.441
300.44
300.438
300.436
300.432
300.426
300.416
300.412
300.42
300.427
300.43
300.431
300.432
300.432
300.432
300.433
300.437
300.432
300.428
300.426
300.425
300.424
300.424
300.423
300.42
300.414
300.404
300.398
300.407
300.414
300.417
300.418
300.417
300.417
300.416
300.417
300.419
300.394
300.392
300.392
300.392
300.392
300.392
300.391
300.389
300.386
300.382
300.38
300.381
300.384
300.386
300.387
300.386
300.385
300.385
300.384
300.384
300.494
300.502
300.507
300.51
300.512
300.514
300.515
300.516
300.515
300.513
300.507
300.504
300.501
300.499
300.497
300.494
300.492
300.488
300.482
300.473
300.496
300.5
300.501
300.5
300.499
300.497
300.495
300.493
300.491
300.488
300.485
300.484
300.485
300.486
300.486
300.487
300.487
300.486
300.482
300.475
300.491
300.493
300.492
300.49
300.487
300.484
300.48
300.477
300.473
300.47
300.469
300.47
300.472
300.474
300.476
300.478
300.479
300.479
300.477
300.472
300.485
300.485
300.484
300.481
300.478
300.474
300.47
300.466
300.462
300.459
300.458
300.46
300.462
300.465
300.468
300.47
300.471
300.471
300.469
300.466
300.477
300.476
300.475
300.473
300.47
300.467
300.463
300.459
300.454
300.45
300.449
300.452
300.455
300.458
300.461
300.462
300.463
300.463
300.461
300.458
300.468
300.466
300.465
300.464
300.462
300.46
300.456
300.452
300.447
300.442
300.44
300.444
300.448
300.451
300.454
300.455
300.454
300.453
300.451
300.45
300.455
300.454
300.454
300.454
300.453
300.452
300.449
300.445
300.44
300.433
300.429
300.435
300.441
300.444
300.445
300.446
300.444
300.442
300.44
300.439
300.44
300.439
300.44
300.441
300.442
300.442
300.44
300.437
300.431
300.422
300.417
300.425
300.432
300.435
300.435
300.434
300.432
300.429
300.426
300.425
300.42
300.42
300.422
300.424
300.426
300.427
300.427
300.425
300.419
300.408
300.402
300.412
300.42
300.422
300.421
300.419
300.416
300.413
300.409
300.407
300.383
300.386
300.388
300.39
300.393
300.394
300.395
300.393
300.39
300.385
300.382
300.384
300.387
300.39
300.389
300.387
300.385
300.381
300.378
300.375
300.479
300.492
300.5
300.504
300.507
300.508
300.509
300.51
300.509
300.508
300.503
300.5
300.498
300.496
300.494
300.491
300.487
300.482
300.474
300.459
300.48
300.491
300.497
300.5
300.5
300.499
300.498
300.496
300.494
300.492
300.489
300.489
300.489
300.489
300.489
300.488
300.486
300.482
300.474
300.461
300.475
300.485
300.49
300.492
300.491
300.489
300.486
300.484
300.481
300.478
300.477
300.477
300.478
300.48
300.481
300.481
300.48
300.477
300.469
300.457
300.468
300.477
300.482
300.484
300.483
300.48
300.477
300.474
300.471
300.468
300.467
300.468
300.47
300.472
300.473
300.474
300.473
300.469
300.462
300.45
300.459
300.467
300.473
300.475
300.475
300.473
300.469
300.466
300.463
300.46
300.458
300.46
300.462
300.464
300.466
300.466
300.465
300.461
300.452
300.442
300.448
300.456
300.463
300.466
300.467
300.465
300.462
300.459
300.455
300.451
300.449
300.452
300.455
300.458
300.459
300.459
300.456
300.451
300.442
300.431
300.435
300.443
300.451
300.455
300.457
300.457
300.455
300.452
300.447
300.441
300.438
300.443
300.448
300.45
300.451
300.45
300.446
300.44
300.431
300.42
300.42
300.429
300.436
300.442
300.445
300.447
300.446
300.443
300.438
300.429
300.424
300.433
300.439
300.441
300.441
300.438
300.433
300.426
300.417
300.407
300.402
300.41
300.418
300.424
300.429
300.432
300.432
300.431
300.426
300.413
300.406
300.418
300.426
300.427
300.426
300.422
300.417
300.409
300.401
300.392
300.371
300.378
300.384
300.389
300.394
300.397
300.399
300.398
300.394
300.388
300.384
300.388
300.393
300.394
300.393
300.389
300.384
300.378
300.371
300.364
300.452
300.475
300.488
300.494
300.498
300.501
300.502
300.503
300.503
300.502
300.498
300.496
300.494
300.491
300.489
300.485
300.48
300.473
300.459
300.435
300.453
300.476
300.489
300.495
300.498
300.499
300.5
300.499
300.499
300.497
300.495
300.493
300.492
300.491
300.489
300.487
300.483
300.475
300.461
300.437
300.448
300.471
300.485
300.491
300.493
300.493
300.493
300.492
300.49
300.489
300.487
300.486
300.486
300.485
300.485
300.483
300.479
300.472
300.457
300.432
300.439
300.463
300.478
300.484
300.487
300.487
300.486
300.484
300.482
300.481
300.479
300.479
300.479
300.479
300.479
300.477
300.474
300.466
300.45
300.425
300.429
300.454
300.47
300.477
300.48
300.48
300.478
300.477
300.475
300.473
300.471
300.472
300.472
300.473
300.472
300.471
300.467
300.458
300.442
300.415
300.418
300.443
300.461
300.469
300.472
300.472
300.471
300.469
300.467
300.464
300.463
300.464
300.465
300.466
300.465
300.464
300.459
300.45
300.431
300.406
300.407
300.431
300.448
300.458
300.463
300.464
300.463
300.46
300.458
300.455
300.454
300.455
300.457
300.458
300.457
300.455
300.449
300.439
300.42
300.396
300.396
300.416
300.434
300.445
300.451
300.453
300.453
300.451
300.447
300.443
300.44
300.444
300.447
300.448
300.447
300.444
300.437
300.425
300.407
300.386
300.382
300.399
300.414
300.425
300.433
300.438
300.439
300.438
300.434
300.419
300.411
300.428
300.434
300.434
300.432
300.427
300.419
300.407
300.392
300.374
300.356
300.369
300.38
300.389
300.396
300.401
300.405
300.405
300.4
300.391
300.386
300.391
300.399
300.4
300.397
300.392
300.384
300.375
300.364
300.352
)
;

boundaryField
{
    floor
    {
        type            fixedValue;
        value           nonuniform List<scalar> 
400
(
300
300
300
300
300
300
300
300
300
300
300
300
300
300
300
300
300
300
300
300
300
300
300
300
300
300
300
300
300
300
300
300
300
300
300
300
300
300
300
300
300
300
300
300
300
300
300
300
300
300
300
300
300
300
300
300
300
300
300
300
300
300
300
300
300
300
300
300
300
300
300
300
300
300
300
300
300
300
300
300
300
300
300
300
300
300
300
300
300
300
300
300
300
300
300
300
300
300
300
300
300
300
300
300
300
300
300
300
300
300
300
300
300
300
300
300
300
300
300
300
300
300
300
300
300
300
300
300
300
300
300
300
300
300
300
300
300
300
300
300
300
300
300
300
300
300
300
300
300
300
300
300
300
300
300
300
300
300
300
300
300
300
300
300
300
300
300
300
300
300
300
300
300
300
300
300
300
300
300
300
300
300
300
300
300
300
300
300
300
600
600
300
300
300
300
300
300
300
300
300
300
300
300
300
300
300
300
300
300
600
600
300
300
300
300
300
300
300
300
300
300
300
300
300
300
300
300
300
300
300
300
300
300
300
300
300
300
300
300
300
300
300
300
300
300
300
300
300
300
300
300
300
300
300
300
300
300
300
300
300
300
300
300
300
300
300
300
300
300
300
300
300
300
300
300
300
300
300
300
300
300
300
300
300
300
300
300
300
300
300
300
300
300
300
300
300
300
300
300
300
300
300
300
300
300
300
300
300
300
300
300
300
300
300
300
300
300
300
300
300
300
300
300
300
300
300
300
300
300
300
300
300
300
300
300
300
300
300
300
300
300
300
300
300
300
300
300
300
300
300
300
300
300
300
300
300
300
300
300
300
300
300
300
300
300
300
300
300
300
300
300
300
300
300
300
300
300
300
300
300
300
300
300
300
300
300
300
300
300
300
300
300
300
300
300
300
300
300
300
300
)
;
    }
    ceiling
    {
        type            fixedValue;
        value           uniform 300;
    }
    fixedWalls
    {
        type            zeroGradient;
    }
}


// ************************************************************************* //
