/*--------------------------------*- C++ -*----------------------------------*\
  =========                 |
  \\      /  F ield         | OpenFOAM: The Open Source CFD Toolbox
   \\    /   O peration     | Website:  https://openfoam.org
    \\  /    A nd           | Version:  dev
     \\/     M anipulation  |
\*---------------------------------------------------------------------------*/
FoamFile
{
    version     2.0;
    format      ascii;
    class       volScalarField;
    location    "50";
    object      thermo:absHum;
}
// * * * * * * * * * * * * * * * * * * * * * * * * * * * * * * * * * * * * * //

dimensions      [1 -3 0 0 0 0 0];

internalField   nonuniform List<scalar> 
4000
(
0.00219605
0.00219585
0.00219573
0.00219567
0.00219563
0.0021956
0.00219557
0.00219556
0.00219555
0.00219554
0.00219557
0.0021956
0.00219563
0.00219565
0.00219568
0.00219572
0.00219577
0.00219584
0.00219597
0.0021962
0.00219604
0.00219584
0.00219572
0.00219567
0.00219564
0.00219563
0.00219562
0.00219562
0.00219563
0.00219563
0.00219566
0.00219567
0.00219568
0.00219569
0.0021957
0.00219573
0.00219576
0.00219583
0.00219596
0.00219619
0.00219609
0.00219588
0.00219577
0.00219572
0.0021957
0.0021957
0.0021957
0.00219571
0.00219573
0.00219574
0.00219575
0.00219576
0.00219576
0.00219576
0.00219576
0.00219577
0.0021958
0.00219586
0.002196
0.00219623
0.00219616
0.00219594
0.00219582
0.00219577
0.00219576
0.00219576
0.00219578
0.00219579
0.00219581
0.00219583
0.00219584
0.00219584
0.00219583
0.00219582
0.00219582
0.00219583
0.00219585
0.00219592
0.00219606
0.0021963
0.00219625
0.00219602
0.00219589
0.00219584
0.00219582
0.00219583
0.00219584
0.00219587
0.00219589
0.00219591
0.00219592
0.00219591
0.0021959
0.00219589
0.00219588
0.00219589
0.00219591
0.00219599
0.00219614
0.00219639
0.00219635
0.00219612
0.00219597
0.00219591
0.00219589
0.0021959
0.00219591
0.00219594
0.00219596
0.00219599
0.002196
0.00219598
0.00219597
0.00219595
0.00219595
0.00219595
0.00219599
0.00219606
0.00219623
0.00219648
0.00219645
0.00219623
0.00219607
0.00219599
0.00219597
0.00219597
0.00219599
0.00219601
0.00219605
0.00219607
0.00219609
0.00219607
0.00219604
0.00219603
0.00219602
0.00219603
0.00219607
0.00219617
0.00219634
0.00219657
0.00219656
0.00219636
0.00219621
0.00219611
0.00219607
0.00219606
0.00219607
0.0021961
0.00219615
0.00219619
0.00219622
0.00219617
0.00219614
0.00219612
0.00219611
0.00219613
0.00219619
0.0021963
0.00219647
0.00219667
0.00219669
0.00219653
0.00219639
0.00219629
0.00219622
0.00219619
0.00219619
0.00219622
0.00219628
0.00219644
0.00219651
0.00219633
0.00219626
0.00219624
0.00219625
0.00219629
0.00219636
0.00219647
0.00219662
0.00219679
0.00219694
0.00219681
0.00219671
0.00219663
0.00219656
0.00219652
0.0021965
0.00219651
0.00219657
0.00219666
0.00219672
0.00219665
0.00219656
0.00219655
0.00219657
0.00219662
0.00219669
0.00219678
0.00219688
0.00219701
0.00219585
0.00219572
0.00219565
0.0021956
0.00219557
0.00219554
0.00219551
0.00219549
0.00219549
0.00219549
0.00219553
0.00219556
0.00219559
0.00219562
0.00219565
0.00219568
0.00219572
0.00219577
0.00219586
0.002196
0.00219584
0.00219574
0.00219568
0.00219566
0.00219566
0.00219566
0.00219567
0.00219568
0.0021957
0.00219571
0.00219574
0.00219574
0.00219574
0.00219574
0.00219574
0.00219575
0.00219576
0.00219579
0.00219586
0.00219599
0.00219588
0.00219579
0.00219575
0.00219574
0.00219575
0.00219577
0.0021958
0.00219583
0.00219585
0.00219588
0.00219589
0.00219588
0.00219587
0.00219585
0.00219583
0.00219582
0.00219583
0.00219585
0.00219592
0.00219604
0.00219594
0.00219586
0.00219582
0.00219581
0.00219583
0.00219586
0.00219589
0.00219593
0.00219596
0.00219599
0.00219599
0.00219598
0.00219596
0.00219593
0.00219591
0.0021959
0.00219589
0.00219592
0.00219599
0.0021961
0.00219602
0.00219594
0.00219589
0.00219588
0.0021959
0.00219593
0.00219596
0.002196
0.00219603
0.00219606
0.00219608
0.00219605
0.00219603
0.002196
0.00219598
0.00219596
0.00219596
0.002196
0.00219607
0.00219618
0.00219612
0.00219604
0.00219598
0.00219596
0.00219596
0.00219599
0.00219602
0.00219606
0.0021961
0.00219615
0.00219616
0.00219612
0.00219609
0.00219606
0.00219604
0.00219603
0.00219604
0.00219608
0.00219616
0.00219627
0.00219623
0.00219615
0.00219608
0.00219605
0.00219604
0.00219605
0.00219608
0.00219612
0.00219617
0.00219624
0.00219626
0.0021962
0.00219615
0.00219612
0.0021961
0.00219611
0.00219613
0.00219618
0.00219627
0.00219638
0.00219636
0.00219628
0.00219621
0.00219616
0.00219613
0.00219613
0.00219615
0.00219618
0.00219624
0.00219635
0.00219639
0.00219629
0.00219623
0.0021962
0.00219619
0.0021962
0.00219624
0.00219631
0.00219639
0.0021965
0.00219653
0.00219645
0.00219638
0.00219632
0.00219628
0.00219626
0.00219626
0.00219629
0.00219635
0.00219649
0.00219655
0.00219642
0.00219634
0.00219631
0.00219632
0.00219635
0.0021964
0.00219647
0.00219655
0.00219664
0.00219681
0.00219675
0.00219669
0.00219663
0.00219659
0.00219656
0.00219655
0.00219657
0.00219662
0.00219669
0.00219673
0.00219668
0.00219663
0.00219661
0.00219662
0.00219665
0.0021967
0.00219676
0.00219683
0.0021969
0.00219573
0.00219565
0.0021956
0.00219555
0.00219551
0.00219548
0.00219545
0.00219542
0.00219541
0.00219542
0.00219547
0.00219552
0.00219555
0.00219558
0.00219562
0.00219565
0.00219569
0.00219573
0.00219579
0.00219589
0.00219572
0.00219568
0.00219567
0.00219567
0.00219568
0.00219569
0.0021957
0.00219572
0.00219573
0.00219575
0.00219578
0.00219579
0.00219579
0.00219579
0.00219578
0.00219577
0.00219577
0.00219578
0.00219581
0.00219588
0.00219577
0.00219575
0.00219575
0.00219578
0.00219581
0.00219584
0.00219587
0.00219591
0.00219594
0.00219597
0.00219598
0.00219597
0.00219595
0.00219592
0.0021959
0.00219588
0.00219586
0.00219585
0.00219587
0.00219592
0.00219582
0.00219582
0.00219583
0.00219586
0.00219589
0.00219593
0.00219597
0.00219602
0.00219606
0.00219609
0.0021961
0.00219608
0.00219605
0.00219601
0.00219598
0.00219595
0.00219593
0.00219593
0.00219594
0.00219598
0.00219589
0.00219589
0.0021959
0.00219593
0.00219596
0.002196
0.00219604
0.00219608
0.00219613
0.00219617
0.00219618
0.00219615
0.00219611
0.00219608
0.00219604
0.00219602
0.002196
0.002196
0.00219602
0.00219604
0.00219597
0.00219598
0.00219599
0.002196
0.00219602
0.00219605
0.00219609
0.00219613
0.00219619
0.00219624
0.00219626
0.00219621
0.00219617
0.00219613
0.0021961
0.00219608
0.00219608
0.00219609
0.00219611
0.00219612
0.00219607
0.00219608
0.00219608
0.00219608
0.00219609
0.00219611
0.00219614
0.00219618
0.00219624
0.00219632
0.00219635
0.00219628
0.00219622
0.00219619
0.00219617
0.00219616
0.00219616
0.00219618
0.00219621
0.00219623
0.00219621
0.00219621
0.0021962
0.00219619
0.00219618
0.00219619
0.00219621
0.00219625
0.00219631
0.00219642
0.00219646
0.00219637
0.00219629
0.00219626
0.00219625
0.00219625
0.00219627
0.0021963
0.00219633
0.00219635
0.00219639
0.00219638
0.00219635
0.00219633
0.00219632
0.00219631
0.00219632
0.00219635
0.00219641
0.00219653
0.00219659
0.00219648
0.0021964
0.00219637
0.00219637
0.00219639
0.00219642
0.00219645
0.00219649
0.00219652
0.00219671
0.00219669
0.00219666
0.00219664
0.00219661
0.0021966
0.0021966
0.00219662
0.00219666
0.00219671
0.00219675
0.00219672
0.00219668
0.00219666
0.00219666
0.00219668
0.00219671
0.00219674
0.00219677
0.00219681
0.00219567
0.0021956
0.00219555
0.00219551
0.00219546
0.00219541
0.00219537
0.00219532
0.00219529
0.00219527
0.00219535
0.00219543
0.00219549
0.00219554
0.00219558
0.00219562
0.00219567
0.00219571
0.00219576
0.00219584
0.00219567
0.00219566
0.00219567
0.00219569
0.0021957
0.0021957
0.0021957
0.0021957
0.0021957
0.00219571
0.00219575
0.00219578
0.0021958
0.0021958
0.0021958
0.0021958
0.00219579
0.00219579
0.00219579
0.00219583
0.00219572
0.00219574
0.00219578
0.00219582
0.00219585
0.00219589
0.00219592
0.00219594
0.00219597
0.002196
0.00219602
0.00219602
0.002196
0.00219597
0.00219595
0.00219592
0.0021959
0.00219587
0.00219586
0.00219587
0.00219577
0.00219581
0.00219586
0.0021959
0.00219595
0.00219599
0.00219603
0.00219608
0.00219612
0.00219616
0.00219617
0.00219615
0.00219611
0.00219607
0.00219604
0.00219601
0.00219598
0.00219595
0.00219593
0.00219592
0.00219584
0.00219588
0.00219593
0.00219597
0.00219601
0.00219605
0.0021961
0.00219615
0.0021962
0.00219624
0.00219626
0.00219622
0.00219618
0.00219614
0.0021961
0.00219607
0.00219604
0.00219602
0.002196
0.00219598
0.00219591
0.00219596
0.002196
0.00219603
0.00219607
0.0021961
0.00219614
0.00219619
0.00219625
0.00219631
0.00219633
0.00219628
0.00219623
0.00219619
0.00219615
0.00219613
0.00219611
0.00219609
0.00219608
0.00219605
0.00219599
0.00219605
0.00219608
0.00219611
0.00219613
0.00219616
0.00219619
0.00219624
0.0021963
0.00219638
0.00219641
0.00219634
0.00219628
0.00219624
0.00219622
0.0021962
0.00219619
0.00219618
0.00219617
0.00219614
0.00219611
0.00219616
0.00219619
0.0021962
0.00219622
0.00219623
0.00219626
0.0021963
0.00219637
0.00219647
0.00219651
0.00219642
0.00219635
0.00219631
0.0021963
0.00219629
0.00219629
0.00219629
0.00219628
0.00219626
0.00219629
0.00219632
0.00219633
0.00219634
0.00219634
0.00219635
0.00219637
0.0021964
0.00219647
0.00219657
0.00219662
0.00219653
0.00219646
0.00219643
0.00219642
0.00219642
0.00219643
0.00219643
0.00219643
0.00219642
0.00219663
0.00219663
0.00219664
0.00219663
0.00219663
0.00219663
0.00219664
0.00219666
0.0021967
0.00219674
0.00219678
0.00219675
0.00219672
0.0021967
0.00219669
0.0021967
0.00219671
0.00219672
0.00219673
0.00219673
0.00219563
0.00219557
0.00219551
0.00219546
0.0021954
0.00219533
0.00219524
0.00219515
0.00219506
0.00219499
0.00219511
0.00219526
0.00219537
0.00219546
0.00219553
0.00219559
0.00219564
0.00219569
0.00219573
0.0021958
0.00219564
0.00219566
0.00219568
0.0021957
0.0021957
0.00219568
0.00219565
0.00219561
0.00219556
0.00219552
0.0021956
0.00219569
0.00219575
0.00219579
0.0021958
0.00219581
0.00219581
0.0021958
0.00219579
0.00219581
0.0021957
0.00219575
0.00219581
0.00219585
0.00219589
0.00219591
0.00219593
0.00219594
0.00219595
0.00219597
0.00219601
0.00219602
0.00219601
0.002196
0.00219598
0.00219596
0.00219593
0.0021959
0.00219587
0.00219585
0.00219576
0.00219583
0.00219589
0.00219595
0.002196
0.00219604
0.00219608
0.00219612
0.00219616
0.0021962
0.00219622
0.00219619
0.00219615
0.00219612
0.00219608
0.00219605
0.00219601
0.00219598
0.00219594
0.0021959
0.00219582
0.0021959
0.00219596
0.00219601
0.00219606
0.0021961
0.00219615
0.00219619
0.00219625
0.0021963
0.00219632
0.00219628
0.00219623
0.00219618
0.00219615
0.00219611
0.00219608
0.00219604
0.002196
0.00219596
0.00219589
0.00219596
0.00219602
0.00219607
0.00219611
0.00219615
0.00219619
0.00219624
0.0021963
0.00219637
0.00219639
0.00219634
0.00219628
0.00219623
0.0021962
0.00219617
0.00219614
0.00219611
0.00219607
0.00219603
0.00219597
0.00219604
0.00219609
0.00219613
0.00219617
0.0021962
0.00219624
0.00219629
0.00219635
0.00219643
0.00219646
0.0021964
0.00219633
0.00219629
0.00219626
0.00219623
0.00219621
0.00219619
0.00219615
0.00219611
0.00219607
0.00219613
0.00219618
0.00219622
0.00219625
0.00219627
0.0021963
0.00219635
0.00219641
0.00219651
0.00219655
0.00219647
0.0021964
0.00219636
0.00219634
0.00219632
0.0021963
0.00219628
0.00219625
0.00219621
0.00219622
0.00219628
0.00219632
0.00219634
0.00219637
0.00219638
0.00219641
0.00219645
0.00219651
0.00219661
0.00219665
0.00219657
0.0021965
0.00219647
0.00219645
0.00219644
0.00219643
0.00219642
0.00219639
0.00219636
0.00219656
0.00219659
0.00219661
0.00219663
0.00219664
0.00219666
0.00219667
0.0021967
0.00219673
0.00219677
0.0021968
0.00219678
0.00219675
0.00219673
0.00219672
0.00219671
0.0021967
0.0021967
0.00219669
0.00219667
0.0021956
0.00219554
0.00219548
0.00219541
0.00219533
0.0021952
0.00219505
0.00219487
0.00219467
0.00219451
0.00219468
0.00219498
0.00219519
0.00219534
0.00219546
0.00219556
0.00219562
0.00219567
0.00219572
0.00219578
0.00219563
0.00219566
0.00219569
0.0021957
0.00219568
0.00219563
0.00219554
0.0021954
0.00219521
0.00219505
0.00219522
0.00219547
0.00219563
0.00219573
0.00219579
0.00219581
0.00219582
0.00219581
0.0021958
0.00219579
0.0021957
0.00219577
0.00219584
0.00219589
0.00219591
0.00219592
0.00219591
0.00219588
0.00219584
0.0021958
0.00219588
0.00219596
0.00219599
0.002196
0.002196
0.00219599
0.00219596
0.00219593
0.00219588
0.00219585
0.00219576
0.00219586
0.00219593
0.00219599
0.00219604
0.00219607
0.00219611
0.00219614
0.00219617
0.0021962
0.00219623
0.00219621
0.00219618
0.00219615
0.00219612
0.00219609
0.00219605
0.00219601
0.00219596
0.0021959
0.00219583
0.00219593
0.002196
0.00219605
0.0021961
0.00219615
0.00219619
0.00219624
0.00219629
0.00219634
0.00219636
0.00219632
0.00219627
0.00219623
0.00219619
0.00219615
0.00219611
0.00219607
0.00219602
0.00219596
0.0021959
0.00219599
0.00219605
0.0021961
0.00219615
0.00219619
0.00219624
0.00219629
0.00219635
0.00219641
0.00219644
0.00219638
0.00219633
0.00219628
0.00219624
0.0021962
0.00219617
0.00219613
0.00219609
0.00219603
0.00219597
0.00219605
0.00219611
0.00219616
0.0021962
0.00219624
0.00219628
0.00219633
0.0021964
0.00219648
0.00219651
0.00219644
0.00219638
0.00219633
0.0021963
0.00219627
0.00219623
0.0021962
0.00219616
0.0021961
0.00219606
0.00219613
0.00219619
0.00219623
0.00219627
0.00219631
0.00219634
0.00219639
0.00219646
0.00219655
0.00219659
0.00219651
0.00219644
0.0021964
0.00219637
0.00219634
0.00219632
0.00219628
0.00219624
0.00219619
0.00219619
0.00219626
0.00219631
0.00219635
0.00219638
0.00219641
0.00219644
0.00219649
0.00219656
0.00219664
0.00219669
0.00219661
0.00219655
0.0021965
0.00219648
0.00219646
0.00219644
0.00219641
0.00219637
0.00219632
0.00219652
0.00219656
0.0021966
0.00219663
0.00219666
0.00219668
0.0021967
0.00219673
0.00219676
0.00219679
0.00219683
0.00219681
0.00219678
0.00219676
0.00219674
0.00219672
0.0021967
0.00219669
0.00219666
0.00219662
0.00219557
0.00219551
0.00219545
0.00219537
0.00219524
0.00219505
0.00219479
0.00219445
0.00219403
0.00219366
0.00219392
0.00219453
0.00219493
0.00219519
0.00219538
0.00219551
0.0021956
0.00219566
0.00219571
0.00219577
0.00219562
0.00219567
0.0021957
0.0021957
0.00219565
0.00219554
0.00219533
0.00219499
0.00219447
0.0021939
0.00219427
0.00219498
0.00219539
0.00219562
0.00219574
0.00219581
0.00219583
0.00219583
0.00219581
0.00219579
0.0021957
0.0021958
0.00219587
0.00219592
0.00219593
0.00219591
0.00219585
0.00219573
0.00219553
0.0021953
0.00219552
0.00219578
0.00219592
0.00219598
0.00219601
0.00219601
0.00219599
0.00219596
0.00219591
0.00219585
0.00219578
0.00219589
0.00219597
0.00219603
0.00219608
0.00219611
0.00219613
0.00219614
0.00219614
0.00219614
0.00219619
0.00219621
0.0021962
0.00219618
0.00219615
0.00219612
0.00219609
0.00219604
0.00219598
0.00219591
0.00219584
0.00219596
0.00219604
0.0021961
0.00219615
0.00219619
0.00219623
0.00219628
0.00219633
0.00219638
0.0021964
0.00219636
0.00219631
0.00219627
0.00219623
0.00219619
0.00219615
0.00219611
0.00219605
0.00219597
0.00219591
0.00219602
0.00219609
0.00219614
0.00219619
0.00219624
0.00219628
0.00219633
0.0021964
0.00219646
0.00219648
0.00219643
0.00219637
0.00219632
0.00219628
0.00219624
0.0021962
0.00219616
0.00219611
0.00219604
0.00219599
0.00219608
0.00219614
0.00219619
0.00219624
0.00219628
0.00219633
0.00219638
0.00219645
0.00219652
0.00219655
0.00219649
0.00219642
0.00219637
0.00219633
0.0021963
0.00219626
0.00219622
0.00219617
0.00219611
0.00219607
0.00219615
0.00219621
0.00219626
0.0021963
0.00219634
0.00219639
0.00219644
0.00219651
0.00219659
0.00219662
0.00219656
0.00219649
0.00219644
0.0021964
0.00219637
0.00219634
0.0021963
0.00219625
0.00219619
0.00219619
0.00219626
0.00219632
0.00219637
0.00219641
0.00219644
0.00219649
0.00219654
0.0021966
0.00219668
0.00219672
0.00219665
0.00219659
0.00219654
0.00219651
0.00219648
0.00219645
0.00219641
0.00219636
0.00219631
0.0021965
0.00219655
0.0021966
0.00219664
0.00219667
0.0021967
0.00219673
0.00219676
0.00219679
0.00219682
0.00219685
0.00219683
0.00219681
0.00219678
0.00219676
0.00219674
0.00219671
0.00219668
0.00219664
0.0021966
0.00219556
0.00219549
0.00219542
0.00219532
0.00219515
0.00219487
0.00219445
0.00219382
0.0021929
0.00219168
0.00219231
0.00219376
0.00219456
0.002195
0.00219529
0.00219547
0.00219559
0.00219566
0.00219571
0.00219576
0.00219562
0.00219568
0.00219572
0.0021957
0.00219561
0.0021954
0.00219499
0.00219421
0.00219283
0.002191
0.0021919
0.00219395
0.00219496
0.00219545
0.00219568
0.0021958
0.00219585
0.00219585
0.00219582
0.0021958
0.00219571
0.00219583
0.00219591
0.00219594
0.00219594
0.00219588
0.00219573
0.00219541
0.00219481
0.00219393
0.00219456
0.00219535
0.00219575
0.00219593
0.00219601
0.00219603
0.00219602
0.00219599
0.00219593
0.00219586
0.00219579
0.00219593
0.00219602
0.00219608
0.00219612
0.00219614
0.00219614
0.00219611
0.00219603
0.00219593
0.00219605
0.00219616
0.0021962
0.0021962
0.00219619
0.00219616
0.00219612
0.00219608
0.00219601
0.00219593
0.00219587
0.002196
0.00219608
0.00219615
0.00219619
0.00219624
0.00219628
0.00219632
0.00219636
0.0021964
0.00219643
0.00219639
0.00219635
0.00219631
0.00219627
0.00219623
0.00219619
0.00219614
0.00219608
0.00219599
0.00219594
0.00219606
0.00219613
0.00219619
0.00219624
0.00219629
0.00219633
0.00219639
0.00219645
0.00219651
0.00219653
0.00219648
0.00219642
0.00219637
0.00219632
0.00219628
0.00219624
0.0021962
0.00219614
0.00219605
0.00219601
0.00219612
0.00219618
0.00219624
0.00219629
0.00219633
0.00219638
0.00219643
0.0021965
0.00219657
0.00219659
0.00219653
0.00219647
0.00219642
0.00219638
0.00219634
0.0021963
0.00219625
0.0021962
0.00219613
0.0021961
0.00219618
0.00219625
0.0021963
0.00219635
0.00219639
0.00219644
0.00219649
0.00219656
0.00219663
0.00219666
0.0021966
0.00219654
0.00219649
0.00219644
0.0021964
0.00219636
0.00219632
0.00219627
0.00219621
0.00219622
0.00219629
0.00219635
0.0021964
0.00219645
0.00219649
0.00219654
0.00219659
0.00219665
0.00219672
0.00219675
0.00219669
0.00219663
0.00219659
0.00219655
0.00219651
0.00219647
0.00219643
0.00219637
0.00219632
0.00219651
0.00219657
0.00219662
0.00219666
0.0021967
0.00219673
0.00219676
0.00219679
0.00219682
0.00219685
0.00219687
0.00219685
0.00219683
0.00219681
0.00219678
0.00219676
0.00219673
0.00219669
0.00219665
0.0021966
0.00219555
0.00219549
0.00219541
0.00219529
0.00219506
0.00219467
0.00219403
0.0021929
0.00219047
0.0021876
0.00218885
0.00219206
0.00219405
0.0021948
0.0021952
0.00219544
0.00219559
0.00219566
0.00219571
0.00219576
0.00219563
0.0021957
0.00219573
0.0021957
0.00219556
0.00219521
0.00219447
0.00219283
0.00218935
0.00218375
0.00218593
0.00219188
0.00219425
0.00219521
0.00219561
0.00219579
0.00219586
0.00219587
0.00219584
0.0021958
0.00219573
0.00219585
0.00219594
0.00219597
0.00219595
0.00219584
0.00219553
0.00219481
0.00219323
0.00219041
0.00219225
0.00219445
0.00219545
0.00219585
0.00219601
0.00219605
0.00219605
0.00219602
0.00219595
0.00219587
0.00219581
0.00219596
0.00219606
0.00219612
0.00219616
0.00219617
0.00219614
0.00219603
0.00219579
0.00219541
0.00219572
0.00219603
0.00219617
0.00219622
0.00219622
0.0021962
0.00219616
0.00219611
0.00219604
0.00219594
0.00219589
0.00219603
0.00219613
0.0021962
0.00219625
0.00219629
0.00219633
0.00219636
0.00219639
0.0021964
0.00219643
0.00219642
0.00219639
0.00219636
0.00219632
0.00219628
0.00219623
0.00219618
0.00219611
0.002196
0.00219596
0.0021961
0.00219619
0.00219625
0.0021963
0.00219635
0.0021964
0.00219645
0.00219651
0.00219656
0.00219657
0.00219652
0.00219647
0.00219642
0.00219638
0.00219633
0.00219629
0.00219624
0.00219617
0.00219607
0.00219605
0.00219617
0.00219624
0.0021963
0.00219635
0.0021964
0.00219645
0.0021965
0.00219656
0.00219662
0.00219664
0.00219658
0.00219653
0.00219648
0.00219643
0.00219639
0.00219635
0.0021963
0.00219624
0.00219615
0.00219615
0.00219624
0.00219631
0.00219637
0.00219641
0.00219646
0.00219651
0.00219656
0.00219662
0.00219668
0.0021967
0.00219665
0.00219659
0.00219654
0.0021965
0.00219646
0.00219642
0.00219637
0.00219631
0.00219624
0.00219628
0.00219635
0.00219641
0.00219647
0.00219651
0.00219656
0.0021966
0.00219665
0.0021967
0.00219676
0.00219678
0.00219674
0.00219669
0.00219664
0.0021966
0.00219656
0.00219652
0.00219647
0.00219642
0.00219635
0.00219657
0.00219662
0.00219666
0.0021967
0.00219673
0.00219676
0.00219679
0.00219682
0.00219685
0.00219687
0.00219689
0.00219688
0.00219685
0.00219683
0.00219681
0.00219678
0.00219676
0.00219672
0.00219669
0.00219664
0.00219554
0.00219549
0.00219542
0.00219527
0.00219499
0.00219451
0.00219366
0.00219168
0.0021876
0.00216474
0.00216834
0.00218955
0.00219338
0.00219463
0.00219514
0.00219543
0.00219559
0.00219568
0.00219573
0.00219577
0.00219563
0.00219571
0.00219575
0.00219571
0.00219552
0.00219505
0.0021939
0.002191
0.00218375
0.00216918
0.00217371
0.00218892
0.00219343
0.00219498
0.00219557
0.0021958
0.00219588
0.00219589
0.00219586
0.00219581
0.00219574
0.00219588
0.00219597
0.002196
0.00219597
0.0021958
0.0021953
0.00219393
0.00219041
0.00218116
0.00218684
0.00219297
0.00219507
0.00219578
0.00219601
0.00219608
0.00219608
0.00219604
0.00219597
0.00219588
0.00219583
0.00219599
0.00219609
0.00219616
0.0021962
0.0021962
0.00219614
0.00219593
0.00219541
0.00219437
0.00219517
0.00219584
0.00219614
0.00219624
0.00219625
0.00219623
0.00219619
0.00219614
0.00219606
0.00219595
0.00219591
0.00219606
0.00219617
0.00219624
0.0021963
0.00219634
0.00219638
0.0021964
0.0021964
0.00219635
0.00219641
0.00219644
0.00219643
0.0021964
0.00219636
0.00219632
0.00219627
0.00219621
0.00219613
0.00219602
0.00219599
0.00219615
0.00219624
0.00219631
0.00219637
0.00219641
0.00219646
0.00219651
0.00219656
0.0021966
0.0021966
0.00219656
0.00219652
0.00219647
0.00219643
0.00219639
0.00219634
0.00219628
0.00219621
0.00219609
0.00219607
0.00219624
0.00219632
0.00219638
0.00219643
0.00219648
0.00219652
0.00219657
0.00219662
0.00219667
0.00219667
0.00219663
0.00219658
0.00219654
0.0021965
0.00219646
0.00219641
0.00219636
0.00219629
0.00219617
0.00219619
0.00219635
0.00219642
0.00219647
0.00219651
0.00219655
0.00219659
0.00219663
0.00219668
0.00219673
0.00219673
0.0021967
0.00219665
0.00219661
0.00219657
0.00219654
0.0021965
0.00219645
0.00219639
0.00219627
0.00219644
0.00219649
0.00219653
0.00219657
0.00219661
0.00219664
0.00219668
0.00219672
0.00219676
0.0021968
0.00219681
0.00219678
0.00219674
0.00219671
0.00219667
0.00219664
0.00219661
0.00219657
0.00219653
0.00219648
0.00219666
0.00219669
0.00219671
0.00219674
0.00219677
0.00219679
0.00219682
0.00219685
0.00219687
0.00219689
0.0021969
0.0021969
0.00219688
0.00219685
0.00219683
0.00219681
0.00219679
0.00219676
0.00219674
0.00219671
0.00219557
0.00219553
0.00219547
0.00219535
0.00219511
0.00219468
0.00219392
0.00219231
0.00218885
0.00216834
0.00217121
0.00219055
0.00219378
0.00219481
0.00219526
0.00219551
0.00219566
0.00219573
0.00219576
0.0021958
0.00219566
0.00219574
0.00219578
0.00219575
0.0021956
0.00219522
0.00219427
0.0021919
0.00218593
0.00217371
0.0021778
0.0021902
0.00219393
0.00219519
0.00219566
0.00219585
0.00219591
0.00219592
0.00219588
0.00219584
0.00219575
0.00219589
0.00219598
0.00219602
0.00219601
0.00219588
0.00219552
0.00219456
0.00219225
0.00218684
0.00219094
0.0021941
0.0021954
0.00219589
0.00219606
0.0021961
0.00219609
0.00219605
0.00219599
0.0021959
0.00219584
0.00219599
0.0021961
0.00219617
0.00219622
0.00219623
0.00219619
0.00219605
0.00219572
0.00219517
0.00219563
0.00219603
0.00219621
0.00219627
0.00219627
0.00219625
0.00219621
0.00219615
0.00219607
0.00219597
0.00219592
0.00219608
0.00219618
0.00219626
0.00219632
0.00219636
0.0021964
0.00219643
0.00219643
0.00219641
0.00219645
0.00219646
0.00219645
0.00219642
0.00219638
0.00219634
0.00219628
0.00219622
0.00219614
0.00219603
0.002196
0.00219616
0.00219626
0.00219633
0.00219639
0.00219644
0.00219648
0.00219653
0.00219657
0.0021966
0.0021966
0.00219657
0.00219653
0.00219649
0.00219645
0.00219641
0.00219636
0.0021963
0.00219622
0.0021961
0.00219609
0.00219626
0.00219635
0.00219641
0.00219646
0.00219651
0.00219655
0.00219659
0.00219664
0.00219667
0.00219667
0.00219664
0.0021966
0.00219656
0.00219653
0.00219649
0.00219644
0.00219639
0.00219631
0.00219618
0.00219622
0.00219639
0.00219646
0.00219651
0.00219655
0.00219659
0.00219662
0.00219666
0.0021967
0.00219673
0.00219674
0.00219671
0.00219668
0.00219664
0.00219661
0.00219657
0.00219654
0.00219649
0.00219643
0.0021963
0.00219651
0.00219655
0.00219659
0.00219662
0.00219665
0.00219669
0.00219672
0.00219675
0.00219678
0.00219681
0.00219681
0.00219679
0.00219677
0.00219674
0.00219671
0.00219668
0.00219665
0.00219662
0.00219659
0.00219654
0.00219672
0.00219673
0.00219675
0.00219678
0.0021968
0.00219683
0.00219685
0.00219687
0.00219689
0.0021969
0.00219691
0.0021969
0.00219689
0.00219687
0.00219685
0.00219683
0.00219681
0.00219679
0.00219677
0.00219676
0.0021956
0.00219556
0.00219552
0.00219543
0.00219526
0.00219498
0.00219453
0.00219376
0.00219206
0.00218955
0.00219055
0.00219327
0.0021947
0.00219516
0.00219543
0.0021956
0.00219571
0.00219576
0.00219579
0.00219583
0.00219567
0.00219574
0.00219579
0.00219578
0.00219569
0.00219547
0.00219498
0.00219395
0.00219188
0.00218892
0.0021902
0.0021935
0.00219493
0.00219552
0.00219578
0.00219589
0.00219593
0.00219592
0.00219589
0.00219585
0.00219576
0.00219588
0.00219597
0.00219602
0.00219602
0.00219596
0.00219578
0.00219535
0.00219445
0.00219297
0.0021941
0.00219523
0.00219578
0.002196
0.00219609
0.0021961
0.00219609
0.00219605
0.00219598
0.00219591
0.00219584
0.00219598
0.00219608
0.00219615
0.00219619
0.00219621
0.00219621
0.00219616
0.00219603
0.00219584
0.00219603
0.00219618
0.00219625
0.00219627
0.00219626
0.00219623
0.00219619
0.00219613
0.00219606
0.00219597
0.00219591
0.00219605
0.00219615
0.00219622
0.00219628
0.00219632
0.00219636
0.00219639
0.00219642
0.00219644
0.00219646
0.00219645
0.00219642
0.00219638
0.00219635
0.0021963
0.00219626
0.0021962
0.00219613
0.00219603
0.00219598
0.00219612
0.00219621
0.00219628
0.00219634
0.00219638
0.00219643
0.00219648
0.00219652
0.00219656
0.00219657
0.00219654
0.00219649
0.00219645
0.00219641
0.00219637
0.00219632
0.00219627
0.00219619
0.00219609
0.00219607
0.0021962
0.00219628
0.00219634
0.0021964
0.00219644
0.00219649
0.00219653
0.00219658
0.00219663
0.00219664
0.0021966
0.00219655
0.00219651
0.00219647
0.00219643
0.00219639
0.00219634
0.00219627
0.00219617
0.00219617
0.00219629
0.00219637
0.00219642
0.00219647
0.00219651
0.00219656
0.0021966
0.00219665
0.0021967
0.00219671
0.00219667
0.00219663
0.00219659
0.00219655
0.00219651
0.00219647
0.00219642
0.00219636
0.00219626
0.00219633
0.00219642
0.00219648
0.00219653
0.00219657
0.00219661
0.00219665
0.00219669
0.00219674
0.00219678
0.00219679
0.00219676
0.00219672
0.00219669
0.00219665
0.00219662
0.00219658
0.00219654
0.00219648
0.0021964
0.00219665
0.00219668
0.00219672
0.00219675
0.00219678
0.00219681
0.00219683
0.00219685
0.00219688
0.0021969
0.0021969
0.0021969
0.00219688
0.00219686
0.00219684
0.00219682
0.00219679
0.00219677
0.00219674
0.00219671
0.00219563
0.00219559
0.00219555
0.00219549
0.00219537
0.00219519
0.00219493
0.00219456
0.00219405
0.00219338
0.00219378
0.0021947
0.00219512
0.00219537
0.00219555
0.00219567
0.00219574
0.00219578
0.00219581
0.00219584
0.00219568
0.00219574
0.00219579
0.0021958
0.00219575
0.00219563
0.00219539
0.00219496
0.00219425
0.00219343
0.00219393
0.00219493
0.00219546
0.00219572
0.00219585
0.00219591
0.00219593
0.00219592
0.00219589
0.00219586
0.00219576
0.00219587
0.00219595
0.002196
0.00219601
0.00219599
0.00219592
0.00219575
0.00219545
0.00219507
0.0021954
0.00219578
0.00219597
0.00219606
0.00219609
0.00219609
0.00219607
0.00219603
0.00219597
0.00219591
0.00219583
0.00219596
0.00219605
0.00219611
0.00219615
0.00219618
0.0021962
0.0021962
0.00219617
0.00219614
0.00219621
0.00219625
0.00219626
0.00219625
0.00219623
0.0021962
0.00219616
0.00219611
0.00219605
0.00219597
0.0021959
0.00219603
0.00219611
0.00219618
0.00219623
0.00219627
0.00219631
0.00219635
0.00219639
0.00219643
0.00219645
0.00219642
0.00219638
0.00219634
0.0021963
0.00219626
0.00219622
0.00219617
0.00219611
0.00219602
0.00219597
0.00219609
0.00219617
0.00219623
0.00219628
0.00219633
0.00219637
0.00219642
0.00219647
0.00219652
0.00219653
0.00219649
0.00219644
0.0021964
0.00219636
0.00219632
0.00219628
0.00219623
0.00219617
0.00219609
0.00219604
0.00219615
0.00219622
0.00219628
0.00219633
0.00219638
0.00219642
0.00219647
0.00219653
0.00219658
0.0021966
0.00219655
0.0021965
0.00219646
0.00219642
0.00219638
0.00219634
0.00219629
0.00219623
0.00219616
0.00219614
0.00219623
0.00219629
0.00219635
0.0021964
0.00219644
0.00219649
0.00219654
0.00219659
0.00219665
0.00219668
0.00219663
0.00219657
0.00219653
0.00219649
0.00219645
0.00219641
0.00219636
0.00219631
0.00219624
0.00219626
0.00219634
0.0021964
0.00219646
0.0021965
0.00219655
0.00219659
0.00219663
0.00219669
0.00219674
0.00219677
0.00219672
0.00219667
0.00219663
0.00219659
0.00219656
0.00219652
0.00219647
0.00219642
0.00219635
0.00219656
0.00219663
0.00219668
0.00219672
0.00219675
0.00219678
0.00219681
0.00219683
0.00219685
0.00219688
0.00219689
0.00219688
0.00219686
0.00219684
0.00219682
0.0021968
0.00219677
0.00219674
0.0021967
0.00219664
0.00219565
0.00219562
0.00219558
0.00219554
0.00219546
0.00219534
0.00219519
0.002195
0.0021948
0.00219463
0.00219481
0.00219516
0.00219537
0.00219552
0.00219563
0.00219571
0.00219577
0.0021958
0.00219583
0.00219586
0.00219569
0.00219574
0.00219579
0.0021958
0.00219579
0.00219573
0.00219562
0.00219545
0.00219521
0.00219498
0.00219519
0.00219552
0.00219572
0.00219583
0.0021959
0.00219592
0.00219593
0.00219591
0.00219589
0.00219587
0.00219576
0.00219585
0.00219592
0.00219597
0.002196
0.002196
0.00219598
0.00219593
0.00219585
0.00219578
0.00219589
0.002196
0.00219606
0.00219608
0.00219609
0.00219607
0.00219605
0.00219601
0.00219596
0.00219591
0.00219582
0.00219593
0.00219601
0.00219607
0.00219612
0.00219615
0.00219618
0.0021962
0.00219622
0.00219624
0.00219627
0.00219627
0.00219625
0.00219622
0.0021962
0.00219616
0.00219613
0.00219608
0.00219603
0.00219597
0.00219589
0.002196
0.00219608
0.00219614
0.00219618
0.00219623
0.00219627
0.00219631
0.00219636
0.0021964
0.00219642
0.00219638
0.00219634
0.0021963
0.00219626
0.00219623
0.00219619
0.00219614
0.00219609
0.00219602
0.00219595
0.00219606
0.00219613
0.00219619
0.00219623
0.00219628
0.00219632
0.00219637
0.00219642
0.00219647
0.00219649
0.00219645
0.0021964
0.00219635
0.00219632
0.00219628
0.00219624
0.0021962
0.00219615
0.00219608
0.00219603
0.00219612
0.00219619
0.00219624
0.00219629
0.00219633
0.00219637
0.00219642
0.00219648
0.00219654
0.00219656
0.00219651
0.00219646
0.00219641
0.00219637
0.00219634
0.0021963
0.00219626
0.00219621
0.00219615
0.00219612
0.0021962
0.00219626
0.00219631
0.00219636
0.0021964
0.00219644
0.00219649
0.00219654
0.00219661
0.00219664
0.00219659
0.00219653
0.00219648
0.00219645
0.00219642
0.00219638
0.00219634
0.00219629
0.00219623
0.00219624
0.00219631
0.00219637
0.00219643
0.00219647
0.0021965
0.00219654
0.00219659
0.00219664
0.00219671
0.00219674
0.00219669
0.00219663
0.00219659
0.00219655
0.00219652
0.00219649
0.00219645
0.0021964
0.00219635
0.00219655
0.00219661
0.00219666
0.0021967
0.00219673
0.00219676
0.00219678
0.00219681
0.00219683
0.00219685
0.00219687
0.00219686
0.00219684
0.00219682
0.0021968
0.00219678
0.00219675
0.00219672
0.00219668
0.00219664
0.00219568
0.00219565
0.00219562
0.00219558
0.00219553
0.00219546
0.00219538
0.00219529
0.0021952
0.00219514
0.00219526
0.00219543
0.00219555
0.00219563
0.0021957
0.00219575
0.00219579
0.00219582
0.00219584
0.00219589
0.0021957
0.00219574
0.00219578
0.0021958
0.0021958
0.00219579
0.00219574
0.00219568
0.00219561
0.00219557
0.00219566
0.00219578
0.00219585
0.0021959
0.00219592
0.00219593
0.00219592
0.00219591
0.00219589
0.00219588
0.00219576
0.00219583
0.0021959
0.00219595
0.00219598
0.002196
0.00219601
0.00219601
0.00219601
0.00219601
0.00219606
0.00219609
0.00219609
0.00219609
0.00219607
0.00219605
0.00219603
0.00219599
0.00219595
0.00219592
0.00219582
0.00219591
0.00219598
0.00219604
0.00219608
0.00219612
0.00219615
0.00219619
0.00219622
0.00219625
0.00219627
0.00219626
0.00219623
0.0021962
0.00219617
0.00219614
0.0021961
0.00219606
0.00219602
0.00219597
0.00219588
0.00219598
0.00219604
0.0021961
0.00219615
0.00219619
0.00219623
0.00219627
0.00219632
0.00219636
0.00219638
0.00219635
0.0021963
0.00219626
0.00219623
0.0021962
0.00219616
0.00219612
0.00219608
0.00219602
0.00219595
0.00219604
0.0021961
0.00219615
0.0021962
0.00219624
0.00219628
0.00219632
0.00219638
0.00219643
0.00219645
0.00219641
0.00219636
0.00219632
0.00219628
0.00219625
0.00219622
0.00219618
0.00219614
0.00219608
0.00219602
0.0021961
0.00219617
0.00219622
0.00219626
0.0021963
0.00219633
0.00219638
0.00219643
0.0021965
0.00219653
0.00219647
0.00219642
0.00219637
0.00219634
0.00219632
0.00219629
0.00219625
0.00219621
0.00219615
0.00219611
0.00219619
0.00219625
0.0021963
0.00219634
0.00219637
0.0021964
0.00219644
0.0021965
0.00219657
0.00219661
0.00219655
0.00219649
0.00219645
0.00219642
0.0021964
0.00219637
0.00219634
0.00219629
0.00219624
0.00219625
0.00219632
0.00219637
0.00219642
0.00219645
0.00219648
0.00219651
0.00219655
0.0021966
0.00219667
0.00219671
0.00219665
0.00219659
0.00219655
0.00219653
0.00219651
0.00219649
0.00219646
0.00219642
0.00219636
0.00219657
0.00219662
0.00219666
0.00219669
0.00219672
0.00219674
0.00219676
0.00219678
0.00219681
0.00219683
0.00219685
0.00219684
0.00219682
0.0021968
0.00219679
0.00219677
0.00219675
0.00219673
0.0021967
0.00219666
0.00219572
0.00219568
0.00219565
0.00219562
0.00219559
0.00219556
0.00219551
0.00219547
0.00219544
0.00219543
0.00219551
0.0021956
0.00219567
0.00219571
0.00219575
0.00219579
0.00219581
0.00219584
0.00219587
0.00219592
0.00219573
0.00219575
0.00219577
0.0021958
0.00219581
0.00219581
0.00219581
0.0021958
0.00219579
0.0021958
0.00219585
0.00219589
0.00219591
0.00219592
0.00219593
0.00219592
0.00219591
0.0021959
0.00219589
0.0021959
0.00219577
0.00219582
0.00219588
0.00219592
0.00219596
0.00219599
0.00219601
0.00219603
0.00219605
0.00219608
0.0021961
0.0021961
0.00219609
0.00219607
0.00219605
0.00219603
0.00219601
0.00219598
0.00219595
0.00219594
0.00219583
0.0021959
0.00219595
0.00219601
0.00219605
0.00219609
0.00219612
0.00219616
0.0021962
0.00219623
0.00219625
0.00219623
0.0021962
0.00219616
0.00219614
0.00219611
0.00219608
0.00219605
0.00219601
0.00219598
0.00219589
0.00219596
0.00219602
0.00219607
0.00219611
0.00219615
0.00219619
0.00219623
0.00219628
0.00219632
0.00219634
0.0021963
0.00219626
0.00219623
0.0021962
0.00219617
0.00219614
0.00219611
0.00219607
0.00219604
0.00219595
0.00219603
0.00219608
0.00219613
0.00219617
0.0021962
0.00219624
0.00219628
0.00219633
0.00219639
0.00219641
0.00219637
0.00219632
0.00219628
0.00219625
0.00219623
0.0021962
0.00219617
0.00219614
0.0021961
0.00219603
0.00219611
0.00219616
0.0021962
0.00219623
0.00219627
0.0021963
0.00219634
0.00219639
0.00219646
0.00219649
0.00219643
0.00219638
0.00219634
0.00219632
0.0021963
0.00219628
0.00219625
0.00219622
0.00219617
0.00219613
0.0021962
0.00219625
0.00219629
0.00219632
0.00219634
0.00219637
0.0021964
0.00219646
0.00219654
0.00219657
0.00219651
0.00219645
0.00219642
0.0021964
0.00219638
0.00219637
0.00219635
0.00219631
0.00219627
0.00219629
0.00219635
0.00219639
0.00219642
0.00219644
0.00219646
0.00219648
0.00219651
0.00219656
0.00219664
0.00219668
0.00219662
0.00219656
0.00219652
0.00219651
0.0021965
0.00219649
0.00219647
0.00219645
0.00219641
0.00219662
0.00219665
0.00219668
0.0021967
0.00219671
0.00219672
0.00219674
0.00219676
0.00219678
0.00219681
0.00219683
0.00219682
0.0021968
0.00219678
0.00219677
0.00219676
0.00219675
0.00219674
0.00219673
0.00219671
0.00219577
0.00219572
0.00219569
0.00219567
0.00219564
0.00219562
0.0021956
0.00219559
0.00219559
0.00219559
0.00219566
0.00219571
0.00219574
0.00219577
0.00219579
0.00219581
0.00219584
0.00219586
0.0021959
0.00219596
0.00219576
0.00219576
0.00219577
0.00219579
0.00219581
0.00219582
0.00219583
0.00219585
0.00219586
0.00219588
0.00219591
0.00219593
0.00219593
0.00219593
0.00219592
0.00219591
0.00219591
0.0021959
0.00219591
0.00219594
0.0021958
0.00219583
0.00219586
0.0021959
0.00219593
0.00219596
0.00219599
0.00219602
0.00219605
0.00219608
0.00219609
0.00219609
0.00219607
0.00219605
0.00219603
0.00219601
0.00219599
0.00219597
0.00219596
0.00219597
0.00219585
0.00219589
0.00219593
0.00219598
0.00219601
0.00219605
0.00219609
0.00219612
0.00219616
0.00219619
0.00219621
0.00219619
0.00219616
0.00219613
0.0021961
0.00219608
0.00219605
0.00219603
0.00219602
0.00219601
0.00219591
0.00219596
0.002196
0.00219604
0.00219608
0.00219611
0.00219615
0.00219619
0.00219623
0.00219627
0.00219628
0.00219626
0.00219622
0.00219619
0.00219616
0.00219614
0.00219612
0.0021961
0.00219609
0.00219607
0.00219599
0.00219604
0.00219608
0.00219611
0.00219614
0.00219617
0.0021962
0.00219624
0.00219629
0.00219634
0.00219636
0.00219632
0.00219628
0.00219624
0.00219622
0.0021962
0.00219619
0.00219618
0.00219616
0.00219614
0.00219607
0.00219613
0.00219616
0.00219619
0.00219621
0.00219623
0.00219626
0.0021963
0.00219635
0.00219641
0.00219644
0.00219639
0.00219634
0.0021963
0.00219629
0.00219628
0.00219627
0.00219626
0.00219625
0.00219622
0.00219619
0.00219624
0.00219627
0.00219629
0.0021963
0.00219632
0.00219634
0.00219636
0.00219642
0.0021965
0.00219654
0.00219647
0.00219641
0.00219638
0.00219637
0.00219637
0.00219637
0.00219636
0.00219635
0.00219633
0.00219636
0.0021964
0.00219642
0.00219643
0.00219643
0.00219644
0.00219645
0.00219647
0.00219652
0.00219661
0.00219665
0.00219658
0.00219652
0.00219649
0.00219649
0.00219649
0.0021965
0.0021965
0.0021965
0.00219648
0.00219669
0.0021967
0.00219671
0.00219671
0.0021967
0.0021967
0.00219671
0.00219673
0.00219676
0.00219679
0.00219681
0.00219679
0.00219677
0.00219675
0.00219675
0.00219675
0.00219676
0.00219677
0.00219677
0.00219677
0.00219584
0.00219577
0.00219573
0.00219571
0.00219569
0.00219567
0.00219566
0.00219566
0.00219566
0.00219568
0.00219573
0.00219576
0.00219578
0.0021958
0.00219582
0.00219584
0.00219586
0.00219589
0.00219594
0.00219602
0.00219583
0.00219579
0.00219578
0.00219579
0.0021958
0.00219581
0.00219583
0.00219585
0.00219587
0.00219589
0.00219592
0.00219592
0.00219592
0.00219591
0.00219591
0.0021959
0.0021959
0.00219591
0.00219594
0.002196
0.00219586
0.00219585
0.00219585
0.00219587
0.0021959
0.00219593
0.00219596
0.00219599
0.00219602
0.00219604
0.00219605
0.00219605
0.00219603
0.00219601
0.00219599
0.00219598
0.00219597
0.00219597
0.00219599
0.00219603
0.00219592
0.00219592
0.00219593
0.00219595
0.00219598
0.00219601
0.00219604
0.00219608
0.00219611
0.00219614
0.00219615
0.00219613
0.00219611
0.00219608
0.00219606
0.00219605
0.00219603
0.00219603
0.00219605
0.00219608
0.00219599
0.002196
0.002196
0.00219602
0.00219604
0.00219607
0.00219611
0.00219614
0.00219618
0.00219621
0.00219622
0.0021962
0.00219617
0.00219614
0.00219612
0.00219611
0.0021961
0.00219611
0.00219612
0.00219614
0.00219606
0.00219608
0.00219609
0.00219609
0.00219611
0.00219613
0.00219616
0.0021962
0.00219624
0.00219628
0.0021963
0.00219627
0.00219623
0.0021962
0.00219618
0.00219617
0.00219618
0.00219619
0.00219621
0.00219621
0.00219617
0.00219618
0.00219618
0.00219618
0.00219619
0.0021962
0.00219622
0.00219625
0.0021963
0.00219636
0.00219639
0.00219634
0.00219629
0.00219626
0.00219625
0.00219625
0.00219626
0.00219628
0.0021963
0.00219631
0.0021963
0.00219631
0.0021963
0.00219629
0.00219628
0.00219628
0.0021963
0.00219632
0.00219637
0.00219645
0.00219649
0.00219642
0.00219636
0.00219634
0.00219634
0.00219635
0.00219636
0.00219639
0.00219641
0.00219643
0.00219647
0.00219647
0.00219645
0.00219643
0.00219642
0.00219641
0.00219641
0.00219643
0.00219647
0.00219657
0.00219662
0.00219654
0.00219647
0.00219645
0.00219646
0.00219647
0.0021965
0.00219653
0.00219656
0.00219658
0.00219678
0.00219676
0.00219674
0.00219672
0.0021967
0.00219669
0.00219668
0.00219669
0.00219672
0.00219676
0.00219679
0.00219677
0.00219674
0.00219672
0.00219673
0.00219674
0.00219677
0.00219679
0.00219682
0.00219685
0.00219597
0.00219586
0.00219579
0.00219576
0.00219573
0.00219572
0.00219571
0.00219571
0.00219571
0.00219573
0.00219576
0.00219579
0.00219581
0.00219583
0.00219584
0.00219587
0.0021959
0.00219594
0.00219601
0.00219614
0.00219596
0.00219586
0.00219581
0.00219579
0.00219579
0.0021958
0.00219581
0.00219582
0.00219584
0.00219586
0.00219588
0.00219589
0.00219589
0.00219589
0.00219589
0.00219589
0.00219591
0.00219594
0.00219601
0.00219612
0.002196
0.00219592
0.00219587
0.00219586
0.00219587
0.00219588
0.00219591
0.00219593
0.00219595
0.00219597
0.00219599
0.00219598
0.00219597
0.00219596
0.00219595
0.00219595
0.00219596
0.00219599
0.00219605
0.00219616
0.00219606
0.00219599
0.00219594
0.00219593
0.00219594
0.00219596
0.00219598
0.00219601
0.00219604
0.00219606
0.00219607
0.00219606
0.00219605
0.00219603
0.00219602
0.00219601
0.00219602
0.00219605
0.00219611
0.00219621
0.00219614
0.00219607
0.00219602
0.002196
0.002196
0.00219602
0.00219605
0.00219608
0.00219611
0.00219613
0.00219614
0.00219613
0.00219611
0.00219609
0.00219608
0.00219607
0.00219609
0.00219612
0.00219619
0.00219628
0.00219623
0.00219616
0.00219611
0.00219608
0.00219607
0.00219609
0.00219611
0.00219614
0.00219617
0.00219621
0.00219622
0.00219619
0.00219617
0.00219615
0.00219614
0.00219614
0.00219616
0.00219621
0.00219628
0.00219637
0.00219634
0.00219627
0.00219621
0.00219617
0.00219615
0.00219616
0.00219617
0.0021962
0.00219624
0.00219629
0.00219631
0.00219627
0.00219623
0.00219621
0.00219621
0.00219622
0.00219625
0.0021963
0.00219638
0.00219647
0.00219647
0.00219639
0.00219633
0.00219628
0.00219625
0.00219624
0.00219625
0.00219627
0.00219631
0.00219639
0.00219643
0.00219636
0.00219631
0.00219629
0.00219629
0.00219631
0.00219635
0.00219641
0.00219649
0.00219658
0.00219662
0.00219655
0.00219649
0.00219643
0.00219639
0.00219637
0.00219636
0.00219637
0.00219642
0.00219653
0.00219659
0.00219648
0.00219642
0.0021964
0.00219642
0.00219645
0.0021965
0.00219656
0.00219663
0.00219671
0.00219688
0.00219683
0.00219677
0.00219673
0.00219669
0.00219666
0.00219664
0.00219665
0.00219669
0.00219674
0.00219677
0.00219674
0.0021967
0.00219668
0.0021967
0.00219673
0.00219677
0.00219682
0.00219688
0.00219694
0.0021962
0.002196
0.00219589
0.00219584
0.0021958
0.00219578
0.00219577
0.00219576
0.00219576
0.00219577
0.0021958
0.00219583
0.00219584
0.00219586
0.00219589
0.00219592
0.00219596
0.00219602
0.00219614
0.00219634
0.00219619
0.00219599
0.00219588
0.00219583
0.00219581
0.00219579
0.00219579
0.0021958
0.0021958
0.00219581
0.00219584
0.00219585
0.00219586
0.00219587
0.00219588
0.0021959
0.00219594
0.002196
0.00219612
0.00219632
0.00219623
0.00219604
0.00219592
0.00219587
0.00219585
0.00219585
0.00219585
0.00219586
0.00219587
0.00219588
0.0021959
0.00219591
0.00219591
0.00219591
0.00219592
0.00219594
0.00219597
0.00219603
0.00219616
0.00219636
0.0021963
0.0021961
0.00219598
0.00219592
0.0021959
0.0021959
0.00219591
0.00219593
0.00219594
0.00219595
0.00219597
0.00219597
0.00219597
0.00219597
0.00219597
0.00219598
0.00219601
0.00219608
0.00219621
0.00219643
0.00219639
0.00219618
0.00219604
0.00219598
0.00219596
0.00219596
0.00219597
0.00219599
0.002196
0.00219602
0.00219603
0.00219603
0.00219602
0.00219602
0.00219602
0.00219604
0.00219607
0.00219614
0.00219628
0.00219651
0.00219648
0.00219627
0.00219612
0.00219605
0.00219603
0.00219603
0.00219604
0.00219605
0.00219607
0.00219609
0.0021961
0.00219609
0.00219609
0.00219608
0.00219608
0.0021961
0.00219614
0.00219621
0.00219637
0.00219659
0.00219657
0.00219638
0.00219623
0.00219614
0.00219611
0.0021961
0.00219611
0.00219613
0.00219615
0.00219617
0.00219618
0.00219617
0.00219616
0.00219615
0.00219615
0.00219617
0.00219622
0.00219631
0.00219647
0.00219667
0.00219667
0.0021965
0.00219635
0.00219626
0.00219621
0.00219619
0.00219619
0.00219621
0.00219624
0.00219627
0.0021963
0.00219626
0.00219624
0.00219623
0.00219624
0.00219627
0.00219633
0.00219643
0.00219658
0.00219676
0.00219679
0.00219664
0.00219652
0.00219642
0.00219636
0.00219632
0.00219631
0.00219632
0.00219635
0.00219648
0.00219654
0.0021964
0.00219635
0.00219635
0.00219636
0.00219641
0.00219648
0.00219658
0.00219671
0.00219685
0.00219701
0.0021969
0.00219681
0.00219673
0.00219667
0.00219662
0.0021966
0.0021966
0.00219664
0.00219671
0.00219676
0.00219671
0.00219664
0.00219664
0.00219666
0.00219671
0.00219677
0.00219685
0.00219694
0.00219704
)
;

boundaryField
{
    floor
    {
        type            calculated;
        value           nonuniform List<scalar> 
400
(
0.00220002
0.00220002
0.00220002
0.00220002
0.00220002
0.00220002
0.00220002
0.00220002
0.00220002
0.00220002
0.00220002
0.00220002
0.00220002
0.00220002
0.00220002
0.00220002
0.00220002
0.00220002
0.00220002
0.00220002
0.00220002
0.00220002
0.00220002
0.00220002
0.00220002
0.00220002
0.00220002
0.00220002
0.00220002
0.00220002
0.00220002
0.00220002
0.00220002
0.00220002
0.00220002
0.00220002
0.00220002
0.00220002
0.00220002
0.00220002
0.00220002
0.00220002
0.00220002
0.00220002
0.00220002
0.00220002
0.00220002
0.00220002
0.00220002
0.00220002
0.00220002
0.00220002
0.00220002
0.00220002
0.00220002
0.00220002
0.00220002
0.00220002
0.00220002
0.00220002
0.00220002
0.00220002
0.00220002
0.00220002
0.00220002
0.00220002
0.00220002
0.00220002
0.00220002
0.00220002
0.00220002
0.00220002
0.00220002
0.00220002
0.00220002
0.00220002
0.00220002
0.00220002
0.00220002
0.00220002
0.00220002
0.00220002
0.00220002
0.00220002
0.00220002
0.00220002
0.00220002
0.00220002
0.00220002
0.00220002
0.00220002
0.00220002
0.00220002
0.00220002
0.00220002
0.00220002
0.00220002
0.00220002
0.00220002
0.00220002
0.00220002
0.00220002
0.00220002
0.00220002
0.00220002
0.00220002
0.00220002
0.00220002
0.00220002
0.00220002
0.00220002
0.00220002
0.00220002
0.00220002
0.00220002
0.00220002
0.00220002
0.00220002
0.00220002
0.00220002
0.00220002
0.00220002
0.00220002
0.00220002
0.00220002
0.00220002
0.00220002
0.00220002
0.00220002
0.00220002
0.00220002
0.00220002
0.00220002
0.00220002
0.00220002
0.00220002
0.00220002
0.00220002
0.00220002
0.00220002
0.00220002
0.00220002
0.00220002
0.00220002
0.00220002
0.00220002
0.00220002
0.00220002
0.00220002
0.00220002
0.00220002
0.00220002
0.00220002
0.00220002
0.00220002
0.00220002
0.00220002
0.00220002
0.00220002
0.00220002
0.00220002
0.00220002
0.00220002
0.00220002
0.00220002
0.00220002
0.00220002
0.00220002
0.00220002
0.00220002
0.00220002
0.00220002
0.00220002
0.00220002
0.00220002
0.00220002
0.00220002
0.00220002
0.00220002
0.00220002
0.00220002
0.00220002
0.00220002
0.00220002
0.00220002
0.00220002
0.00220002
0.00220002
0.00220002
0.000528928
0.000528928
0.00220002
0.00220002
0.00220002
0.00220002
0.00220002
0.00220002
0.00220002
0.00220002
0.00220002
0.00220002
0.00220002
0.00220002
0.00220002
0.00220002
0.00220002
0.00220002
0.00220002
0.00220002
0.000528928
0.000528928
0.00220002
0.00220002
0.00220002
0.00220002
0.00220002
0.00220002
0.00220002
0.00220002
0.00220002
0.00220002
0.00220002
0.00220002
0.00220002
0.00220002
0.00220002
0.00220002
0.00220002
0.00220002
0.00220002
0.00220002
0.00220002
0.00220002
0.00220002
0.00220002
0.00220002
0.00220002
0.00220002
0.00220002
0.00220002
0.00220002
0.00220002
0.00220002
0.00220002
0.00220002
0.00220002
0.00220002
0.00220002
0.00220002
0.00220002
0.00220002
0.00220002
0.00220002
0.00220002
0.00220002
0.00220002
0.00220002
0.00220002
0.00220002
0.00220002
0.00220002
0.00220002
0.00220002
0.00220002
0.00220002
0.00220002
0.00220002
0.00220002
0.00220002
0.00220002
0.00220002
0.00220002
0.00220002
0.00220002
0.00220002
0.00220002
0.00220002
0.00220002
0.00220002
0.00220002
0.00220002
0.00220002
0.00220002
0.00220002
0.00220002
0.00220002
0.00220002
0.00220002
0.00220002
0.00220002
0.00220002
0.00220002
0.00220002
0.00220002
0.00220002
0.00220002
0.00220002
0.00220002
0.00220002
0.00220002
0.00220002
0.00220002
0.00220002
0.00220002
0.00220002
0.00220002
0.00220002
0.00220002
0.00220002
0.00220002
0.00220002
0.00220002
0.00220002
0.00220002
0.00220002
0.00220002
0.00220002
0.00220002
0.00220002
0.00220002
0.00220002
0.00220002
0.00220002
0.00220002
0.00220002
0.00220002
0.00220002
0.00220002
0.00220002
0.00220002
0.00220002
0.00220002
0.00220002
0.00220002
0.00220002
0.00220002
0.00220002
0.00220002
0.00220002
0.00220002
0.00220002
0.00220002
0.00220002
0.00220002
0.00220002
0.00220002
0.00220002
0.00220002
0.00220002
0.00220002
0.00220002
0.00220002
0.00220002
0.00220002
0.00220002
0.00220002
0.00220002
0.00220002
0.00220002
0.00220002
0.00220002
0.00220002
0.00220002
0.00220002
0.00220002
0.00220002
0.00220002
0.00220002
0.00220002
0.00220002
0.00220002
0.00220002
0.00220002
0.00220002
0.00220002
0.00220002
0.00220002
0.00220002
0.00220002
0.00220002
0.00220002
0.00220002
0.00220002
0.00220002
0.00220002
0.00220002
0.00220002
0.00220002
0.00220002
0.00220002
0.00220002
0.00220002
0.00220002
0.00220002
0.00220002
0.00220002
0.00220002
0.00220002
0.00220002
0.00220002
)
;
    }
    ceiling
    {
        type            calculated;
        value           uniform 0.00220002;
    }
    fixedWalls
    {
        type            calculated;
        value           nonuniform List<scalar> 
800
(
0.00219605
0.00219604
0.00219609
0.00219616
0.00219625
0.00219635
0.00219645
0.00219656
0.00219669
0.00219694
0.00219585
0.00219584
0.00219588
0.00219594
0.00219602
0.00219612
0.00219623
0.00219636
0.00219653
0.00219681
0.00219573
0.00219572
0.00219577
0.00219582
0.00219589
0.00219597
0.00219607
0.00219621
0.00219639
0.00219671
0.00219567
0.00219567
0.00219572
0.00219577
0.00219584
0.00219591
0.00219599
0.00219611
0.00219629
0.00219663
0.00219563
0.00219564
0.0021957
0.00219576
0.00219582
0.00219589
0.00219597
0.00219607
0.00219622
0.00219656
0.0021956
0.00219563
0.0021957
0.00219576
0.00219583
0.0021959
0.00219597
0.00219606
0.00219619
0.00219652
0.00219557
0.00219562
0.0021957
0.00219578
0.00219584
0.00219591
0.00219599
0.00219607
0.00219619
0.0021965
0.00219556
0.00219562
0.00219571
0.00219579
0.00219587
0.00219594
0.00219601
0.0021961
0.00219622
0.00219651
0.00219555
0.00219563
0.00219573
0.00219581
0.00219589
0.00219596
0.00219605
0.00219615
0.00219628
0.00219657
0.00219554
0.00219563
0.00219574
0.00219583
0.00219591
0.00219599
0.00219607
0.00219619
0.00219644
0.00219666
0.00219557
0.00219566
0.00219575
0.00219584
0.00219592
0.002196
0.00219609
0.00219622
0.00219651
0.00219672
0.0021956
0.00219567
0.00219576
0.00219584
0.00219591
0.00219598
0.00219607
0.00219617
0.00219633
0.00219665
0.00219563
0.00219568
0.00219576
0.00219583
0.0021959
0.00219597
0.00219604
0.00219614
0.00219626
0.00219656
0.00219565
0.00219569
0.00219576
0.00219582
0.00219589
0.00219595
0.00219603
0.00219612
0.00219624
0.00219655
0.00219568
0.0021957
0.00219576
0.00219582
0.00219588
0.00219595
0.00219602
0.00219611
0.00219625
0.00219657
0.00219572
0.00219573
0.00219577
0.00219583
0.00219589
0.00219595
0.00219603
0.00219613
0.00219629
0.00219662
0.00219577
0.00219576
0.0021958
0.00219585
0.00219591
0.00219599
0.00219607
0.00219619
0.00219636
0.00219669
0.00219584
0.00219583
0.00219586
0.00219592
0.00219599
0.00219606
0.00219617
0.0021963
0.00219647
0.00219678
0.00219597
0.00219596
0.002196
0.00219606
0.00219614
0.00219623
0.00219634
0.00219647
0.00219662
0.00219688
0.0021962
0.00219619
0.00219623
0.0021963
0.00219639
0.00219648
0.00219657
0.00219667
0.00219679
0.00219701
0.0021962
0.00219619
0.00219623
0.0021963
0.00219639
0.00219648
0.00219657
0.00219667
0.00219679
0.00219701
0.002196
0.00219599
0.00219604
0.0021961
0.00219618
0.00219627
0.00219638
0.0021965
0.00219664
0.0021969
0.00219589
0.00219588
0.00219592
0.00219598
0.00219604
0.00219612
0.00219623
0.00219635
0.00219652
0.00219681
0.00219584
0.00219583
0.00219587
0.00219592
0.00219598
0.00219605
0.00219614
0.00219626
0.00219642
0.00219673
0.0021958
0.00219581
0.00219585
0.0021959
0.00219596
0.00219603
0.00219611
0.00219621
0.00219636
0.00219667
0.00219578
0.00219579
0.00219585
0.0021959
0.00219596
0.00219603
0.0021961
0.00219619
0.00219632
0.00219662
0.00219577
0.00219579
0.00219585
0.00219591
0.00219597
0.00219604
0.00219611
0.00219619
0.00219631
0.0021966
0.00219576
0.0021958
0.00219586
0.00219593
0.00219599
0.00219605
0.00219613
0.00219621
0.00219632
0.0021966
0.00219576
0.0021958
0.00219587
0.00219594
0.002196
0.00219607
0.00219615
0.00219624
0.00219635
0.00219664
0.00219577
0.00219581
0.00219588
0.00219595
0.00219602
0.00219609
0.00219617
0.00219627
0.00219648
0.00219671
0.0021958
0.00219584
0.0021959
0.00219597
0.00219603
0.0021961
0.00219618
0.0021963
0.00219654
0.00219676
0.00219583
0.00219585
0.00219591
0.00219597
0.00219603
0.00219609
0.00219617
0.00219626
0.0021964
0.00219671
0.00219584
0.00219586
0.00219591
0.00219597
0.00219602
0.00219609
0.00219616
0.00219624
0.00219635
0.00219664
0.00219586
0.00219587
0.00219591
0.00219597
0.00219602
0.00219608
0.00219615
0.00219623
0.00219635
0.00219664
0.00219589
0.00219588
0.00219592
0.00219597
0.00219602
0.00219608
0.00219615
0.00219624
0.00219636
0.00219666
0.00219592
0.0021959
0.00219594
0.00219598
0.00219604
0.0021961
0.00219617
0.00219627
0.00219641
0.00219671
0.00219596
0.00219594
0.00219597
0.00219601
0.00219607
0.00219614
0.00219622
0.00219633
0.00219648
0.00219677
0.00219602
0.002196
0.00219603
0.00219608
0.00219614
0.00219621
0.00219631
0.00219643
0.00219658
0.00219685
0.00219614
0.00219612
0.00219616
0.00219621
0.00219628
0.00219637
0.00219647
0.00219658
0.00219671
0.00219694
0.00219634
0.00219632
0.00219636
0.00219643
0.00219651
0.00219659
0.00219667
0.00219676
0.00219685
0.00219704
0.00219605
0.00219604
0.00219609
0.00219616
0.00219625
0.00219635
0.00219645
0.00219656
0.00219669
0.00219694
0.00219585
0.00219584
0.00219588
0.00219594
0.00219602
0.00219612
0.00219623
0.00219636
0.00219653
0.00219681
0.00219573
0.00219572
0.00219577
0.00219582
0.00219589
0.00219597
0.00219607
0.00219621
0.00219639
0.00219671
0.00219567
0.00219567
0.00219572
0.00219577
0.00219584
0.00219591
0.00219599
0.00219611
0.00219629
0.00219663
0.00219563
0.00219564
0.0021957
0.00219576
0.00219582
0.00219589
0.00219597
0.00219607
0.00219622
0.00219656
0.0021956
0.00219563
0.0021957
0.00219576
0.00219583
0.0021959
0.00219597
0.00219606
0.00219619
0.00219652
0.00219557
0.00219562
0.0021957
0.00219578
0.00219584
0.00219591
0.00219599
0.00219607
0.00219619
0.0021965
0.00219556
0.00219562
0.00219571
0.00219579
0.00219587
0.00219594
0.00219601
0.0021961
0.00219622
0.00219651
0.00219555
0.00219563
0.00219573
0.00219581
0.00219589
0.00219596
0.00219605
0.00219615
0.00219628
0.00219657
0.00219554
0.00219563
0.00219574
0.00219583
0.00219591
0.00219599
0.00219607
0.00219619
0.00219644
0.00219666
0.00219557
0.00219566
0.00219575
0.00219584
0.00219592
0.002196
0.00219609
0.00219622
0.00219651
0.00219672
0.0021956
0.00219567
0.00219576
0.00219584
0.00219591
0.00219598
0.00219607
0.00219617
0.00219633
0.00219665
0.00219563
0.00219568
0.00219576
0.00219583
0.0021959
0.00219597
0.00219604
0.00219614
0.00219626
0.00219656
0.00219565
0.00219569
0.00219576
0.00219582
0.00219589
0.00219595
0.00219603
0.00219612
0.00219624
0.00219655
0.00219568
0.0021957
0.00219576
0.00219582
0.00219588
0.00219595
0.00219602
0.00219611
0.00219625
0.00219657
0.00219572
0.00219573
0.00219577
0.00219583
0.00219589
0.00219595
0.00219603
0.00219613
0.00219629
0.00219662
0.00219577
0.00219576
0.0021958
0.00219585
0.00219591
0.00219599
0.00219607
0.00219619
0.00219636
0.00219669
0.00219584
0.00219583
0.00219586
0.00219592
0.00219599
0.00219606
0.00219617
0.0021963
0.00219647
0.00219678
0.00219597
0.00219596
0.002196
0.00219606
0.00219614
0.00219623
0.00219634
0.00219647
0.00219662
0.00219688
0.0021962
0.00219619
0.00219623
0.0021963
0.00219639
0.00219648
0.00219657
0.00219667
0.00219679
0.00219701
0.0021962
0.00219619
0.00219623
0.0021963
0.00219639
0.00219648
0.00219657
0.00219667
0.00219679
0.00219701
0.002196
0.00219599
0.00219604
0.0021961
0.00219618
0.00219627
0.00219638
0.0021965
0.00219664
0.0021969
0.00219589
0.00219588
0.00219592
0.00219598
0.00219604
0.00219612
0.00219623
0.00219635
0.00219652
0.00219681
0.00219584
0.00219583
0.00219587
0.00219592
0.00219598
0.00219605
0.00219614
0.00219626
0.00219642
0.00219673
0.0021958
0.00219581
0.00219585
0.0021959
0.00219596
0.00219603
0.00219611
0.00219621
0.00219636
0.00219667
0.00219578
0.00219579
0.00219585
0.0021959
0.00219596
0.00219603
0.0021961
0.00219619
0.00219632
0.00219662
0.00219577
0.00219579
0.00219585
0.00219591
0.00219597
0.00219604
0.00219611
0.00219619
0.00219631
0.0021966
0.00219576
0.0021958
0.00219586
0.00219593
0.00219599
0.00219605
0.00219613
0.00219621
0.00219632
0.0021966
0.00219576
0.0021958
0.00219587
0.00219594
0.002196
0.00219607
0.00219615
0.00219624
0.00219635
0.00219664
0.00219577
0.00219581
0.00219588
0.00219595
0.00219602
0.00219609
0.00219617
0.00219627
0.00219648
0.00219671
0.0021958
0.00219584
0.0021959
0.00219597
0.00219603
0.0021961
0.00219618
0.0021963
0.00219654
0.00219676
0.00219583
0.00219585
0.00219591
0.00219597
0.00219603
0.00219609
0.00219617
0.00219626
0.0021964
0.00219671
0.00219584
0.00219586
0.00219591
0.00219597
0.00219602
0.00219609
0.00219616
0.00219624
0.00219635
0.00219664
0.00219586
0.00219587
0.00219591
0.00219597
0.00219602
0.00219608
0.00219615
0.00219623
0.00219635
0.00219664
0.00219589
0.00219588
0.00219592
0.00219597
0.00219602
0.00219608
0.00219615
0.00219624
0.00219636
0.00219666
0.00219592
0.0021959
0.00219594
0.00219598
0.00219604
0.0021961
0.00219617
0.00219627
0.00219641
0.00219671
0.00219596
0.00219594
0.00219597
0.00219601
0.00219607
0.00219614
0.00219622
0.00219633
0.00219648
0.00219677
0.00219602
0.002196
0.00219603
0.00219608
0.00219614
0.00219621
0.00219631
0.00219643
0.00219658
0.00219685
0.00219614
0.00219612
0.00219616
0.00219621
0.00219628
0.00219637
0.00219647
0.00219658
0.00219671
0.00219694
0.00219634
0.00219632
0.00219636
0.00219643
0.00219651
0.00219659
0.00219667
0.00219676
0.00219685
0.00219704
)
;
    }
}


// ************************************************************************* //
