/*--------------------------------*- C++ -*----------------------------------*\
  =========                 |
  \\      /  F ield         | OpenFOAM: The Open Source CFD Toolbox
   \\    /   O peration     | Website:  https://openfoam.org
    \\  /    A nd           | Version:  dev
     \\/     M anipulation  |
\*---------------------------------------------------------------------------*/
FoamFile
{
    version     2.0;
    format      ascii;
    class       volScalarField;
    location    "50";
    object      thermo:partialPressureH2O;
}
// * * * * * * * * * * * * * * * * * * * * * * * * * * * * * * * * * * * * * //

dimensions      [1 -1 -2 0 0 0 0];

internalField   nonuniform List<scalar> 
4000
(
304.525
304.521
304.519
304.518
304.517
304.517
304.516
304.516
304.516
304.516
304.516
304.517
304.517
304.518
304.518
304.519
304.52
304.521
304.524
304.528
304.525
304.521
304.519
304.518
304.518
304.517
304.517
304.517
304.517
304.517
304.518
304.518
304.518
304.519
304.519
304.519
304.52
304.521
304.524
304.528
304.526
304.522
304.52
304.519
304.519
304.519
304.519
304.519
304.519
304.519
304.52
304.52
304.52
304.52
304.52
304.52
304.521
304.522
304.524
304.529
304.527
304.523
304.521
304.52
304.52
304.52
304.52
304.521
304.521
304.521
304.521
304.521
304.521
304.521
304.521
304.521
304.522
304.523
304.526
304.53
304.529
304.525
304.522
304.521
304.521
304.521
304.521
304.522
304.522
304.523
304.523
304.523
304.522
304.522
304.522
304.522
304.523
304.524
304.527
304.532
304.531
304.527
304.524
304.523
304.522
304.522
304.523
304.523
304.524
304.524
304.524
304.524
304.524
304.524
304.523
304.524
304.524
304.526
304.529
304.534
304.533
304.529
304.526
304.524
304.524
304.524
304.524
304.525
304.525
304.526
304.526
304.526
304.525
304.525
304.525
304.525
304.526
304.528
304.531
304.535
304.535
304.531
304.528
304.527
304.526
304.526
304.526
304.526
304.527
304.528
304.529
304.528
304.527
304.527
304.527
304.527
304.528
304.53
304.533
304.537
304.537
304.534
304.532
304.53
304.529
304.528
304.528
304.529
304.53
304.533
304.534
304.531
304.529
304.529
304.529
304.53
304.531
304.533
304.536
304.539
304.542
304.54
304.538
304.536
304.535
304.534
304.534
304.534
304.535
304.537
304.538
304.537
304.535
304.535
304.535
304.536
304.537
304.539
304.541
304.543
304.521
304.519
304.518
304.517
304.516
304.516
304.515
304.515
304.515
304.515
304.515
304.516
304.517
304.517
304.518
304.518
304.519
304.52
304.522
304.525
304.521
304.519
304.518
304.518
304.518
304.518
304.518
304.518
304.519
304.519
304.519
304.52
304.52
304.52
304.52
304.52
304.52
304.52
304.522
304.524
304.522
304.52
304.52
304.519
304.52
304.52
304.521
304.521
304.522
304.522
304.522
304.522
304.522
304.522
304.521
304.521
304.521
304.522
304.523
304.525
304.523
304.522
304.521
304.521
304.521
304.522
304.522
304.523
304.524
304.524
304.524
304.524
304.524
304.523
304.523
304.522
304.522
304.523
304.524
304.526
304.525
304.523
304.522
304.522
304.522
304.523
304.524
304.524
304.525
304.526
304.526
304.525
304.525
304.524
304.524
304.524
304.524
304.524
304.526
304.528
304.527
304.525
304.524
304.524
304.524
304.524
304.525
304.525
304.526
304.527
304.527
304.527
304.526
304.526
304.525
304.525
304.525
304.526
304.527
304.53
304.529
304.527
304.526
304.525
304.525
304.525
304.526
304.527
304.528
304.529
304.529
304.528
304.527
304.527
304.526
304.526
304.527
304.528
304.53
304.532
304.531
304.53
304.528
304.527
304.527
304.527
304.527
304.528
304.529
304.531
304.532
304.53
304.529
304.528
304.528
304.528
304.529
304.53
304.532
304.534
304.534
304.533
304.532
304.53
304.53
304.529
304.529
304.53
304.531
304.534
304.535
304.532
304.531
304.53
304.53
304.531
304.532
304.533
304.535
304.537
304.54
304.539
304.537
304.536
304.536
304.535
304.535
304.535
304.536
304.537
304.538
304.537
304.536
304.536
304.536
304.537
304.538
304.539
304.54
304.541
304.519
304.518
304.517
304.516
304.515
304.515
304.514
304.513
304.513
304.513
304.514
304.515
304.516
304.517
304.517
304.518
304.519
304.519
304.521
304.522
304.519
304.518
304.518
304.518
304.518
304.519
304.519
304.519
304.519
304.52
304.52
304.52
304.52
304.52
304.52
304.52
304.52
304.52
304.521
304.522
304.52
304.52
304.52
304.52
304.521
304.521
304.522
304.523
304.523
304.524
304.524
304.524
304.523
304.523
304.523
304.522
304.522
304.522
304.522
304.523
304.521
304.521
304.521
304.522
304.522
304.523
304.524
304.525
304.525
304.526
304.526
304.526
304.525
304.525
304.524
304.524
304.523
304.523
304.523
304.524
304.522
304.522
304.523
304.523
304.524
304.524
304.525
304.526
304.527
304.528
304.528
304.527
304.527
304.526
304.525
304.525
304.524
304.524
304.525
304.525
304.524
304.524
304.524
304.524
304.525
304.525
304.526
304.527
304.528
304.529
304.529
304.528
304.528
304.527
304.526
304.526
304.526
304.526
304.526
304.527
304.526
304.526
304.526
304.526
304.526
304.526
304.527
304.528
304.529
304.531
304.531
304.53
304.529
304.528
304.528
304.527
304.528
304.528
304.528
304.529
304.528
304.528
304.528
304.528
304.528
304.528
304.528
304.529
304.53
304.532
304.533
304.531
304.53
304.529
304.529
304.529
304.53
304.53
304.531
304.531
304.532
304.532
304.531
304.531
304.53
304.53
304.53
304.531
304.532
304.534
304.536
304.534
304.532
304.532
304.531
304.532
304.532
304.533
304.534
304.534
304.538
304.537
304.537
304.536
304.536
304.536
304.536
304.536
304.537
304.538
304.539
304.538
304.537
304.537
304.537
304.537
304.538
304.538
304.539
304.54
304.518
304.517
304.516
304.515
304.514
304.513
304.512
304.512
304.511
304.511
304.512
304.514
304.515
304.516
304.517
304.517
304.518
304.519
304.52
304.521
304.518
304.518
304.518
304.519
304.519
304.519
304.519
304.519
304.519
304.519
304.52
304.52
304.521
304.521
304.521
304.521
304.52
304.52
304.52
304.521
304.519
304.519
304.52
304.521
304.522
304.522
304.523
304.523
304.524
304.524
304.525
304.525
304.524
304.524
304.523
304.523
304.522
304.522
304.522
304.522
304.52
304.521
304.522
304.523
304.523
304.524
304.525
304.526
304.527
304.527
304.528
304.527
304.526
304.526
304.525
304.525
304.524
304.523
304.523
304.523
304.521
304.522
304.523
304.524
304.525
304.525
304.526
304.527
304.528
304.529
304.529
304.529
304.528
304.527
304.526
304.526
304.525
304.525
304.524
304.524
304.523
304.524
304.524
304.525
304.526
304.526
304.527
304.528
304.529
304.53
304.531
304.53
304.529
304.528
304.527
304.527
304.526
304.526
304.526
304.525
304.524
304.525
304.526
304.526
304.527
304.527
304.528
304.529
304.53
304.532
304.532
304.531
304.53
304.529
304.529
304.528
304.528
304.528
304.528
304.527
304.527
304.527
304.528
304.528
304.529
304.529
304.529
304.53
304.531
304.533
304.534
304.532
304.531
304.53
304.53
304.53
304.53
304.53
304.53
304.529
304.53
304.53
304.531
304.531
304.531
304.531
304.531
304.532
304.533
304.535
304.536
304.534
304.533
304.532
304.532
304.532
304.532
304.533
304.533
304.532
304.536
304.536
304.536
304.536
304.536
304.536
304.537
304.537
304.538
304.538
304.539
304.539
304.538
304.538
304.537
304.538
304.538
304.538
304.538
304.538
304.517
304.516
304.515
304.514
304.513
304.512
304.51
304.508
304.506
304.505
304.507
304.51
304.513
304.514
304.516
304.517
304.518
304.518
304.519
304.521
304.518
304.518
304.518
304.519
304.519
304.518
304.518
304.517
304.516
304.515
304.517
304.519
304.52
304.52
304.521
304.521
304.521
304.521
304.52
304.521
304.519
304.52
304.521
304.522
304.522
304.523
304.523
304.523
304.524
304.524
304.525
304.525
304.525
304.524
304.524
304.524
304.523
304.522
304.522
304.522
304.52
304.521
304.522
304.523
304.524
304.525
304.526
304.527
304.527
304.528
304.528
304.528
304.527
304.527
304.526
304.525
304.525
304.524
304.523
304.523
304.521
304.522
304.524
304.525
304.526
304.526
304.527
304.528
304.529
304.53
304.53
304.53
304.529
304.528
304.527
304.527
304.526
304.525
304.524
304.524
304.522
304.524
304.525
304.526
304.526
304.527
304.528
304.529
304.53
304.531
304.532
304.531
304.53
304.529
304.528
304.528
304.527
304.526
304.526
304.525
304.524
304.525
304.526
304.527
304.528
304.528
304.529
304.53
304.531
304.533
304.533
304.532
304.531
304.53
304.529
304.529
304.528
304.528
304.527
304.526
304.526
304.527
304.528
304.529
304.529
304.53
304.53
304.531
304.532
304.534
304.535
304.533
304.532
304.531
304.531
304.53
304.53
304.53
304.529
304.528
304.529
304.53
304.53
304.531
304.531
304.532
304.532
304.533
304.534
304.536
304.537
304.535
304.534
304.533
304.533
304.533
304.533
304.532
304.532
304.531
304.535
304.536
304.536
304.536
304.537
304.537
304.537
304.538
304.538
304.539
304.54
304.539
304.539
304.538
304.538
304.538
304.538
304.538
304.537
304.537
304.517
304.516
304.515
304.513
304.512
304.509
304.506
304.503
304.499
304.496
304.499
304.505
304.509
304.512
304.514
304.516
304.517
304.518
304.519
304.52
304.517
304.518
304.519
304.519
304.518
304.517
304.516
304.513
304.509
304.506
304.51
304.514
304.517
304.519
304.52
304.521
304.521
304.521
304.521
304.521
304.519
304.52
304.521
304.522
304.523
304.523
304.523
304.522
304.521
304.521
304.522
304.524
304.524
304.524
304.524
304.524
304.524
304.523
304.522
304.521
304.52
304.522
304.523
304.524
304.525
304.526
304.526
304.527
304.528
304.528
304.529
304.528
304.528
304.527
304.527
304.526
304.525
304.525
304.524
304.523
304.521
304.523
304.524
304.525
304.526
304.527
304.528
304.529
304.53
304.531
304.531
304.531
304.53
304.529
304.528
304.527
304.527
304.526
304.525
304.524
304.522
304.524
304.525
304.526
304.527
304.528
304.529
304.53
304.531
304.532
304.533
304.532
304.531
304.53
304.529
304.528
304.528
304.527
304.526
304.525
304.524
304.525
304.526
304.527
304.528
304.529
304.53
304.531
304.532
304.533
304.534
304.533
304.532
304.531
304.53
304.529
304.529
304.528
304.527
304.526
304.526
304.527
304.528
304.529
304.53
304.53
304.531
304.532
304.533
304.535
304.536
304.534
304.533
304.532
304.531
304.531
304.53
304.53
304.529
304.528
304.528
304.529
304.53
304.531
304.532
304.532
304.533
304.534
304.535
304.537
304.537
304.536
304.535
304.534
304.533
304.533
304.533
304.532
304.531
304.53
304.534
304.535
304.536
304.536
304.537
304.537
304.538
304.538
304.539
304.539
304.54
304.54
304.539
304.539
304.538
304.538
304.538
304.537
304.537
304.536
304.516
304.515
304.514
304.512
304.51
304.506
304.501
304.495
304.487
304.48
304.485
304.496
304.504
304.509
304.513
304.515
304.517
304.518
304.519
304.52
304.517
304.518
304.519
304.519
304.518
304.516
304.512
304.505
304.495
304.484
304.492
304.505
304.513
304.517
304.52
304.521
304.521
304.521
304.521
304.52
304.519
304.521
304.522
304.523
304.523
304.523
304.522
304.519
304.516
304.511
304.515
304.52
304.523
304.524
304.525
304.525
304.524
304.524
304.523
304.522
304.52
304.522
304.524
304.525
304.526
304.526
304.527
304.527
304.527
304.527
304.528
304.528
304.528
304.528
304.527
304.527
304.526
304.525
304.524
304.523
304.521
304.524
304.525
304.526
304.527
304.528
304.529
304.53
304.531
304.532
304.532
304.531
304.53
304.53
304.529
304.528
304.527
304.526
304.525
304.524
304.523
304.525
304.526
304.527
304.528
304.529
304.53
304.531
304.532
304.533
304.534
304.533
304.531
304.53
304.53
304.529
304.528
304.527
304.526
304.525
304.524
304.526
304.527
304.528
304.529
304.53
304.531
304.532
304.533
304.534
304.535
304.534
304.532
304.531
304.531
304.53
304.529
304.529
304.528
304.526
304.526
304.527
304.528
304.529
304.53
304.531
304.532
304.533
304.534
304.536
304.536
304.535
304.534
304.533
304.532
304.531
304.531
304.53
304.529
304.528
304.528
304.529
304.53
304.531
304.532
304.533
304.534
304.535
304.536
304.537
304.538
304.537
304.536
304.535
304.534
304.533
304.533
304.532
304.531
304.53
304.534
304.535
304.536
304.537
304.537
304.538
304.538
304.539
304.539
304.54
304.54
304.54
304.54
304.539
304.539
304.538
304.538
304.537
304.537
304.536
304.516
304.515
304.513
304.512
304.508
304.503
304.495
304.483
304.465
304.442
304.454
304.482
304.497
304.505
304.511
304.514
304.517
304.518
304.519
304.52
304.517
304.518
304.519
304.519
304.517
304.513
304.505
304.49
304.464
304.428
304.446
304.485
304.505
304.514
304.518
304.521
304.522
304.522
304.521
304.521
304.519
304.521
304.523
304.523
304.523
304.522
304.519
304.513
304.502
304.485
304.497
304.512
304.52
304.523
304.525
304.525
304.525
304.524
304.523
304.522
304.521
304.523
304.525
304.526
304.527
304.527
304.527
304.526
304.525
304.523
304.525
304.527
304.528
304.528
304.528
304.527
304.527
304.526
304.525
304.523
304.522
304.524
304.526
304.527
304.528
304.529
304.53
304.53
304.531
304.532
304.532
304.532
304.531
304.53
304.53
304.529
304.528
304.527
304.526
304.524
304.523
304.525
304.527
304.528
304.529
304.53
304.531
304.532
304.533
304.534
304.534
304.533
304.532
304.531
304.531
304.53
304.529
304.528
304.527
304.525
304.525
304.527
304.528
304.529
304.53
304.531
304.532
304.533
304.534
304.535
304.536
304.535
304.533
304.532
304.532
304.531
304.53
304.529
304.528
304.527
304.526
304.528
304.529
304.53
304.531
304.532
304.533
304.534
304.535
304.536
304.537
304.536
304.535
304.534
304.533
304.532
304.531
304.53
304.53
304.528
304.529
304.53
304.531
304.532
304.533
304.534
304.535
304.536
304.537
304.538
304.539
304.538
304.536
304.535
304.535
304.534
304.533
304.532
304.532
304.53
304.534
304.535
304.536
304.537
304.538
304.538
304.539
304.539
304.54
304.54
304.541
304.541
304.54
304.54
304.539
304.539
304.538
304.538
304.537
304.536
304.516
304.515
304.513
304.511
304.506
304.499
304.487
304.465
304.418
304.361
304.386
304.449
304.487
304.502
304.509
304.514
304.517
304.518
304.519
304.52
304.517
304.519
304.519
304.519
304.516
304.509
304.495
304.464
304.396
304.284
304.328
304.445
304.491
304.509
304.517
304.52
304.522
304.522
304.521
304.521
304.519
304.522
304.523
304.524
304.524
304.521
304.516
304.502
304.471
304.417
304.453
304.495
304.514
304.522
304.525
304.525
304.525
304.525
304.524
304.522
304.521
304.524
304.525
304.527
304.527
304.528
304.527
304.525
304.52
304.513
304.519
304.525
304.528
304.529
304.529
304.528
304.527
304.526
304.525
304.523
304.522
304.525
304.527
304.528
304.529
304.53
304.531
304.531
304.532
304.532
304.533
304.532
304.532
304.531
304.53
304.53
304.529
304.528
304.526
304.525
304.524
304.526
304.528
304.529
304.53
304.531
304.532
304.533
304.534
304.535
304.535
304.534
304.533
304.532
304.532
304.531
304.53
304.529
304.528
304.526
304.525
304.528
304.529
304.53
304.531
304.532
304.533
304.534
304.535
304.536
304.536
304.535
304.534
304.533
304.533
304.532
304.531
304.53
304.529
304.527
304.527
304.529
304.53
304.531
304.532
304.533
304.534
304.535
304.536
304.537
304.538
304.537
304.536
304.535
304.534
304.533
304.532
304.531
304.53
304.529
304.53
304.531
304.532
304.533
304.534
304.535
304.536
304.537
304.538
304.539
304.539
304.538
304.537
304.537
304.536
304.535
304.534
304.533
304.532
304.531
304.535
304.536
304.537
304.538
304.538
304.539
304.539
304.54
304.54
304.541
304.541
304.541
304.541
304.54
304.54
304.539
304.539
304.538
304.537
304.536
304.516
304.515
304.513
304.511
304.505
304.496
304.48
304.442
304.361
303.879
303.959
304.4
304.474
304.498
304.508
304.514
304.517
304.518
304.519
304.52
304.517
304.519
304.52
304.519
304.515
304.506
304.484
304.428
304.284
303.977
304.075
304.387
304.475
304.505
304.516
304.521
304.522
304.522
304.522
304.521
304.519
304.522
304.524
304.524
304.524
304.521
304.511
304.485
304.417
304.231
304.346
304.466
304.507
304.52
304.525
304.526
304.526
304.525
304.524
304.522
304.521
304.524
304.526
304.527
304.528
304.528
304.527
304.523
304.513
304.493
304.509
304.521
304.527
304.529
304.529
304.529
304.528
304.527
304.526
304.524
304.523
304.526
304.528
304.529
304.53
304.531
304.532
304.532
304.532
304.531
304.532
304.533
304.533
304.532
304.531
304.53
304.53
304.528
304.527
304.525
304.524
304.527
304.529
304.53
304.531
304.532
304.533
304.534
304.535
304.536
304.536
304.535
304.534
304.533
304.533
304.532
304.531
304.53
304.528
304.526
304.526
304.529
304.531
304.532
304.533
304.533
304.534
304.535
304.536
304.537
304.537
304.536
304.535
304.535
304.534
304.533
304.532
304.531
304.53
304.528
304.528
304.531
304.532
304.533
304.534
304.535
304.536
304.536
304.537
304.538
304.538
304.538
304.537
304.536
304.535
304.535
304.534
304.533
304.532
304.53
304.533
304.534
304.534
304.535
304.536
304.537
304.537
304.538
304.539
304.54
304.54
304.539
304.538
304.538
304.537
304.537
304.536
304.535
304.534
304.533
304.537
304.537
304.538
304.538
304.539
304.539
304.54
304.54
304.541
304.541
304.541
304.541
304.541
304.541
304.54
304.54
304.539
304.539
304.538
304.538
304.516
304.515
304.514
304.512
304.507
304.499
304.485
304.454
304.386
303.959
304.021
304.419
304.482
304.502
304.51
304.515
304.518
304.519
304.52
304.521
304.518
304.519
304.52
304.52
304.517
304.51
304.492
304.446
304.328
304.075
304.161
304.413
304.485
304.509
304.518
304.522
304.523
304.523
304.522
304.521
304.52
304.522
304.524
304.525
304.525
304.522
304.515
304.497
304.453
304.346
304.427
304.488
304.513
304.522
304.526
304.526
304.526
304.525
304.524
304.523
304.521
304.524
304.526
304.528
304.528
304.529
304.528
304.525
304.519
304.509
304.517
304.525
304.528
304.53
304.53
304.529
304.528
304.527
304.526
304.524
304.523
304.526
304.528
304.529
304.53
304.531
304.532
304.532
304.533
304.532
304.533
304.533
304.533
304.532
304.532
304.531
304.53
304.529
304.527
304.525
304.524
304.527
304.529
304.531
304.532
304.533
304.534
304.534
304.535
304.536
304.536
304.535
304.535
304.534
304.533
304.532
304.531
304.53
304.529
304.526
304.526
304.529
304.531
304.532
304.533
304.534
304.535
304.536
304.536
304.537
304.537
304.537
304.536
304.535
304.534
304.534
304.533
304.532
304.53
304.528
304.529
304.532
304.533
304.534
304.535
304.536
304.536
304.537
304.538
304.538
304.538
304.538
304.537
304.537
304.536
304.535
304.535
304.534
304.533
304.53
304.534
304.535
304.536
304.536
304.537
304.537
304.538
304.539
304.539
304.54
304.54
304.539
304.539
304.538
304.538
304.537
304.537
304.536
304.536
304.535
304.538
304.538
304.539
304.539
304.54
304.54
304.54
304.541
304.541
304.541
304.542
304.542
304.541
304.541
304.54
304.54
304.54
304.539
304.539
304.539
304.517
304.516
304.515
304.514
304.51
304.505
304.496
304.482
304.449
304.4
304.419
304.472
304.5
304.508
304.514
304.517
304.519
304.52
304.52
304.521
304.518
304.52
304.52
304.52
304.519
304.514
304.505
304.485
304.445
304.387
304.413
304.477
304.504
304.515
304.52
304.522
304.523
304.523
304.522
304.522
304.52
304.522
304.524
304.525
304.525
304.524
304.52
304.512
304.495
304.466
304.488
304.51
304.52
304.524
304.526
304.526
304.526
304.525
304.524
304.523
304.521
304.524
304.526
304.527
304.528
304.528
304.528
304.527
304.525
304.521
304.525
304.528
304.529
304.53
304.529
304.529
304.528
304.527
304.526
304.524
304.523
304.525
304.527
304.529
304.53
304.531
304.531
304.532
304.532
304.533
304.533
304.533
304.532
304.532
304.531
304.53
304.529
304.528
304.527
304.525
304.524
304.527
304.528
304.53
304.531
304.532
304.533
304.533
304.534
304.535
304.535
304.535
304.534
304.533
304.532
304.531
304.53
304.529
304.528
304.526
304.526
304.528
304.53
304.531
304.532
304.533
304.534
304.535
304.535
304.536
304.537
304.536
304.535
304.534
304.533
304.533
304.532
304.531
304.53
304.528
304.528
304.53
304.531
304.532
304.533
304.534
304.535
304.536
304.537
304.538
304.538
304.537
304.536
304.535
304.535
304.534
304.533
304.532
304.531
304.529
304.531
304.532
304.534
304.534
304.535
304.536
304.537
304.538
304.538
304.539
304.539
304.539
304.538
304.537
304.537
304.536
304.535
304.535
304.534
304.532
304.537
304.537
304.538
304.539
304.539
304.54
304.54
304.541
304.541
304.541
304.542
304.541
304.541
304.541
304.54
304.54
304.539
304.539
304.538
304.538
304.517
304.517
304.516
304.515
304.513
304.509
304.504
304.497
304.487
304.474
304.482
304.5
304.508
304.513
304.516
304.518
304.519
304.52
304.521
304.521
304.518
304.52
304.52
304.521
304.52
304.517
304.513
304.505
304.491
304.475
304.485
304.504
304.514
304.519
304.522
304.523
304.523
304.523
304.522
304.522
304.52
304.522
304.523
304.524
304.525
304.524
304.523
304.52
304.514
304.507
304.513
304.52
304.524
304.526
304.526
304.526
304.526
304.525
304.524
304.523
304.521
304.524
304.525
304.526
304.527
304.528
304.528
304.528
304.528
304.527
304.528
304.529
304.529
304.529
304.529
304.528
304.527
304.526
304.525
304.524
304.522
304.525
304.527
304.528
304.529
304.53
304.53
304.531
304.532
304.533
304.533
304.532
304.532
304.531
304.53
304.529
304.529
304.528
304.526
304.525
304.524
304.526
304.528
304.529
304.53
304.531
304.531
304.532
304.533
304.534
304.535
304.534
304.533
304.532
304.531
304.53
304.53
304.529
304.528
304.526
304.525
304.527
304.529
304.53
304.531
304.532
304.532
304.533
304.534
304.535
304.536
304.535
304.534
304.533
304.532
304.532
304.531
304.53
304.529
304.527
304.527
304.529
304.53
304.531
304.532
304.533
304.534
304.535
304.536
304.537
304.537
304.536
304.535
304.534
304.534
304.533
304.532
304.531
304.53
304.529
304.529
304.531
304.532
304.533
304.534
304.535
304.536
304.536
304.537
304.538
304.539
304.538
304.537
304.536
304.536
304.535
304.534
304.533
304.532
304.531
304.535
304.536
304.537
304.538
304.539
304.539
304.54
304.54
304.541
304.541
304.541
304.541
304.541
304.54
304.54
304.54
304.539
304.538
304.538
304.537
304.518
304.517
304.517
304.516
304.514
304.512
304.509
304.505
304.502
304.498
304.502
304.508
304.513
304.515
304.517
304.519
304.52
304.521
304.521
304.522
304.519
304.52
304.52
304.521
304.52
304.519
304.517
304.514
304.509
304.505
304.509
304.515
304.519
304.521
304.522
304.523
304.523
304.523
304.522
304.522
304.52
304.522
304.523
304.524
304.524
304.524
304.524
304.523
304.522
304.52
304.522
304.524
304.526
304.526
304.526
304.526
304.525
304.525
304.524
304.523
304.521
304.523
304.525
304.526
304.527
304.527
304.528
304.528
304.529
304.529
304.53
304.53
304.529
304.529
304.528
304.528
304.527
304.526
304.525
304.524
304.522
304.524
304.526
304.527
304.528
304.529
304.53
304.53
304.531
304.532
304.532
304.532
304.531
304.53
304.529
304.529
304.528
304.527
304.526
304.525
304.524
304.526
304.527
304.528
304.529
304.53
304.53
304.531
304.532
304.533
304.534
304.533
304.532
304.531
304.53
304.53
304.529
304.528
304.527
304.526
304.525
304.527
304.528
304.529
304.53
304.531
304.531
304.532
304.533
304.535
304.535
304.534
304.533
304.532
304.532
304.531
304.53
304.529
304.528
304.527
304.527
304.528
304.529
304.53
304.531
304.532
304.533
304.534
304.535
304.536
304.537
304.535
304.534
304.534
304.533
304.532
304.532
304.531
304.53
304.529
304.529
304.53
304.532
304.532
304.533
304.534
304.535
304.535
304.537
304.538
304.538
304.537
304.536
304.536
304.535
304.534
304.534
304.533
304.532
304.531
304.535
304.536
304.537
304.538
304.538
304.539
304.539
304.54
304.54
304.541
304.541
304.541
304.54
304.54
304.54
304.539
304.539
304.538
304.537
304.536
304.518
304.518
304.517
304.517
304.516
304.514
304.513
304.511
304.509
304.508
304.51
304.514
304.516
304.517
304.519
304.52
304.52
304.521
304.521
304.522
304.519
304.52
304.52
304.521
304.521
304.52
304.52
304.518
304.517
304.516
304.518
304.52
304.522
304.522
304.523
304.523
304.523
304.523
304.522
304.522
304.52
304.521
304.523
304.523
304.524
304.524
304.525
304.525
304.525
304.525
304.526
304.526
304.526
304.526
304.526
304.525
304.525
304.524
304.524
304.523
304.521
304.523
304.524
304.525
304.526
304.527
304.527
304.528
304.529
304.529
304.53
304.529
304.529
304.528
304.528
304.527
304.526
304.526
304.525
304.524
304.522
304.524
304.525
304.526
304.527
304.528
304.529
304.53
304.53
304.531
304.532
304.531
304.53
304.529
304.529
304.528
304.527
304.527
304.526
304.525
304.523
304.525
304.526
304.527
304.528
304.529
304.53
304.531
304.532
304.533
304.533
304.532
304.531
304.53
304.53
304.529
304.529
304.528
304.527
304.526
304.525
304.526
304.528
304.529
304.529
304.53
304.531
304.532
304.533
304.534
304.534
304.533
304.532
304.532
304.531
304.53
304.53
304.529
304.528
304.527
304.527
304.528
304.529
304.53
304.531
304.531
304.532
304.533
304.534
304.535
304.536
304.535
304.534
304.533
304.532
304.532
304.531
304.531
304.53
304.529
304.529
304.53
304.531
304.532
304.533
304.533
304.534
304.535
304.536
304.537
304.538
304.537
304.536
304.535
304.534
304.534
304.534
304.533
304.532
304.531
304.535
304.536
304.537
304.537
304.538
304.538
304.539
304.539
304.54
304.54
304.54
304.54
304.54
304.54
304.539
304.539
304.539
304.538
304.538
304.537
304.519
304.518
304.518
304.517
304.517
304.516
304.515
304.514
304.514
304.514
304.515
304.517
304.518
304.519
304.52
304.52
304.521
304.521
304.522
304.523
304.519
304.52
304.52
304.521
304.521
304.521
304.521
304.521
304.52
304.521
304.522
304.522
304.523
304.523
304.523
304.523
304.523
304.523
304.522
304.523
304.52
304.521
304.522
304.523
304.524
304.524
304.525
304.525
304.525
304.526
304.526
304.526
304.526
304.526
304.525
304.525
304.525
304.524
304.523
304.523
304.521
304.522
304.524
304.525
304.525
304.526
304.527
304.527
304.528
304.529
304.529
304.529
304.528
304.528
304.527
304.526
304.526
304.525
304.525
304.524
304.522
304.524
304.525
304.526
304.527
304.527
304.528
304.529
304.53
304.53
304.531
304.53
304.529
304.529
304.528
304.528
304.527
304.526
304.526
304.525
304.524
304.525
304.526
304.527
304.528
304.528
304.529
304.53
304.531
304.532
304.532
304.531
304.53
304.53
304.529
304.529
304.528
304.528
304.527
304.526
304.525
304.526
304.527
304.528
304.529
304.529
304.53
304.531
304.532
304.533
304.534
304.533
304.532
304.531
304.53
304.53
304.53
304.529
304.529
304.528
304.527
304.528
304.529
304.53
304.53
304.531
304.531
304.532
304.533
304.535
304.535
304.534
304.533
304.532
304.532
304.532
304.531
304.531
304.53
304.529
304.53
304.531
304.532
304.532
304.533
304.533
304.533
304.534
304.535
304.537
304.537
304.536
304.535
304.534
304.534
304.534
304.534
304.533
304.533
304.532
304.536
304.537
304.537
304.538
304.538
304.538
304.538
304.539
304.539
304.54
304.54
304.54
304.54
304.539
304.539
304.539
304.539
304.538
304.538
304.538
304.52
304.519
304.519
304.518
304.518
304.517
304.517
304.517
304.517
304.517
304.518
304.519
304.519
304.52
304.52
304.521
304.521
304.522
304.522
304.524
304.52
304.52
304.52
304.52
304.521
304.521
304.521
304.522
304.522
304.522
304.523
304.523
304.523
304.523
304.523
304.523
304.523
304.523
304.523
304.523
304.521
304.521
304.522
304.522
304.523
304.524
304.524
304.525
304.525
304.526
304.526
304.526
304.526
304.525
304.525
304.525
304.524
304.524
304.524
304.524
304.522
304.522
304.523
304.524
304.525
304.525
304.526
304.527
304.527
304.528
304.528
304.528
304.527
304.527
304.526
304.526
304.525
304.525
304.525
304.525
304.523
304.524
304.524
304.525
304.526
304.527
304.527
304.528
304.529
304.53
304.53
304.529
304.529
304.528
304.527
304.527
304.527
304.526
304.526
304.526
304.524
304.525
304.526
304.526
304.527
304.528
304.528
304.529
304.53
304.531
304.531
304.53
304.53
304.529
304.529
304.528
304.528
304.528
304.527
304.527
304.526
304.527
304.528
304.528
304.528
304.529
304.529
304.53
304.531
304.532
304.533
304.532
304.531
304.53
304.53
304.53
304.53
304.529
304.529
304.529
304.528
304.529
304.53
304.53
304.53
304.53
304.531
304.531
304.532
304.534
304.535
304.533
304.532
304.532
304.531
304.531
304.531
304.531
304.531
304.531
304.531
304.532
304.532
304.532
304.533
304.533
304.533
304.533
304.534
304.536
304.537
304.535
304.534
304.534
304.534
304.534
304.534
304.534
304.534
304.533
304.537
304.538
304.538
304.538
304.538
304.538
304.538
304.538
304.539
304.539
304.54
304.539
304.539
304.539
304.539
304.539
304.539
304.539
304.539
304.539
304.521
304.52
304.519
304.519
304.518
304.518
304.518
304.518
304.518
304.518
304.519
304.52
304.52
304.521
304.521
304.521
304.522
304.522
304.523
304.525
304.521
304.52
304.52
304.52
304.521
304.521
304.521
304.522
304.522
304.522
304.523
304.523
304.523
304.523
304.523
304.523
304.523
304.523
304.523
304.524
304.522
304.522
304.522
304.522
304.522
304.523
304.524
304.524
304.525
304.525
304.525
304.525
304.525
304.525
304.524
304.524
304.524
304.524
304.524
304.525
304.523
304.523
304.523
304.523
304.524
304.525
304.525
304.526
304.526
304.527
304.527
304.527
304.526
304.526
304.526
304.525
304.525
304.525
304.525
304.526
304.524
304.524
304.524
304.525
304.525
304.526
304.526
304.527
304.528
304.528
304.529
304.528
304.528
304.527
304.527
304.526
304.526
304.526
304.527
304.527
304.526
304.526
304.526
304.526
304.526
304.527
304.527
304.528
304.529
304.53
304.53
304.529
304.529
304.528
304.528
304.528
304.528
304.528
304.528
304.528
304.528
304.528
304.528
304.528
304.528
304.528
304.529
304.529
304.53
304.531
304.532
304.531
304.53
304.529
304.529
304.529
304.529
304.53
304.53
304.53
304.53
304.53
304.53
304.53
304.53
304.53
304.53
304.53
304.531
304.533
304.534
304.532
304.531
304.531
304.531
304.531
304.531
304.532
304.532
304.532
304.533
304.533
304.533
304.533
304.532
304.532
304.532
304.532
304.533
304.535
304.536
304.535
304.533
304.533
304.533
304.533
304.534
304.534
304.535
304.535
304.539
304.539
304.538
304.538
304.538
304.537
304.537
304.538
304.538
304.539
304.539
304.539
304.538
304.538
304.538
304.538
304.539
304.539
304.54
304.54
304.524
304.522
304.521
304.52
304.519
304.519
304.519
304.519
304.519
304.519
304.52
304.52
304.521
304.521
304.521
304.522
304.522
304.523
304.525
304.527
304.524
304.522
304.521
304.52
304.52
304.521
304.521
304.521
304.521
304.522
304.522
304.522
304.522
304.522
304.522
304.522
304.523
304.523
304.525
304.527
304.524
304.523
304.522
304.522
304.522
304.522
304.523
304.523
304.524
304.524
304.524
304.524
304.524
304.524
304.524
304.523
304.524
304.524
304.525
304.527
304.526
304.524
304.523
304.523
304.523
304.524
304.524
304.525
304.525
304.526
304.526
304.526
304.525
304.525
304.525
304.525
304.525
304.525
304.527
304.528
304.527
304.526
304.525
304.524
304.524
304.525
304.525
304.526
304.526
304.527
304.527
304.527
304.526
304.526
304.526
304.526
304.526
304.527
304.528
304.53
304.529
304.527
304.526
304.526
304.526
304.526
304.526
304.527
304.528
304.528
304.529
304.528
304.528
304.527
304.527
304.527
304.527
304.528
304.53
304.531
304.531
304.53
304.528
304.528
304.527
304.527
304.528
304.528
304.529
304.53
304.53
304.53
304.529
304.528
304.528
304.529
304.529
304.53
304.532
304.533
304.533
304.532
304.531
304.53
304.529
304.529
304.529
304.53
304.53
304.532
304.533
304.531
304.53
304.53
304.53
304.53
304.531
304.532
304.534
304.535
304.536
304.535
304.534
304.533
304.532
304.531
304.531
304.532
304.532
304.534
304.536
304.534
304.532
304.532
304.532
304.533
304.534
304.535
304.536
304.538
304.541
304.54
304.539
304.538
304.537
304.537
304.537
304.537
304.537
304.538
304.539
304.538
304.538
304.537
304.538
304.538
304.539
304.54
304.541
304.542
304.528
304.525
304.522
304.521
304.521
304.52
304.52
304.52
304.52
304.52
304.521
304.521
304.521
304.522
304.522
304.523
304.524
304.525
304.527
304.531
304.528
304.524
304.522
304.521
304.521
304.521
304.52
304.521
304.521
304.521
304.521
304.522
304.522
304.522
304.522
304.523
304.523
304.524
304.527
304.531
304.529
304.525
304.523
304.522
304.522
304.521
304.522
304.522
304.522
304.522
304.523
304.523
304.523
304.523
304.523
304.523
304.524
304.525
304.527
304.531
304.53
304.526
304.524
304.523
304.523
304.523
304.523
304.523
304.523
304.524
304.524
304.524
304.524
304.524
304.524
304.524
304.525
304.526
304.528
304.533
304.532
304.528
304.525
304.524
304.524
304.524
304.524
304.524
304.525
304.525
304.525
304.525
304.525
304.525
304.525
304.525
304.526
304.527
304.53
304.534
304.534
304.53
304.527
304.525
304.525
304.525
304.525
304.525
304.526
304.526
304.526
304.526
304.526
304.526
304.526
304.526
304.527
304.528
304.531
304.536
304.535
304.532
304.529
304.527
304.526
304.526
304.526
304.527
304.527
304.528
304.528
304.528
304.527
304.527
304.527
304.528
304.529
304.53
304.533
304.537
304.537
304.534
304.531
304.529
304.528
304.528
304.528
304.528
304.529
304.53
304.53
304.529
304.529
304.529
304.529
304.529
304.531
304.532
304.535
304.539
304.539
304.537
304.534
304.532
304.531
304.53
304.53
304.53
304.531
304.533
304.535
304.532
304.531
304.531
304.531
304.532
304.533
304.535
304.538
304.541
304.543
304.541
304.54
304.538
304.537
304.536
304.536
304.536
304.536
304.538
304.539
304.538
304.537
304.536
304.537
304.538
304.539
304.54
304.542
304.544
)
;

boundaryField
{
    floor
    {
        type            calculated;
        value           nonuniform List<scalar> 
400
(
304.6
304.6
304.6
304.6
304.6
304.6
304.6
304.6
304.6
304.6
304.6
304.6
304.6
304.6
304.6
304.6
304.6
304.6
304.6
304.6
304.6
304.6
304.6
304.6
304.6
304.6
304.6
304.6
304.6
304.6
304.6
304.6
304.6
304.6
304.6
304.6
304.6
304.6
304.6
304.6
304.6
304.6
304.6
304.6
304.6
304.6
304.6
304.6
304.6
304.6
304.6
304.6
304.6
304.6
304.6
304.6
304.6
304.6
304.6
304.6
304.6
304.6
304.6
304.6
304.6
304.6
304.6
304.6
304.6
304.6
304.6
304.6
304.6
304.6
304.6
304.6
304.6
304.6
304.6
304.6
304.6
304.6
304.6
304.6
304.6
304.6
304.6
304.6
304.6
304.6
304.6
304.6
304.6
304.6
304.6
304.6
304.6
304.6
304.6
304.6
304.6
304.6
304.6
304.6
304.6
304.6
304.6
304.6
304.6
304.6
304.6
304.6
304.6
304.6
304.6
304.6
304.6
304.6
304.6
304.6
304.6
304.6
304.6
304.6
304.6
304.6
304.6
304.6
304.6
304.6
304.6
304.6
304.6
304.6
304.6
304.6
304.6
304.6
304.6
304.6
304.6
304.6
304.6
304.6
304.6
304.6
304.6
304.6
304.6
304.6
304.6
304.6
304.6
304.6
304.6
304.6
304.6
304.6
304.6
304.6
304.6
304.6
304.6
304.6
304.6
304.6
304.6
304.6
304.6
304.6
304.6
304.6
304.6
304.6
304.6
304.6
304.6
304.6
304.6
304.6
304.6
304.6
304.6
304.6
304.6
304.6
304.6
304.6
304.6
146.463
146.463
304.6
304.6
304.6
304.6
304.6
304.6
304.6
304.6
304.6
304.6
304.6
304.6
304.6
304.6
304.6
304.6
304.6
304.6
146.463
146.463
304.6
304.6
304.6
304.6
304.6
304.6
304.6
304.6
304.6
304.6
304.6
304.6
304.6
304.6
304.6
304.6
304.6
304.6
304.6
304.6
304.6
304.6
304.6
304.6
304.6
304.6
304.6
304.6
304.6
304.6
304.6
304.6
304.6
304.6
304.6
304.6
304.6
304.6
304.6
304.6
304.6
304.6
304.6
304.6
304.6
304.6
304.6
304.6
304.6
304.6
304.6
304.6
304.6
304.6
304.6
304.6
304.6
304.6
304.6
304.6
304.6
304.6
304.6
304.6
304.6
304.6
304.6
304.6
304.6
304.6
304.6
304.6
304.6
304.6
304.6
304.6
304.6
304.6
304.6
304.6
304.6
304.6
304.6
304.6
304.6
304.6
304.6
304.6
304.6
304.6
304.6
304.6
304.6
304.6
304.6
304.6
304.6
304.6
304.6
304.6
304.6
304.6
304.6
304.6
304.6
304.6
304.6
304.6
304.6
304.6
304.6
304.6
304.6
304.6
304.6
304.6
304.6
304.6
304.6
304.6
304.6
304.6
304.6
304.6
304.6
304.6
304.6
304.6
304.6
304.6
304.6
304.6
304.6
304.6
304.6
304.6
304.6
304.6
304.6
304.6
304.6
304.6
304.6
304.6
304.6
304.6
304.6
304.6
304.6
304.6
304.6
304.6
304.6
304.6
304.6
304.6
304.6
304.6
304.6
304.6
304.6
304.6
304.6
304.6
304.6
304.6
304.6
304.6
304.6
304.6
304.6
304.6
304.6
304.6
304.6
304.6
304.6
304.6
304.6
304.6
304.6
304.6
304.6
304.6
304.6
304.6
304.6
304.6
304.6
)
;
    }
    ceiling
    {
        type            calculated;
        value           uniform 304.6;
    }
    fixedWalls
    {
        type            calculated;
        value           nonuniform List<scalar> 
800
(
304.525
304.525
304.526
304.527
304.529
304.531
304.533
304.535
304.537
304.542
304.521
304.521
304.522
304.523
304.525
304.527
304.529
304.531
304.534
304.54
304.519
304.519
304.52
304.521
304.522
304.524
304.526
304.528
304.532
304.538
304.518
304.518
304.519
304.52
304.521
304.523
304.524
304.527
304.53
304.536
304.517
304.518
304.519
304.52
304.521
304.522
304.524
304.526
304.529
304.535
304.517
304.517
304.519
304.52
304.521
304.522
304.524
304.526
304.528
304.534
304.516
304.517
304.519
304.52
304.521
304.523
304.524
304.526
304.528
304.534
304.516
304.517
304.519
304.521
304.522
304.523
304.525
304.526
304.529
304.534
304.516
304.517
304.519
304.521
304.522
304.524
304.525
304.527
304.53
304.535
304.516
304.517
304.519
304.521
304.523
304.524
304.526
304.528
304.533
304.537
304.516
304.518
304.52
304.521
304.523
304.524
304.526
304.529
304.534
304.538
304.517
304.518
304.52
304.521
304.523
304.524
304.526
304.528
304.531
304.537
304.517
304.518
304.52
304.521
304.522
304.524
304.525
304.527
304.529
304.535
304.518
304.519
304.52
304.521
304.522
304.524
304.525
304.527
304.529
304.535
304.518
304.519
304.52
304.521
304.522
304.523
304.525
304.527
304.529
304.535
304.519
304.519
304.52
304.521
304.522
304.524
304.525
304.527
304.53
304.536
304.52
304.52
304.521
304.522
304.523
304.524
304.526
304.528
304.531
304.537
304.521
304.521
304.522
304.523
304.524
304.526
304.528
304.53
304.533
304.539
304.524
304.524
304.524
304.526
304.527
304.529
304.531
304.533
304.536
304.541
304.528
304.528
304.529
304.53
304.532
304.534
304.535
304.537
304.539
304.543
304.528
304.528
304.529
304.53
304.532
304.534
304.535
304.537
304.539
304.543
304.525
304.524
304.525
304.526
304.528
304.53
304.532
304.534
304.537
304.541
304.522
304.522
304.523
304.524
304.525
304.527
304.529
304.531
304.534
304.54
304.521
304.521
304.522
304.523
304.524
304.525
304.527
304.529
304.532
304.538
304.521
304.521
304.522
304.523
304.524
304.525
304.526
304.528
304.531
304.537
304.52
304.521
304.521
304.523
304.524
304.525
304.526
304.528
304.53
304.536
304.52
304.52
304.522
304.523
304.524
304.525
304.526
304.528
304.53
304.536
304.52
304.521
304.522
304.523
304.524
304.525
304.527
304.528
304.53
304.536
304.52
304.521
304.522
304.523
304.525
304.526
304.527
304.529
304.531
304.536
304.52
304.521
304.522
304.524
304.525
304.526
304.528
304.53
304.533
304.538
304.521
304.521
304.523
304.524
304.525
304.526
304.528
304.53
304.535
304.539
304.521
304.522
304.523
304.524
304.525
304.526
304.528
304.529
304.532
304.538
304.521
304.522
304.523
304.524
304.525
304.526
304.527
304.529
304.531
304.537
304.522
304.522
304.523
304.524
304.525
304.526
304.527
304.529
304.531
304.536
304.522
304.522
304.523
304.524
304.525
304.526
304.527
304.529
304.531
304.537
304.523
304.523
304.523
304.524
304.525
304.526
304.528
304.529
304.532
304.538
304.524
304.523
304.524
304.525
304.526
304.527
304.529
304.531
304.533
304.539
304.525
304.524
304.525
304.526
304.527
304.528
304.53
304.532
304.535
304.54
304.527
304.527
304.527
304.528
304.53
304.531
304.533
304.535
304.538
304.542
304.531
304.531
304.531
304.533
304.534
304.536
304.537
304.539
304.541
304.544
304.525
304.525
304.526
304.527
304.529
304.531
304.533
304.535
304.537
304.542
304.521
304.521
304.522
304.523
304.525
304.527
304.529
304.531
304.534
304.54
304.519
304.519
304.52
304.521
304.522
304.524
304.526
304.528
304.532
304.538
304.518
304.518
304.519
304.52
304.521
304.523
304.524
304.527
304.53
304.536
304.517
304.518
304.519
304.52
304.521
304.522
304.524
304.526
304.529
304.535
304.517
304.517
304.519
304.52
304.521
304.522
304.524
304.526
304.528
304.534
304.516
304.517
304.519
304.52
304.521
304.523
304.524
304.526
304.528
304.534
304.516
304.517
304.519
304.521
304.522
304.523
304.525
304.526
304.529
304.534
304.516
304.517
304.519
304.521
304.522
304.524
304.525
304.527
304.53
304.535
304.516
304.517
304.519
304.521
304.523
304.524
304.526
304.528
304.533
304.537
304.516
304.518
304.52
304.521
304.523
304.524
304.526
304.529
304.534
304.538
304.517
304.518
304.52
304.521
304.523
304.524
304.526
304.528
304.531
304.537
304.517
304.518
304.52
304.521
304.522
304.524
304.525
304.527
304.529
304.535
304.518
304.519
304.52
304.521
304.522
304.524
304.525
304.527
304.529
304.535
304.518
304.519
304.52
304.521
304.522
304.523
304.525
304.527
304.529
304.535
304.519
304.519
304.52
304.521
304.522
304.524
304.525
304.527
304.53
304.536
304.52
304.52
304.521
304.522
304.523
304.524
304.526
304.528
304.531
304.537
304.521
304.521
304.522
304.523
304.524
304.526
304.528
304.53
304.533
304.539
304.524
304.524
304.524
304.526
304.527
304.529
304.531
304.533
304.536
304.541
304.528
304.528
304.529
304.53
304.532
304.534
304.535
304.537
304.539
304.543
304.528
304.528
304.529
304.53
304.532
304.534
304.535
304.537
304.539
304.543
304.525
304.524
304.525
304.526
304.528
304.53
304.532
304.534
304.537
304.541
304.522
304.522
304.523
304.524
304.525
304.527
304.529
304.531
304.534
304.54
304.521
304.521
304.522
304.523
304.524
304.525
304.527
304.529
304.532
304.538
304.521
304.521
304.522
304.523
304.524
304.525
304.526
304.528
304.531
304.537
304.52
304.521
304.521
304.523
304.524
304.525
304.526
304.528
304.53
304.536
304.52
304.52
304.522
304.523
304.524
304.525
304.526
304.528
304.53
304.536
304.52
304.521
304.522
304.523
304.524
304.525
304.527
304.528
304.53
304.536
304.52
304.521
304.522
304.523
304.525
304.526
304.527
304.529
304.531
304.536
304.52
304.521
304.522
304.524
304.525
304.526
304.528
304.53
304.533
304.538
304.521
304.521
304.523
304.524
304.525
304.526
304.528
304.53
304.535
304.539
304.521
304.522
304.523
304.524
304.525
304.526
304.528
304.529
304.532
304.538
304.521
304.522
304.523
304.524
304.525
304.526
304.527
304.529
304.531
304.537
304.522
304.522
304.523
304.524
304.525
304.526
304.527
304.529
304.531
304.536
304.522
304.522
304.523
304.524
304.525
304.526
304.527
304.529
304.531
304.537
304.523
304.523
304.523
304.524
304.525
304.526
304.528
304.529
304.532
304.538
304.524
304.523
304.524
304.525
304.526
304.527
304.529
304.531
304.533
304.539
304.525
304.524
304.525
304.526
304.527
304.528
304.53
304.532
304.535
304.54
304.527
304.527
304.527
304.528
304.53
304.531
304.533
304.535
304.538
304.542
304.531
304.531
304.531
304.533
304.534
304.536
304.537
304.539
304.541
304.544
)
;
    }
}


// ************************************************************************* //
