/*--------------------------------*- C++ -*----------------------------------*\
  =========                 |
  \\      /  F ield         | OpenFOAM: The Open Source CFD Toolbox
   \\    /   O peration     | Website:  https://openfoam.org
    \\  /    A nd           | Version:  dev
     \\/     M anipulation  |
\*---------------------------------------------------------------------------*/
FoamFile
{
    version     2.0;
    format      ascii;
    class       volScalarField;
    location    "50";
    object      thermo:pSatH2O;
}
// * * * * * * * * * * * * * * * * * * * * * * * * * * * * * * * * * * * * * //

dimensions      [1 -1 -2 0 0 0 0];

internalField   nonuniform List<scalar> 
4000
(
609.051
609.043
609.039
609.036
609.035
609.033
609.033
609.032
609.032
609.031
609.033
609.034
609.035
609.036
609.037
609.038
609.04
609.043
609.048
609.056
609.05
609.043
609.038
609.036
609.035
609.035
609.035
609.035
609.035
609.035
609.036
609.036
609.037
609.037
609.038
609.038
609.04
609.042
609.047
609.056
609.052
609.044
609.04
609.038
609.037
609.037
609.038
609.038
609.038
609.039
609.04
609.04
609.04
609.04
609.04
609.04
609.041
609.044
609.049
609.058
609.055
609.047
609.042
609.04
609.04
609.04
609.04
609.041
609.042
609.042
609.043
609.043
609.042
609.042
609.042
609.042
609.043
609.046
609.051
609.06
609.058
609.05
609.045
609.043
609.042
609.042
609.043
609.044
609.045
609.045
609.046
609.045
609.045
609.044
609.044
609.045
609.046
609.048
609.054
609.064
609.062
609.053
609.048
609.045
609.045
609.045
609.046
609.046
609.047
609.048
609.049
609.048
609.048
609.047
609.047
609.047
609.048
609.051
609.058
609.067
609.066
609.058
609.052
609.049
609.048
609.048
609.048
609.049
609.051
609.052
609.052
609.051
609.051
609.05
609.05
609.05
609.052
609.055
609.062
609.071
609.07
609.062
609.057
609.053
609.051
609.051
609.052
609.053
609.054
609.056
609.057
609.055
609.054
609.053
609.053
609.054
609.056
609.06
609.066
609.074
609.075
609.069
609.063
609.06
609.057
609.056
609.056
609.057
609.059
609.066
609.068
609.061
609.059
609.058
609.058
609.06
609.063
609.067
609.072
609.079
609.084
609.08
609.076
609.072
609.07
609.068
609.068
609.068
609.07
609.074
609.076
609.073
609.07
609.07
609.071
609.072
609.075
609.078
609.082
609.087
609.043
609.038
609.036
609.034
609.032
609.031
609.03
609.03
609.029
609.029
609.031
609.032
609.033
609.034
609.036
609.037
609.038
609.04
609.044
609.049
609.043
609.039
609.037
609.036
609.036
609.036
609.036
609.037
609.037
609.038
609.039
609.039
609.039
609.039
609.039
609.039
609.04
609.041
609.044
609.049
609.044
609.041
609.039
609.039
609.039
609.04
609.041
609.042
609.043
609.044
609.045
609.044
609.044
609.043
609.043
609.042
609.042
609.043
609.046
609.05
609.047
609.044
609.042
609.042
609.042
609.043
609.045
609.046
609.047
609.048
609.049
609.048
609.047
609.046
609.045
609.045
609.045
609.046
609.048
609.053
609.05
609.047
609.045
609.044
609.045
609.046
609.047
609.049
609.05
609.051
609.052
609.051
609.05
609.049
609.048
609.047
609.047
609.049
609.051
609.056
609.053
609.05
609.048
609.047
609.047
609.048
609.05
609.051
609.053
609.054
609.055
609.053
609.052
609.051
609.05
609.05
609.05
609.052
609.055
609.059
609.058
609.054
609.052
609.051
609.05
609.051
609.052
609.053
609.055
609.058
609.059
609.056
609.055
609.053
609.053
609.053
609.054
609.056
609.059
609.063
609.062
609.059
609.057
609.055
609.054
609.054
609.054
609.056
609.058
609.062
609.064
609.06
609.057
609.056
609.056
609.057
609.058
609.06
609.064
609.068
609.069
609.066
609.063
609.061
609.059
609.059
609.059
609.06
609.062
609.067
609.07
609.065
609.062
609.061
609.061
609.062
609.064
609.067
609.07
609.073
609.08
609.077
609.075
609.073
609.071
609.07
609.07
609.07
609.072
609.075
609.076
609.075
609.073
609.072
609.072
609.074
609.075
609.078
609.08
609.083
609.039
609.036
609.033
609.032
609.03
609.029
609.028
609.027
609.027
609.027
609.029
609.031
609.032
609.033
609.034
609.036
609.037
609.039
609.041
609.045
609.038
609.037
609.036
609.036
609.037
609.037
609.038
609.038
609.039
609.039
609.041
609.041
609.041
609.041
609.04
609.04
609.04
609.041
609.042
609.044
609.04
609.039
609.04
609.04
609.042
609.043
609.044
609.045
609.046
609.048
609.048
609.048
609.047
609.046
609.045
609.044
609.044
609.043
609.044
609.046
609.042
609.042
609.042
609.043
609.045
609.046
609.048
609.049
609.051
609.052
609.053
609.052
609.051
609.049
609.048
609.047
609.046
609.046
609.047
609.048
609.045
609.045
609.045
609.046
609.047
609.049
609.05
609.052
609.054
609.055
609.056
609.055
609.053
609.052
609.051
609.05
609.049
609.049
609.05
609.05
609.048
609.048
609.048
609.049
609.05
609.051
609.052
609.054
609.056
609.058
609.059
609.057
609.055
609.054
609.053
609.052
609.052
609.052
609.053
609.054
609.052
609.052
609.052
609.052
609.052
609.053
609.054
609.056
609.058
609.061
609.062
609.06
609.057
609.056
609.055
609.055
609.055
609.056
609.057
609.057
609.057
609.057
609.056
609.056
609.056
609.056
609.057
609.058
609.061
609.065
609.066
609.063
609.06
609.059
609.058
609.058
609.059
609.06
609.061
609.062
609.063
609.063
609.062
609.061
609.061
609.061
609.061
609.062
609.064
609.069
609.071
609.067
609.064
609.063
609.063
609.064
609.065
609.066
609.067
609.068
609.076
609.075
609.074
609.073
609.072
609.072
609.072
609.072
609.074
609.076
609.077
609.076
609.075
609.074
609.074
609.074
609.076
609.077
609.078
609.079
609.036
609.034
609.032
609.03
609.028
609.027
609.025
609.023
609.022
609.021
609.024
609.027
609.03
609.031
609.033
609.035
609.036
609.038
609.04
609.043
609.036
609.036
609.036
609.037
609.037
609.038
609.038
609.037
609.037
609.038
609.039
609.041
609.041
609.041
609.041
609.041
609.041
609.041
609.041
609.042
609.038
609.039
609.04
609.042
609.043
609.045
609.046
609.047
609.048
609.049
609.05
609.049
609.049
609.048
609.047
609.046
609.045
609.044
609.044
609.044
609.04
609.042
609.043
609.045
609.047
609.049
609.05
609.052
609.053
609.055
609.055
609.054
609.053
609.052
609.05
609.049
609.048
609.047
609.046
609.046
609.043
609.044
609.046
609.048
609.049
609.051
609.053
609.054
609.056
609.058
609.059
609.057
609.056
609.054
609.053
609.051
609.05
609.05
609.049
609.048
609.045
609.047
609.049
609.05
609.051
609.053
609.054
609.056
609.058
609.061
609.061
609.06
609.057
609.056
609.055
609.054
609.053
609.052
609.052
609.051
609.049
609.051
609.052
609.053
609.054
609.055
609.056
609.058
609.06
609.063
609.064
609.062
609.059
609.058
609.057
609.056
609.056
609.056
609.055
609.054
609.053
609.055
609.056
609.056
609.057
609.058
609.059
609.06
609.063
609.066
609.068
609.065
609.062
609.061
609.06
609.06
609.06
609.06
609.059
609.059
609.06
609.061
609.061
609.062
609.062
609.062
609.063
609.064
609.066
609.07
609.072
609.069
609.066
609.065
609.065
609.065
609.065
609.065
609.065
609.065
609.072
609.073
609.073
609.073
609.073
609.073
609.073
609.074
609.075
609.077
609.078
609.077
609.076
609.075
609.075
609.075
609.076
609.076
609.076
609.076
609.035
609.032
609.03
609.028
609.026
609.023
609.02
609.016
609.013
609.011
609.015
609.021
609.025
609.028
609.031
609.033
609.035
609.037
609.039
609.041
609.035
609.036
609.037
609.037
609.037
609.037
609.036
609.034
609.032
609.031
609.034
609.037
609.039
609.041
609.041
609.042
609.042
609.041
609.041
609.041
609.037
609.039
609.042
609.043
609.045
609.046
609.046
609.047
609.047
609.048
609.049
609.05
609.049
609.049
609.048
609.047
609.046
609.045
609.044
609.043
609.04
609.042
609.045
609.047
609.049
609.05
609.052
609.053
609.055
609.056
609.057
609.056
609.055
609.053
609.052
609.051
609.049
609.048
609.046
609.045
609.042
609.045
609.047
609.049
609.051
609.053
609.054
609.056
609.058
609.06
609.061
609.059
609.057
609.056
609.054
609.053
609.052
609.05
609.049
609.047
609.045
609.047
609.05
609.051
609.053
609.054
609.056
609.058
609.06
609.063
609.064
609.062
609.059
609.058
609.056
609.055
609.054
609.053
609.052
609.05
609.048
609.05
609.052
609.054
609.055
609.056
609.058
609.06
609.062
609.065
609.066
609.064
609.061
609.06
609.059
609.058
609.057
609.056
609.055
609.053
609.051
609.054
609.056
609.057
609.058
609.059
609.06
609.062
609.064
609.068
609.07
609.067
609.064
609.062
609.062
609.061
609.06
609.06
609.058
609.057
609.057
609.059
609.061
609.062
609.063
609.063
609.064
609.066
609.068
609.072
609.074
609.071
609.068
609.066
609.066
609.065
609.065
609.065
609.064
609.062
609.07
609.071
609.072
609.073
609.073
609.074
609.074
609.075
609.076
609.078
609.079
609.078
609.077
609.077
609.076
609.076
609.075
609.075
609.075
609.074
609.033
609.031
609.029
609.027
609.023
609.019
609.013
609.006
608.998
608.992
608.998
609.01
609.018
609.024
609.028
609.032
609.034
609.036
609.038
609.041
609.035
609.036
609.037
609.038
609.037
609.035
609.031
609.026
609.019
609.013
609.019
609.029
609.035
609.038
609.041
609.042
609.042
609.042
609.041
609.041
609.037
609.04
609.043
609.045
609.046
609.046
609.045
609.044
609.043
609.041
609.044
609.047
609.049
609.049
609.049
609.048
609.047
609.046
609.044
609.043
609.04
609.043
609.046
609.049
609.05
609.052
609.053
609.054
609.055
609.056
609.058
609.057
609.056
609.055
609.053
609.052
609.051
609.049
609.047
609.045
609.042
609.046
609.049
609.051
609.053
609.054
609.056
609.058
609.06
609.062
609.063
609.061
609.059
609.057
609.056
609.055
609.053
609.052
609.05
609.047
609.045
609.048
609.051
609.053
609.054
609.056
609.058
609.06
609.062
609.065
609.065
609.063
609.061
609.059
609.058
609.057
609.055
609.054
609.052
609.05
609.048
609.051
609.053
609.055
609.056
609.058
609.059
609.061
609.064
609.067
609.068
609.066
609.063
609.061
609.06
609.059
609.058
609.056
609.055
609.053
609.051
609.054
609.056
609.058
609.059
609.06
609.062
609.064
609.066
609.07
609.071
609.068
609.066
609.064
609.063
609.062
609.061
609.06
609.058
609.056
609.056
609.059
609.061
609.062
609.063
609.064
609.066
609.067
609.07
609.073
609.075
609.072
609.07
609.068
609.067
609.066
609.065
609.064
609.063
609.061
609.068
609.07
609.072
609.073
609.074
609.075
609.075
609.076
609.078
609.079
609.08
609.079
609.078
609.078
609.077
609.076
609.075
609.075
609.074
609.072
609.033
609.03
609.028
609.025
609.02
609.013
609.003
608.99
608.974
608.959
608.969
608.993
609.008
609.018
609.025
609.03
609.034
609.036
609.038
609.04
609.035
609.036
609.038
609.038
609.036
609.031
609.023
609.01
608.991
608.969
608.983
609.01
609.026
609.034
609.039
609.042
609.043
609.042
609.042
609.041
609.038
609.041
609.044
609.046
609.046
609.045
609.043
609.039
609.031
609.022
609.031
609.04
609.046
609.048
609.049
609.049
609.049
609.047
609.045
609.043
609.04
609.045
609.048
609.05
609.052
609.053
609.054
609.054
609.054
609.054
609.056
609.057
609.056
609.056
609.055
609.054
609.052
609.05
609.048
609.045
609.043
609.047
609.05
609.053
609.054
609.056
609.058
609.059
609.061
609.063
609.064
609.063
609.061
609.059
609.058
609.056
609.055
609.053
609.051
609.048
609.046
609.05
609.052
609.054
609.056
609.058
609.06
609.061
609.064
609.066
609.067
609.065
609.063
609.061
609.059
609.058
609.057
609.055
609.053
609.05
609.048
609.052
609.054
609.056
609.058
609.059
609.061
609.063
609.066
609.069
609.07
609.067
609.065
609.063
609.061
609.06
609.059
609.057
609.055
609.053
609.052
609.054
609.057
609.059
609.06
609.062
609.063
609.065
609.068
609.071
609.072
609.07
609.067
609.065
609.064
609.063
609.062
609.06
609.058
609.056
609.056
609.059
609.061
609.063
609.064
609.066
609.067
609.069
609.072
609.075
609.076
609.074
609.071
609.069
609.068
609.067
609.066
609.064
609.063
609.06
609.068
609.07
609.072
609.073
609.074
609.075
609.076
609.077
609.079
609.08
609.081
609.08
609.079
609.078
609.078
609.077
609.076
609.075
609.073
609.071
609.032
609.03
609.027
609.023
609.016
609.006
608.99
608.966
608.93
608.883
608.907
608.963
608.994
609.011
609.022
609.029
609.033
609.036
609.038
609.04
609.035
609.037
609.038
609.037
609.034
609.026
609.01
608.981
608.928
608.857
608.892
608.971
609.009
609.028
609.037
609.041
609.043
609.043
609.042
609.041
609.038
609.042
609.045
609.047
609.047
609.044
609.039
609.026
609.003
608.97
608.994
609.024
609.039
609.046
609.049
609.05
609.05
609.048
609.046
609.044
609.041
609.046
609.049
609.052
609.053
609.054
609.054
609.053
609.05
609.046
609.051
609.055
609.056
609.056
609.056
609.055
609.054
609.052
609.049
609.046
609.044
609.049
609.052
609.054
609.056
609.058
609.059
609.061
609.062
609.064
609.065
609.064
609.062
609.061
609.059
609.058
609.056
609.054
609.052
609.048
609.046
609.051
609.054
609.056
609.058
609.06
609.061
609.063
609.066
609.068
609.069
609.067
609.065
609.063
609.061
609.06
609.058
609.056
609.054
609.051
609.049
609.053
609.056
609.058
609.06
609.061
609.063
609.065
609.068
609.07
609.071
609.069
609.067
609.065
609.063
609.062
609.06
609.058
609.056
609.054
609.053
609.056
609.058
609.06
609.062
609.064
609.065
609.068
609.07
609.073
609.074
609.072
609.069
609.067
609.066
609.064
609.063
609.061
609.059
609.057
609.057
609.06
609.062
609.064
609.066
609.067
609.069
609.071
609.073
609.076
609.077
609.075
609.073
609.071
609.069
609.068
609.067
609.065
609.063
609.061
609.068
609.07
609.072
609.074
609.075
609.076
609.077
609.079
609.08
609.081
609.082
609.081
609.08
609.079
609.078
609.078
609.076
609.075
609.073
609.071
609.032
609.029
609.027
609.022
609.013
608.998
608.974
608.93
608.836
608.723
608.772
608.898
608.975
609.003
609.018
609.028
609.033
609.036
609.038
609.04
609.035
609.037
609.039
609.037
609.032
609.019
608.991
608.928
608.792
608.568
608.656
608.891
608.982
609.019
609.034
609.041
609.044
609.044
609.043
609.041
609.038
609.043
609.046
609.048
609.047
609.043
609.031
609.003
608.943
608.833
608.905
608.99
609.028
609.043
609.049
609.051
609.051
609.049
609.047
609.044
609.042
609.047
609.051
609.053
609.055
609.055
609.054
609.05
609.041
609.026
609.038
609.05
609.055
609.057
609.057
609.056
609.055
609.053
609.05
609.047
609.045
609.05
609.054
609.056
609.058
609.06
609.061
609.062
609.063
609.064
609.065
609.065
609.064
609.062
609.061
609.059
609.058
609.056
609.053
609.049
609.047
609.053
609.056
609.058
609.06
609.062
609.064
609.066
609.068
609.07
609.07
609.069
609.067
609.065
609.063
609.061
609.06
609.058
609.055
609.052
609.051
609.055
609.058
609.06
609.062
609.064
609.066
609.068
609.07
609.072
609.073
609.071
609.069
609.067
609.065
609.064
609.062
609.06
609.058
609.054
609.054
609.058
609.061
609.063
609.064
609.066
609.068
609.07
609.072
609.075
609.075
609.073
609.071
609.069
609.068
609.066
609.065
609.063
609.061
609.058
609.059
609.062
609.064
609.066
609.068
609.07
609.072
609.073
609.075
609.078
609.078
609.077
609.075
609.073
609.072
609.07
609.069
609.067
609.065
609.062
609.07
609.072
609.074
609.075
609.076
609.078
609.079
609.08
609.081
609.082
609.083
609.082
609.081
609.08
609.079
609.078
609.077
609.076
609.075
609.073
609.031
609.029
609.027
609.021
609.011
608.992
608.959
608.883
608.723
607.758
607.917
608.8
608.949
608.997
609.016
609.027
609.033
609.037
609.038
609.04
609.035
609.038
609.039
609.038
609.031
609.013
608.969
608.857
608.568
607.954
608.15
608.775
608.951
609.01
609.032
609.041
609.044
609.045
609.043
609.042
609.039
609.044
609.048
609.049
609.048
609.041
609.022
608.97
608.833
608.462
608.693
608.933
609.013
609.04
609.049
609.052
609.052
609.05
609.048
609.044
609.042
609.048
609.052
609.055
609.056
609.056
609.054
609.046
609.026
608.987
609.017
609.043
609.054
609.058
609.058
609.058
609.056
609.054
609.051
609.047
609.045
609.051
609.055
609.058
609.06
609.062
609.063
609.064
609.064
609.062
609.064
609.065
609.065
609.064
609.063
609.061
609.059
609.057
609.054
609.05
609.048
609.054
609.058
609.061
609.063
609.065
609.066
609.068
609.07
609.071
609.071
609.07
609.068
609.067
609.065
609.064
609.062
609.06
609.057
609.052
609.052
609.058
609.061
609.063
609.065
609.067
609.069
609.07
609.072
609.074
609.074
609.073
609.071
609.069
609.068
609.066
609.064
609.063
609.06
609.055
609.056
609.062
609.065
609.066
609.068
609.07
609.071
609.073
609.075
609.076
609.077
609.075
609.074
609.072
609.071
609.069
609.068
609.066
609.064
609.059
609.066
609.067
609.069
609.07
609.072
609.073
609.075
609.076
609.078
609.079
609.079
609.078
609.077
609.076
609.074
609.073
609.072
609.07
609.069
609.067
609.074
609.075
609.076
609.077
609.078
609.079
609.08
609.081
609.082
609.083
609.083
609.083
609.082
609.081
609.08
609.079
609.079
609.078
609.077
609.076
609.033
609.031
609.029
609.024
609.015
608.998
608.969
608.907
608.772
607.917
608.042
608.839
608.964
609.004
609.021
609.03
609.036
609.039
609.04
609.041
609.036
609.039
609.041
609.039
609.034
609.019
608.983
608.892
608.656
608.15
608.323
608.825
608.97
609.018
609.036
609.043
609.046
609.046
609.044
609.043
609.04
609.045
609.048
609.05
609.049
609.044
609.031
608.994
608.905
608.693
608.854
608.977
609.026
609.045
609.051
609.053
609.052
609.051
609.048
609.045
609.043
609.049
609.053
609.055
609.057
609.058
609.056
609.051
609.038
609.017
609.035
609.05
609.057
609.059
609.059
609.058
609.057
609.054
609.051
609.048
609.046
609.052
609.056
609.059
609.061
609.063
609.064
609.065
609.065
609.064
609.066
609.066
609.066
609.065
609.063
609.062
609.06
609.057
609.054
609.05
609.049
609.055
609.059
609.061
609.064
609.065
609.067
609.069
609.07
609.071
609.072
609.071
609.069
609.068
609.066
609.064
609.062
609.06
609.057
609.053
609.052
609.059
609.062
609.064
609.066
609.068
609.07
609.071
609.073
609.074
609.074
609.073
609.072
609.07
609.069
609.067
609.066
609.064
609.061
609.056
609.057
609.064
609.066
609.068
609.07
609.071
609.072
609.074
609.075
609.077
609.077
609.076
609.074
609.073
609.072
609.071
609.069
609.068
609.065
609.06
609.068
609.07
609.071
609.072
609.074
609.075
609.076
609.077
609.078
609.079
609.08
609.079
609.078
609.077
609.076
609.075
609.074
609.072
609.071
609.069
609.076
609.076
609.077
609.078
609.079
609.08
609.081
609.082
609.083
609.083
609.083
609.083
609.082
609.082
609.081
609.08
609.079
609.079
609.078
609.078
609.034
609.032
609.031
609.027
609.021
609.01
608.993
608.963
608.898
608.8
608.839
608.945
608.999
609.017
609.027
609.034
609.038
609.04
609.041
609.042
609.036
609.039
609.041
609.041
609.037
609.029
609.01
608.971
608.891
608.775
608.825
608.953
609.008
609.031
609.04
609.045
609.046
609.046
609.045
609.043
609.04
609.044
609.048
609.049
609.05
609.047
609.04
609.024
608.99
608.933
608.977
609.02
609.04
609.049
609.052
609.053
609.052
609.051
609.048
609.045
609.043
609.048
609.052
609.054
609.056
609.057
609.057
609.055
609.05
609.043
609.05
609.056
609.058
609.059
609.059
609.057
609.056
609.054
609.051
609.048
609.045
609.051
609.055
609.057
609.059
609.061
609.063
609.064
609.065
609.065
609.066
609.066
609.065
609.063
609.062
609.06
609.059
609.056
609.054
609.05
609.048
609.053
609.057
609.06
609.062
609.063
609.065
609.067
609.069
609.07
609.071
609.069
609.067
609.066
609.064
609.063
609.061
609.059
609.056
609.052
609.051
609.056
609.06
609.062
609.064
609.066
609.067
609.069
609.071
609.073
609.073
609.072
609.07
609.068
609.067
609.065
609.064
609.062
609.059
609.055
609.055
609.06
609.063
609.065
609.067
609.068
609.07
609.072
609.073
609.075
609.076
609.074
609.073
609.071
609.07
609.068
609.067
609.065
609.062
609.059
609.061
609.065
609.067
609.069
609.071
609.072
609.074
609.075
609.077
609.078
609.079
609.078
609.076
609.075
609.073
609.072
609.071
609.069
609.067
609.064
609.073
609.075
609.076
609.077
609.078
609.079
609.08
609.081
609.082
609.083
609.083
609.083
609.082
609.081
609.081
609.08
609.079
609.078
609.077
609.076
609.035
609.033
609.032
609.03
609.025
609.018
609.008
608.994
608.975
608.949
608.964
608.999
609.015
609.025
609.032
609.036
609.039
609.04
609.042
609.043
609.037
609.039
609.041
609.041
609.039
609.035
609.026
609.009
608.982
608.951
608.97
609.008
609.028
609.038
609.043
609.046
609.046
609.046
609.045
609.043
609.04
609.044
609.047
609.049
609.049
609.049
609.046
609.039
609.028
609.013
609.026
609.04
609.048
609.051
609.052
609.052
609.051
609.05
609.048
609.045
609.042
609.047
609.051
609.053
609.055
609.056
609.056
609.056
609.055
609.054
609.057
609.058
609.059
609.058
609.057
609.056
609.055
609.053
609.051
609.048
609.045
609.05
609.053
609.056
609.057
609.059
609.061
609.062
609.064
609.065
609.066
609.065
609.063
609.062
609.06
609.059
609.057
609.055
609.053
609.05
609.048
609.052
609.055
609.057
609.059
609.061
609.063
609.065
609.067
609.068
609.069
609.067
609.066
609.064
609.062
609.061
609.059
609.057
609.055
609.052
609.051
609.055
609.057
609.059
609.061
609.063
609.065
609.067
609.069
609.071
609.072
609.07
609.068
609.066
609.065
609.063
609.062
609.06
609.058
609.055
609.054
609.057
609.06
609.062
609.064
609.066
609.067
609.069
609.071
609.074
609.074
609.073
609.07
609.069
609.067
609.066
609.064
609.063
609.06
609.058
609.059
609.062
609.064
609.066
609.068
609.07
609.071
609.073
609.075
609.077
609.078
609.076
609.074
609.073
609.071
609.07
609.068
609.067
609.065
609.062
609.07
609.073
609.075
609.076
609.077
609.078
609.079
609.08
609.081
609.082
609.082
609.082
609.081
609.081
609.08
609.079
609.078
609.077
609.075
609.073
609.036
609.034
609.033
609.031
609.028
609.024
609.018
609.011
609.003
608.997
609.004
609.017
609.025
609.031
609.035
609.038
609.04
609.041
609.042
609.044
609.037
609.039
609.041
609.041
609.041
609.038
609.034
609.028
609.019
609.01
609.018
609.031
609.038
609.042
609.045
609.046
609.046
609.045
609.045
609.044
609.04
609.043
609.046
609.048
609.049
609.049
609.048
609.046
609.043
609.04
609.045
609.049
609.051
609.052
609.052
609.052
609.051
609.049
609.047
609.046
609.042
609.046
609.049
609.052
609.053
609.055
609.056
609.056
609.057
609.058
609.059
609.059
609.058
609.057
609.056
609.055
609.054
609.052
609.05
609.048
609.044
609.049
609.052
609.054
609.056
609.057
609.059
609.061
609.062
609.064
609.065
609.063
609.062
609.06
609.059
609.057
609.056
609.054
609.052
609.05
609.047
609.051
609.054
609.056
609.058
609.059
609.061
609.063
609.065
609.067
609.068
609.066
609.064
609.062
609.061
609.059
609.058
609.056
609.055
609.052
609.05
609.053
609.056
609.058
609.06
609.061
609.063
609.065
609.067
609.069
609.07
609.068
609.066
609.064
609.063
609.062
609.06
609.059
609.057
609.054
609.053
609.056
609.059
609.061
609.062
609.064
609.065
609.067
609.069
609.072
609.073
609.071
609.069
609.067
609.066
609.065
609.063
609.062
609.06
609.058
609.058
609.061
609.063
609.065
609.066
609.068
609.069
609.071
609.073
609.076
609.077
609.075
609.073
609.071
609.07
609.069
609.067
609.066
609.064
609.062
609.07
609.072
609.074
609.075
609.077
609.078
609.078
609.079
609.08
609.081
609.082
609.081
609.081
609.08
609.079
609.078
609.077
609.076
609.075
609.073
609.037
609.036
609.034
609.033
609.031
609.028
609.025
609.022
609.018
609.016
609.021
609.027
609.032
609.035
609.038
609.039
609.041
609.042
609.043
609.045
609.038
609.039
609.04
609.041
609.041
609.041
609.039
609.037
609.034
609.032
609.036
609.04
609.043
609.045
609.046
609.046
609.046
609.045
609.045
609.044
609.04
609.043
609.045
609.047
609.048
609.049
609.049
609.049
609.049
609.049
609.051
609.052
609.052
609.052
609.052
609.051
609.05
609.049
609.047
609.046
609.042
609.045
609.048
609.05
609.052
609.053
609.055
609.056
609.057
609.058
609.059
609.059
609.057
609.056
609.055
609.054
609.053
609.051
609.05
609.048
609.044
609.048
609.051
609.053
609.054
609.056
609.058
609.059
609.061
609.063
609.063
609.062
609.06
609.059
609.057
609.056
609.055
609.054
609.052
609.05
609.047
609.05
609.053
609.055
609.056
609.058
609.059
609.061
609.063
609.065
609.066
609.064
609.062
609.061
609.06
609.058
609.057
609.056
609.054
609.052
609.05
609.053
609.055
609.057
609.059
609.06
609.061
609.063
609.065
609.068
609.069
609.067
609.065
609.063
609.062
609.061
609.06
609.058
609.057
609.055
609.053
609.056
609.058
609.06
609.062
609.063
609.064
609.066
609.068
609.071
609.072
609.07
609.067
609.066
609.065
609.064
609.063
609.062
609.06
609.058
609.058
609.061
609.063
609.065
609.066
609.067
609.068
609.069
609.072
609.074
609.076
609.073
609.071
609.07
609.069
609.068
609.067
609.066
609.065
609.063
609.071
609.072
609.074
609.075
609.076
609.077
609.078
609.078
609.079
609.08
609.081
609.081
609.08
609.079
609.079
609.078
609.077
609.076
609.075
609.074
609.038
609.037
609.036
609.035
609.033
609.032
609.03
609.029
609.028
609.027
609.03
609.034
609.036
609.038
609.039
609.041
609.042
609.043
609.044
609.046
609.038
609.039
609.04
609.041
609.042
609.042
609.042
609.041
609.041
609.041
609.043
609.045
609.046
609.046
609.046
609.046
609.046
609.045
609.045
609.045
609.04
609.042
609.044
609.046
609.047
609.048
609.049
609.05
609.051
609.052
609.053
609.053
609.052
609.052
609.051
609.05
609.049
609.048
609.047
609.046
609.042
609.045
609.047
609.049
609.051
609.052
609.054
609.055
609.056
609.058
609.058
609.057
609.056
609.055
609.054
609.053
609.052
609.051
609.049
609.048
609.045
609.047
609.05
609.051
609.053
609.055
609.056
609.058
609.059
609.061
609.062
609.06
609.059
609.057
609.056
609.055
609.054
609.053
609.052
609.05
609.047
609.05
609.052
609.054
609.055
609.057
609.058
609.06
609.061
609.064
609.064
609.063
609.061
609.059
609.058
609.057
609.057
609.055
609.054
609.053
609.05
609.053
609.055
609.056
609.058
609.059
609.06
609.062
609.064
609.066
609.067
609.065
609.063
609.062
609.061
609.06
609.059
609.058
609.057
609.055
609.054
609.057
609.058
609.06
609.061
609.062
609.063
609.064
609.066
609.069
609.071
609.068
609.066
609.065
609.064
609.063
609.063
609.062
609.061
609.059
609.06
609.062
609.064
609.065
609.065
609.066
609.067
609.068
609.07
609.073
609.075
609.072
609.07
609.069
609.068
609.068
609.067
609.067
609.066
609.064
609.072
609.074
609.074
609.075
609.076
609.076
609.077
609.078
609.078
609.079
609.08
609.08
609.079
609.078
609.078
609.078
609.077
609.077
609.076
609.076
609.04
609.038
609.037
609.036
609.035
609.034
609.034
609.033
609.033
609.033
609.036
609.038
609.039
609.04
609.041
609.042
609.043
609.044
609.045
609.047
609.04
609.04
609.04
609.041
609.042
609.042
609.043
609.043
609.044
609.044
609.046
609.046
609.046
609.046
609.046
609.046
609.045
609.045
609.045
609.046
609.041
609.042
609.044
609.045
609.046
609.047
609.049
609.05
609.051
609.052
609.052
609.052
609.051
609.051
609.05
609.049
609.048
609.048
609.047
609.048
609.043
609.045
609.046
609.048
609.049
609.051
609.052
609.054
609.055
609.056
609.057
609.056
609.055
609.054
609.053
609.052
609.051
609.05
609.05
609.049
609.046
609.047
609.049
609.05
609.052
609.053
609.055
609.056
609.058
609.059
609.06
609.059
609.057
609.056
609.055
609.054
609.053
609.053
609.052
609.051
609.048
609.05
609.052
609.053
609.054
609.055
609.057
609.058
609.06
609.062
609.062
609.061
609.059
609.058
609.057
609.057
609.056
609.055
609.055
609.054
609.052
609.054
609.055
609.056
609.057
609.058
609.059
609.06
609.062
609.064
609.066
609.064
609.062
609.06
609.06
609.059
609.059
609.059
609.058
609.057
609.056
609.058
609.059
609.06
609.06
609.061
609.062
609.063
609.065
609.068
609.069
609.067
609.064
609.063
609.063
609.063
609.063
609.063
609.062
609.061
609.063
609.064
609.065
609.065
609.065
609.065
609.066
609.067
609.069
609.072
609.074
609.071
609.068
609.067
609.067
609.067
609.068
609.068
609.068
609.067
609.075
609.075
609.076
609.076
609.075
609.075
609.076
609.076
609.077
609.079
609.079
609.079
609.078
609.077
609.077
609.077
609.078
609.078
609.078
609.078
609.043
609.04
609.039
609.038
609.037
609.036
609.036
609.036
609.036
609.037
609.039
609.04
609.04
609.041
609.042
609.043
609.044
609.045
609.046
609.05
609.042
609.041
609.041
609.041
609.041
609.042
609.042
609.043
609.044
609.045
609.046
609.046
609.046
609.045
609.045
609.045
609.045
609.045
609.047
609.049
609.044
609.043
609.043
609.044
609.045
609.046
609.047
609.048
609.049
609.05
609.051
609.051
609.05
609.049
609.049
609.048
609.048
609.048
609.048
609.05
609.046
609.046
609.046
609.047
609.048
609.049
609.05
609.052
609.053
609.054
609.054
609.054
609.053
609.052
609.051
609.051
609.05
609.05
609.051
609.052
609.048
609.049
609.049
609.05
609.05
609.052
609.053
609.054
609.056
609.057
609.057
609.056
609.055
609.054
609.054
609.053
609.053
609.053
609.053
609.054
609.051
609.052
609.052
609.052
609.053
609.054
609.055
609.056
609.058
609.06
609.06
609.059
609.057
609.056
609.056
609.055
609.055
609.056
609.057
609.057
609.055
609.056
609.056
609.056
609.056
609.056
609.057
609.058
609.06
609.063
609.064
609.062
609.06
609.059
609.058
609.058
609.059
609.059
609.06
609.061
609.06
609.06
609.06
609.06
609.06
609.06
609.06
609.061
609.063
609.066
609.068
609.065
609.063
609.062
609.062
609.062
609.063
609.064
609.064
609.065
609.067
609.067
609.066
609.065
609.065
609.064
609.064
609.065
609.067
609.07
609.072
609.069
609.067
609.066
609.066
609.067
609.068
609.069
609.07
609.071
609.078
609.078
609.077
609.076
609.075
609.075
609.075
609.075
609.076
609.078
609.079
609.078
609.077
609.076
609.076
609.077
609.078
609.079
609.08
609.081
609.048
609.044
609.041
609.04
609.039
609.038
609.038
609.038
609.038
609.038
609.04
609.041
609.042
609.042
609.043
609.044
609.045
609.046
609.049
609.054
609.047
609.044
609.042
609.041
609.041
609.041
609.042
609.042
609.043
609.043
609.044
609.045
609.045
609.045
609.045
609.045
609.045
609.047
609.049
609.053
609.049
609.046
609.044
609.044
609.044
609.044
609.045
609.046
609.047
609.048
609.048
609.048
609.048
609.047
609.047
609.047
609.047
609.048
609.051
609.055
609.051
609.048
609.047
609.046
609.046
609.047
609.048
609.049
609.05
609.051
609.051
609.051
609.051
609.05
609.05
609.049
609.05
609.051
609.053
609.057
609.054
609.051
609.05
609.049
609.049
609.05
609.051
609.052
609.053
609.054
609.054
609.054
609.053
609.052
609.052
609.052
609.052
609.053
609.056
609.06
609.058
609.055
609.053
609.052
609.052
609.052
609.053
609.054
609.055
609.057
609.057
609.056
609.055
609.055
609.054
609.054
609.055
609.057
609.059
609.063
609.062
609.059
609.057
609.055
609.055
609.055
609.055
609.056
609.058
609.06
609.061
609.059
609.058
609.057
609.057
609.057
609.058
609.06
609.063
609.067
609.066
609.064
609.061
609.059
609.058
609.058
609.058
609.059
609.061
609.064
609.065
609.062
609.06
609.06
609.06
609.061
609.062
609.064
609.067
609.071
609.072
609.07
609.067
609.065
609.064
609.063
609.063
609.063
609.065
609.069
609.071
609.067
609.065
609.064
609.065
609.066
609.068
609.07
609.073
609.076
609.082
609.08
609.078
609.076
609.075
609.074
609.073
609.073
609.075
609.077
609.078
609.077
609.075
609.075
609.075
609.076
609.078
609.08
609.082
609.084
609.056
609.049
609.045
609.043
609.041
609.041
609.04
609.04
609.04
609.04
609.041
609.042
609.043
609.044
609.045
609.046
609.047
609.05
609.054
609.062
609.056
609.049
609.044
609.042
609.041
609.041
609.041
609.041
609.041
609.042
609.043
609.043
609.043
609.044
609.044
609.045
609.046
609.049
609.053
609.061
609.058
609.05
609.046
609.044
609.043
609.043
609.043
609.044
609.044
609.044
609.045
609.045
609.045
609.046
609.046
609.046
609.048
609.05
609.055
609.063
609.06
609.053
609.048
609.046
609.045
609.045
609.045
609.046
609.047
609.047
609.048
609.048
609.048
609.048
609.048
609.048
609.049
609.052
609.057
609.065
609.064
609.056
609.05
609.048
609.047
609.047
609.048
609.048
609.049
609.05
609.05
609.05
609.05
609.05
609.05
609.05
609.051
609.054
609.06
609.068
609.067
609.059
609.054
609.051
609.05
609.05
609.05
609.051
609.052
609.052
609.053
609.052
609.052
609.052
609.052
609.053
609.054
609.057
609.063
609.071
609.071
609.063
609.057
609.054
609.053
609.053
609.053
609.054
609.054
609.055
609.056
609.055
609.055
609.054
609.055
609.055
609.057
609.061
609.067
609.074
609.074
609.068
609.062
609.059
609.057
609.056
609.056
609.057
609.058
609.059
609.06
609.059
609.058
609.058
609.058
609.059
609.061
609.065
609.071
609.077
609.079
609.073
609.068
609.065
609.062
609.061
609.06
609.061
609.062
609.067
609.069
609.064
609.062
609.062
609.063
609.064
609.067
609.071
609.076
609.081
609.087
609.083
609.079
609.076
609.074
609.072
609.071
609.071
609.073
609.076
609.078
609.076
609.073
609.073
609.074
609.076
609.078
609.081
609.084
609.088
)
;

boundaryField
{
    floor
    {
        type            calculated;
        value           nonuniform List<scalar> 
400
(
609.2
609.2
609.2
609.2
609.2
609.2
609.2
609.2
609.2
609.2
609.2
609.2
609.2
609.2
609.2
609.2
609.2
609.2
609.2
609.2
609.2
609.2
609.2
609.2
609.2
609.2
609.2
609.2
609.2
609.2
609.2
609.2
609.2
609.2
609.2
609.2
609.2
609.2
609.2
609.2
609.2
609.2
609.2
609.2
609.2
609.2
609.2
609.2
609.2
609.2
609.2
609.2
609.2
609.2
609.2
609.2
609.2
609.2
609.2
609.2
609.2
609.2
609.2
609.2
609.2
609.2
609.2
609.2
609.2
609.2
609.2
609.2
609.2
609.2
609.2
609.2
609.2
609.2
609.2
609.2
609.2
609.2
609.2
609.2
609.2
609.2
609.2
609.2
609.2
609.2
609.2
609.2
609.2
609.2
609.2
609.2
609.2
609.2
609.2
609.2
609.2
609.2
609.2
609.2
609.2
609.2
609.2
609.2
609.2
609.2
609.2
609.2
609.2
609.2
609.2
609.2
609.2
609.2
609.2
609.2
609.2
609.2
609.2
609.2
609.2
609.2
609.2
609.2
609.2
609.2
609.2
609.2
609.2
609.2
609.2
609.2
609.2
609.2
609.2
609.2
609.2
609.2
609.2
609.2
609.2
609.2
609.2
609.2
609.2
609.2
609.2
609.2
609.2
609.2
609.2
609.2
609.2
609.2
609.2
609.2
609.2
609.2
609.2
609.2
609.2
609.2
609.2
609.2
609.2
609.2
609.2
609.2
609.2
609.2
609.2
609.2
609.2
609.2
609.2
609.2
609.2
609.2
609.2
609.2
609.2
609.2
609.2
609.2
609.2
292.927
292.927
609.2
609.2
609.2
609.2
609.2
609.2
609.2
609.2
609.2
609.2
609.2
609.2
609.2
609.2
609.2
609.2
609.2
609.2
292.927
292.927
609.2
609.2
609.2
609.2
609.2
609.2
609.2
609.2
609.2
609.2
609.2
609.2
609.2
609.2
609.2
609.2
609.2
609.2
609.2
609.2
609.2
609.2
609.2
609.2
609.2
609.2
609.2
609.2
609.2
609.2
609.2
609.2
609.2
609.2
609.2
609.2
609.2
609.2
609.2
609.2
609.2
609.2
609.2
609.2
609.2
609.2
609.2
609.2
609.2
609.2
609.2
609.2
609.2
609.2
609.2
609.2
609.2
609.2
609.2
609.2
609.2
609.2
609.2
609.2
609.2
609.2
609.2
609.2
609.2
609.2
609.2
609.2
609.2
609.2
609.2
609.2
609.2
609.2
609.2
609.2
609.2
609.2
609.2
609.2
609.2
609.2
609.2
609.2
609.2
609.2
609.2
609.2
609.2
609.2
609.2
609.2
609.2
609.2
609.2
609.2
609.2
609.2
609.2
609.2
609.2
609.2
609.2
609.2
609.2
609.2
609.2
609.2
609.2
609.2
609.2
609.2
609.2
609.2
609.2
609.2
609.2
609.2
609.2
609.2
609.2
609.2
609.2
609.2
609.2
609.2
609.2
609.2
609.2
609.2
609.2
609.2
609.2
609.2
609.2
609.2
609.2
609.2
609.2
609.2
609.2
609.2
609.2
609.2
609.2
609.2
609.2
609.2
609.2
609.2
609.2
609.2
609.2
609.2
609.2
609.2
609.2
609.2
609.2
609.2
609.2
609.2
609.2
609.2
609.2
609.2
609.2
609.2
609.2
609.2
609.2
609.2
609.2
609.2
609.2
609.2
609.2
609.2
609.2
609.2
609.2
609.2
609.2
609.2
609.2
)
;
    }
    ceiling
    {
        type            calculated;
        value           uniform 609.2;
    }
    fixedWalls
    {
        type            calculated;
        value           nonuniform List<scalar> 
800
(
609.051
609.05
609.052
609.055
609.058
609.062
609.066
609.07
609.075
609.084
609.043
609.043
609.044
609.047
609.05
609.053
609.058
609.062
609.069
609.08
609.039
609.038
609.04
609.042
609.045
609.048
609.052
609.057
609.063
609.076
609.036
609.036
609.038
609.04
609.043
609.045
609.049
609.053
609.06
609.072
609.035
609.035
609.037
609.04
609.042
609.045
609.048
609.051
609.057
609.07
609.033
609.035
609.037
609.04
609.042
609.045
609.048
609.051
609.056
609.068
609.033
609.035
609.038
609.04
609.043
609.046
609.048
609.052
609.056
609.068
609.032
609.035
609.038
609.041
609.044
609.046
609.049
609.053
609.057
609.068
609.032
609.035
609.038
609.042
609.045
609.047
609.051
609.054
609.059
609.07
609.031
609.035
609.039
609.042
609.045
609.048
609.052
609.056
609.066
609.074
609.033
609.036
609.04
609.043
609.046
609.049
609.052
609.057
609.068
609.076
609.034
609.036
609.04
609.043
609.045
609.048
609.051
609.055
609.061
609.073
609.035
609.037
609.04
609.042
609.045
609.048
609.051
609.054
609.059
609.07
609.036
609.037
609.04
609.042
609.044
609.047
609.05
609.053
609.058
609.07
609.037
609.038
609.04
609.042
609.044
609.047
609.05
609.053
609.058
609.071
609.038
609.038
609.04
609.042
609.045
609.047
609.05
609.054
609.06
609.072
609.04
609.04
609.041
609.043
609.046
609.048
609.052
609.056
609.063
609.075
609.043
609.042
609.044
609.046
609.048
609.051
609.055
609.06
609.067
609.078
609.048
609.047
609.049
609.051
609.054
609.058
609.062
609.066
609.072
609.082
609.056
609.056
609.058
609.06
609.064
609.067
609.071
609.074
609.079
609.087
609.056
609.056
609.058
609.06
609.064
609.067
609.071
609.074
609.079
609.087
609.049
609.049
609.05
609.053
609.056
609.059
609.063
609.068
609.073
609.083
609.045
609.044
609.046
609.048
609.05
609.054
609.057
609.062
609.068
609.079
609.043
609.042
609.044
609.046
609.048
609.051
609.054
609.059
609.065
609.076
609.041
609.041
609.043
609.045
609.047
609.05
609.053
609.057
609.062
609.074
609.041
609.041
609.043
609.045
609.047
609.05
609.053
609.056
609.061
609.072
609.04
609.041
609.043
609.045
609.048
609.05
609.053
609.056
609.06
609.071
609.04
609.041
609.044
609.046
609.048
609.051
609.054
609.057
609.061
609.071
609.04
609.041
609.044
609.047
609.049
609.052
609.054
609.058
609.062
609.073
609.04
609.042
609.044
609.047
609.05
609.052
609.055
609.059
609.067
609.076
609.041
609.043
609.045
609.048
609.05
609.053
609.056
609.06
609.069
609.078
609.042
609.043
609.045
609.048
609.05
609.052
609.055
609.059
609.064
609.076
609.043
609.043
609.045
609.048
609.05
609.052
609.055
609.058
609.062
609.073
609.044
609.044
609.046
609.048
609.05
609.052
609.054
609.058
609.062
609.073
609.045
609.044
609.046
609.048
609.05
609.052
609.055
609.058
609.063
609.074
609.046
609.045
609.046
609.048
609.05
609.053
609.055
609.059
609.064
609.076
609.047
609.046
609.048
609.049
609.051
609.054
609.057
609.061
609.067
609.078
609.05
609.049
609.05
609.052
609.054
609.057
609.061
609.065
609.071
609.081
609.054
609.053
609.055
609.057
609.06
609.063
609.067
609.071
609.076
609.084
609.062
609.061
609.063
609.065
609.068
609.071
609.074
609.077
609.081
609.088
609.051
609.05
609.052
609.055
609.058
609.062
609.066
609.07
609.075
609.084
609.043
609.043
609.044
609.047
609.05
609.053
609.058
609.062
609.069
609.08
609.039
609.038
609.04
609.042
609.045
609.048
609.052
609.057
609.063
609.076
609.036
609.036
609.038
609.04
609.043
609.045
609.049
609.053
609.06
609.072
609.035
609.035
609.037
609.04
609.042
609.045
609.048
609.051
609.057
609.07
609.033
609.035
609.037
609.04
609.042
609.045
609.048
609.051
609.056
609.068
609.033
609.035
609.038
609.04
609.043
609.046
609.048
609.052
609.056
609.068
609.032
609.035
609.038
609.041
609.044
609.046
609.049
609.053
609.057
609.068
609.032
609.035
609.038
609.042
609.045
609.047
609.051
609.054
609.059
609.07
609.031
609.035
609.039
609.042
609.045
609.048
609.052
609.056
609.066
609.074
609.033
609.036
609.04
609.043
609.046
609.049
609.052
609.057
609.068
609.076
609.034
609.036
609.04
609.043
609.045
609.048
609.051
609.055
609.061
609.073
609.035
609.037
609.04
609.042
609.045
609.048
609.051
609.054
609.059
609.07
609.036
609.037
609.04
609.042
609.044
609.047
609.05
609.053
609.058
609.07
609.037
609.038
609.04
609.042
609.044
609.047
609.05
609.053
609.058
609.071
609.038
609.038
609.04
609.042
609.045
609.047
609.05
609.054
609.06
609.072
609.04
609.04
609.041
609.043
609.046
609.048
609.052
609.056
609.063
609.075
609.043
609.042
609.044
609.046
609.048
609.051
609.055
609.06
609.067
609.078
609.048
609.047
609.049
609.051
609.054
609.058
609.062
609.066
609.072
609.082
609.056
609.056
609.058
609.06
609.064
609.067
609.071
609.074
609.079
609.087
609.056
609.056
609.058
609.06
609.064
609.067
609.071
609.074
609.079
609.087
609.049
609.049
609.05
609.053
609.056
609.059
609.063
609.068
609.073
609.083
609.045
609.044
609.046
609.048
609.05
609.054
609.057
609.062
609.068
609.079
609.043
609.042
609.044
609.046
609.048
609.051
609.054
609.059
609.065
609.076
609.041
609.041
609.043
609.045
609.047
609.05
609.053
609.057
609.062
609.074
609.041
609.041
609.043
609.045
609.047
609.05
609.053
609.056
609.061
609.072
609.04
609.041
609.043
609.045
609.048
609.05
609.053
609.056
609.06
609.071
609.04
609.041
609.044
609.046
609.048
609.051
609.054
609.057
609.061
609.071
609.04
609.041
609.044
609.047
609.049
609.052
609.054
609.058
609.062
609.073
609.04
609.042
609.044
609.047
609.05
609.052
609.055
609.059
609.067
609.076
609.041
609.043
609.045
609.048
609.05
609.053
609.056
609.06
609.069
609.078
609.042
609.043
609.045
609.048
609.05
609.052
609.055
609.059
609.064
609.076
609.043
609.043
609.045
609.048
609.05
609.052
609.055
609.058
609.062
609.073
609.044
609.044
609.046
609.048
609.05
609.052
609.054
609.058
609.062
609.073
609.045
609.044
609.046
609.048
609.05
609.052
609.055
609.058
609.063
609.074
609.046
609.045
609.046
609.048
609.05
609.053
609.055
609.059
609.064
609.076
609.047
609.046
609.048
609.049
609.051
609.054
609.057
609.061
609.067
609.078
609.05
609.049
609.05
609.052
609.054
609.057
609.061
609.065
609.071
609.081
609.054
609.053
609.055
609.057
609.06
609.063
609.067
609.071
609.076
609.084
609.062
609.061
609.063
609.065
609.068
609.071
609.074
609.077
609.081
609.088
)
;
    }
}


// ************************************************************************* //
