/*--------------------------------*- C++ -*----------------------------------*\
  =========                 |
  \\      /  F ield         | OpenFOAM: The Open Source CFD Toolbox
   \\    /   O peration     | Website:  https://openfoam.org
    \\  /    A nd           | Version:  dev
     \\/     M anipulation  |
\*---------------------------------------------------------------------------*/
FoamFile
{
    version     2.0;
    format      ascii;
    class       volScalarField;
    location    "50";
    object      thermo:massH2O;
}
// * * * * * * * * * * * * * * * * * * * * * * * * * * * * * * * * * * * * * //

dimensions      [1 0 0 0 0 0 0];

internalField   nonuniform List<scalar> 
4000
(
0.274506
0.274481
0.274466
0.274458
0.274453
0.274449
0.274447
0.274444
0.274443
0.274443
0.274447
0.27445
0.274453
0.274457
0.274461
0.274465
0.274471
0.27448
0.274496
0.274525
0.274505
0.27448
0.274466
0.274459
0.274456
0.274454
0.274453
0.274453
0.274453
0.274454
0.274457
0.274458
0.27446
0.274461
0.274463
0.274466
0.27447
0.274478
0.274495
0.274524
0.274511
0.274485
0.274471
0.274465
0.274462
0.274462
0.274463
0.274464
0.274466
0.274467
0.274469
0.27447
0.27447
0.27447
0.27447
0.274472
0.274475
0.274483
0.2745
0.274529
0.27452
0.274493
0.274478
0.274472
0.27447
0.274471
0.274472
0.274474
0.274477
0.274479
0.27448
0.27448
0.274479
0.274478
0.274478
0.274478
0.274482
0.27449
0.274508
0.274538
0.274532
0.274503
0.274486
0.274479
0.274478
0.274479
0.274481
0.274483
0.274486
0.274488
0.27449
0.274489
0.274487
0.274486
0.274485
0.274486
0.274489
0.274498
0.274517
0.274549
0.274543
0.274515
0.274496
0.274488
0.274486
0.274487
0.274489
0.274492
0.274495
0.274498
0.274499
0.274498
0.274496
0.274494
0.274493
0.274494
0.274498
0.274508
0.274529
0.27456
0.274556
0.274529
0.274509
0.274499
0.274496
0.274496
0.274498
0.274502
0.274506
0.274509
0.274511
0.274508
0.274506
0.274503
0.274503
0.274504
0.274509
0.274521
0.274542
0.274572
0.27457
0.274545
0.274526
0.274514
0.274508
0.274507
0.274509
0.274513
0.274518
0.274524
0.274528
0.274522
0.274517
0.274514
0.274514
0.274517
0.274524
0.274537
0.274558
0.274584
0.274586
0.274566
0.274548
0.274536
0.274528
0.274524
0.274524
0.274527
0.274535
0.274555
0.274563
0.274541
0.274533
0.27453
0.274531
0.274536
0.274545
0.274559
0.274577
0.274599
0.274617
0.274602
0.274589
0.274578
0.27457
0.274565
0.274562
0.274563
0.274571
0.274583
0.274589
0.274581
0.27457
0.274569
0.274572
0.274578
0.274586
0.274597
0.274611
0.274626
0.274481
0.274466
0.274456
0.27445
0.274446
0.274442
0.274439
0.274437
0.274436
0.274436
0.274441
0.274446
0.274449
0.274452
0.274456
0.27446
0.274465
0.274472
0.274482
0.274501
0.27448
0.274467
0.27446
0.274458
0.274457
0.274458
0.274459
0.27446
0.274462
0.274464
0.274467
0.274468
0.274468
0.274468
0.274468
0.274468
0.27447
0.274474
0.274483
0.274499
0.274485
0.274474
0.274468
0.274468
0.274469
0.274472
0.274475
0.274478
0.274482
0.274485
0.274486
0.274485
0.274483
0.274481
0.274479
0.274478
0.274478
0.274481
0.27449
0.274505
0.274493
0.274483
0.274477
0.274477
0.274479
0.274482
0.274486
0.274491
0.274495
0.274498
0.274499
0.274498
0.274495
0.274492
0.274489
0.274487
0.274487
0.27449
0.274498
0.274513
0.274503
0.274493
0.274487
0.274485
0.274487
0.274491
0.274495
0.2745
0.274504
0.274508
0.274509
0.274507
0.274503
0.2745
0.274497
0.274495
0.274495
0.274499
0.274509
0.274522
0.274515
0.274505
0.274498
0.274495
0.274495
0.274498
0.274502
0.274507
0.274512
0.274518
0.27452
0.274515
0.274511
0.274507
0.274505
0.274504
0.274505
0.27451
0.27452
0.274534
0.274529
0.274518
0.27451
0.274506
0.274505
0.274506
0.27451
0.274514
0.274521
0.274529
0.274532
0.274525
0.274519
0.274515
0.274513
0.274513
0.274516
0.274523
0.274534
0.274547
0.274545
0.274535
0.274526
0.27452
0.274517
0.274517
0.274519
0.274523
0.274531
0.274543
0.274549
0.274537
0.274528
0.274524
0.274524
0.274526
0.27453
0.274538
0.274549
0.274562
0.274566
0.274556
0.274547
0.27454
0.274535
0.274533
0.274533
0.274536
0.274544
0.274561
0.274569
0.274553
0.274542
0.274539
0.27454
0.274544
0.27455
0.274558
0.274569
0.274581
0.274602
0.274593
0.274586
0.274579
0.274574
0.274571
0.274569
0.274571
0.274578
0.274586
0.274591
0.274585
0.274578
0.274576
0.274578
0.274582
0.274588
0.274595
0.274603
0.274613
0.274466
0.274456
0.274449
0.274444
0.274439
0.274435
0.274431
0.274428
0.274427
0.274427
0.274434
0.27444
0.274444
0.274448
0.274452
0.274457
0.274461
0.274467
0.274474
0.274487
0.274466
0.27446
0.274459
0.274459
0.27446
0.274462
0.274463
0.274465
0.274467
0.274469
0.274473
0.274474
0.274474
0.274473
0.274472
0.274472
0.274472
0.274473
0.274477
0.274485
0.274471
0.274468
0.274469
0.274472
0.274476
0.27448
0.274484
0.274488
0.274492
0.274496
0.274498
0.274496
0.274494
0.274491
0.274487
0.274485
0.274483
0.274482
0.274484
0.27449
0.274478
0.274477
0.274479
0.274482
0.274487
0.274492
0.274497
0.274502
0.274507
0.274511
0.274512
0.27451
0.274506
0.274502
0.274498
0.274494
0.274492
0.274491
0.274493
0.274497
0.274486
0.274487
0.274488
0.274491
0.274495
0.2745
0.274505
0.27451
0.274516
0.274521
0.274523
0.274519
0.274514
0.27451
0.274506
0.274502
0.274501
0.2745
0.274502
0.274506
0.274496
0.274498
0.274498
0.2745
0.274502
0.274506
0.274511
0.274517
0.274523
0.27453
0.274532
0.274527
0.274521
0.274516
0.274513
0.274511
0.27451
0.274511
0.274513
0.274516
0.274509
0.27451
0.27451
0.27451
0.274511
0.274514
0.274518
0.274523
0.27453
0.27454
0.274544
0.274535
0.274528
0.274523
0.274521
0.27452
0.274521
0.274523
0.274526
0.274528
0.274526
0.274526
0.274524
0.274523
0.274523
0.274524
0.274526
0.274531
0.274539
0.274552
0.274558
0.274546
0.274537
0.274533
0.274531
0.274532
0.274534
0.274537
0.274541
0.274544
0.274548
0.274547
0.274544
0.274542
0.27454
0.274539
0.27454
0.274543
0.274552
0.274567
0.274573
0.27456
0.27455
0.274547
0.274547
0.274549
0.274552
0.274556
0.274561
0.274565
0.274589
0.274586
0.274582
0.274579
0.274577
0.274575
0.274575
0.274578
0.274583
0.274589
0.274594
0.27459
0.274585
0.274582
0.274582
0.274585
0.274588
0.274592
0.274597
0.274601
0.274458
0.27445
0.274444
0.274438
0.274433
0.274427
0.274421
0.274416
0.274411
0.274409
0.274419
0.274429
0.274436
0.274443
0.274448
0.274453
0.274458
0.274463
0.27447
0.27448
0.274459
0.274458
0.274459
0.274461
0.274462
0.274463
0.274463
0.274463
0.274462
0.274464
0.274469
0.274473
0.274475
0.274475
0.274475
0.274475
0.274474
0.274473
0.274474
0.274479
0.274465
0.274468
0.274472
0.274477
0.274482
0.274486
0.27449
0.274493
0.274497
0.2745
0.274503
0.274502
0.2745
0.274497
0.274494
0.27449
0.274487
0.274484
0.274482
0.274484
0.274472
0.274477
0.274482
0.274488
0.274494
0.274499
0.274504
0.27451
0.274515
0.27452
0.274521
0.274518
0.274514
0.274509
0.274505
0.274501
0.274497
0.274493
0.274491
0.27449
0.274479
0.274485
0.274491
0.274496
0.274501
0.274507
0.274512
0.274518
0.274524
0.27453
0.274532
0.274528
0.274522
0.274517
0.274513
0.274509
0.274505
0.274502
0.2745
0.274498
0.274488
0.274495
0.2745
0.274504
0.274508
0.274513
0.274518
0.274524
0.274531
0.274539
0.274541
0.274535
0.274528
0.274523
0.274519
0.274516
0.274514
0.274512
0.27451
0.274507
0.274499
0.274506
0.27451
0.274513
0.274516
0.27452
0.274524
0.27453
0.274538
0.274548
0.274552
0.274543
0.274535
0.27453
0.274527
0.274525
0.274524
0.274523
0.274521
0.274518
0.274514
0.27452
0.274523
0.274525
0.274527
0.274529
0.274532
0.274537
0.274546
0.274558
0.274564
0.274553
0.274544
0.274539
0.274537
0.274536
0.274536
0.274536
0.274535
0.274532
0.274536
0.27454
0.274542
0.274543
0.274543
0.274544
0.274546
0.27455
0.274558
0.274571
0.274578
0.274566
0.274557
0.274553
0.274552
0.274552
0.274553
0.274554
0.274554
0.274553
0.274578
0.274579
0.274579
0.274579
0.274579
0.274579
0.27458
0.274583
0.274587
0.274593
0.274597
0.274594
0.27459
0.274587
0.274586
0.274587
0.274588
0.27459
0.274591
0.274591
0.274453
0.274446
0.274439
0.274433
0.274425
0.274416
0.274405
0.274393
0.274382
0.274374
0.274388
0.274408
0.274422
0.274433
0.274442
0.274449
0.274455
0.274461
0.274467
0.274475
0.274456
0.274457
0.27446
0.274462
0.274462
0.27446
0.274457
0.274451
0.274444
0.274441
0.27445
0.274462
0.274469
0.274473
0.274476
0.274476
0.274476
0.274475
0.274474
0.274476
0.274462
0.274469
0.274476
0.274482
0.274486
0.274489
0.274491
0.274493
0.274494
0.274496
0.274501
0.274502
0.274502
0.2745
0.274498
0.274495
0.274491
0.274487
0.274483
0.274481
0.27447
0.274479
0.274487
0.274494
0.2745
0.274505
0.274509
0.274514
0.27452
0.274525
0.274527
0.274524
0.274519
0.274515
0.27451
0.274506
0.274502
0.274497
0.274492
0.274488
0.274478
0.274487
0.274495
0.274501
0.274507
0.274513
0.274518
0.274524
0.274531
0.274537
0.27454
0.274535
0.274529
0.274523
0.274518
0.274514
0.27451
0.274505
0.274501
0.274495
0.274486
0.274495
0.274502
0.274508
0.274514
0.274519
0.274524
0.27453
0.274538
0.274546
0.274549
0.274542
0.274535
0.274529
0.274525
0.274521
0.274518
0.274514
0.274509
0.274504
0.274496
0.274505
0.274511
0.274516
0.274521
0.274525
0.27453
0.274536
0.274544
0.274554
0.274558
0.274549
0.274541
0.274536
0.274532
0.274529
0.274526
0.274523
0.274519
0.274513
0.274508
0.274517
0.274523
0.274527
0.274531
0.274534
0.274538
0.274543
0.274552
0.274563
0.274569
0.274559
0.27455
0.274545
0.274542
0.27454
0.274538
0.274535
0.274532
0.274526
0.274528
0.274535
0.27454
0.274543
0.274546
0.274548
0.274551
0.274556
0.274564
0.274576
0.274582
0.274572
0.274563
0.274558
0.274556
0.274555
0.274554
0.274552
0.274549
0.274545
0.27457
0.274574
0.274577
0.274579
0.27458
0.274582
0.274584
0.274587
0.274591
0.274596
0.2746
0.274597
0.274594
0.274592
0.27459
0.274589
0.274588
0.274587
0.274586
0.274584
0.274449
0.274442
0.274435
0.274427
0.274416
0.2744
0.274381
0.274358
0.274333
0.274313
0.274335
0.274373
0.274399
0.274418
0.274433
0.274444
0.274452
0.274459
0.274465
0.274473
0.274454
0.274458
0.274462
0.274463
0.27446
0.274454
0.274442
0.274425
0.274402
0.274382
0.274402
0.274433
0.274454
0.274466
0.274473
0.274477
0.274478
0.274477
0.274475
0.274474
0.274462
0.274472
0.27448
0.274486
0.274489
0.27449
0.274489
0.274485
0.27448
0.274475
0.274485
0.274495
0.274499
0.274501
0.2745
0.274498
0.274495
0.274491
0.274485
0.274481
0.274471
0.274482
0.274492
0.274499
0.274505
0.274509
0.274513
0.274517
0.274521
0.274525
0.274529
0.274527
0.274523
0.274519
0.274515
0.274511
0.274507
0.274501
0.274495
0.274488
0.274479
0.274491
0.2745
0.274507
0.274513
0.274518
0.274524
0.27453
0.274536
0.274543
0.274545
0.27454
0.274534
0.274528
0.274524
0.274519
0.274514
0.274509
0.274503
0.274495
0.274487
0.274498
0.274506
0.274513
0.274519
0.274524
0.27453
0.274536
0.274543
0.274552
0.274555
0.274548
0.274541
0.274535
0.27453
0.274526
0.274521
0.274516
0.274511
0.274503
0.274496
0.274506
0.274514
0.27452
0.274525
0.27453
0.274535
0.274542
0.27455
0.274559
0.274563
0.274555
0.274547
0.274541
0.274537
0.274533
0.274529
0.274525
0.274519
0.274512
0.274507
0.274517
0.274524
0.274529
0.274534
0.274538
0.274543
0.274549
0.274558
0.274569
0.274573
0.274564
0.274556
0.27455
0.274546
0.274543
0.27454
0.274535
0.27453
0.274523
0.274524
0.274533
0.274539
0.274544
0.274548
0.274552
0.274556
0.274561
0.274569
0.27458
0.274586
0.274577
0.274568
0.274563
0.27456
0.274557
0.274554
0.274551
0.274546
0.27454
0.274565
0.274571
0.274575
0.274579
0.274582
0.274585
0.274588
0.274591
0.274595
0.274599
0.274603
0.274601
0.274598
0.274595
0.274593
0.27459
0.274588
0.274586
0.274582
0.274578
0.274447
0.274439
0.274431
0.274421
0.274405
0.274381
0.274348
0.274306
0.274253
0.274207
0.27424
0.274316
0.274366
0.274399
0.274422
0.274439
0.27445
0.274457
0.274464
0.274471
0.274453
0.274459
0.274463
0.274463
0.274457
0.274442
0.274416
0.274373
0.274309
0.274238
0.274284
0.274372
0.274424
0.274452
0.274468
0.274476
0.274479
0.274479
0.274476
0.274474
0.274463
0.274475
0.274484
0.27449
0.274491
0.274489
0.274481
0.274466
0.274442
0.274413
0.27444
0.274472
0.27449
0.274498
0.274501
0.274501
0.274499
0.274495
0.274488
0.274481
0.274472
0.274486
0.274497
0.274504
0.274509
0.274513
0.274516
0.274517
0.274517
0.274517
0.274524
0.274526
0.274525
0.274522
0.274519
0.274516
0.274511
0.274505
0.274498
0.274489
0.274481
0.274495
0.274505
0.274512
0.274518
0.274524
0.274529
0.274535
0.274541
0.274547
0.27455
0.274545
0.274539
0.274534
0.274529
0.274524
0.274519
0.274513
0.274506
0.274497
0.274489
0.274502
0.274511
0.274518
0.274524
0.27453
0.274535
0.274542
0.274549
0.274558
0.27456
0.274554
0.274546
0.27454
0.274535
0.27453
0.274525
0.27452
0.274514
0.274505
0.274498
0.27451
0.274518
0.274524
0.27453
0.274535
0.274541
0.274548
0.274556
0.274565
0.274569
0.274561
0.274553
0.274547
0.274542
0.274537
0.274533
0.274528
0.274521
0.274513
0.274509
0.274519
0.274526
0.274532
0.274538
0.274543
0.274548
0.274555
0.274563
0.274574
0.274578
0.27457
0.274561
0.274555
0.27455
0.274546
0.274542
0.274537
0.274531
0.274524
0.274524
0.274533
0.27454
0.274546
0.274551
0.274556
0.274561
0.274567
0.274575
0.274585
0.27459
0.274582
0.274574
0.274568
0.274563
0.27456
0.274556
0.274551
0.274545
0.274538
0.274562
0.274569
0.274575
0.27458
0.274584
0.274588
0.274591
0.274595
0.274598
0.274603
0.274606
0.274604
0.274601
0.274598
0.274595
0.274592
0.274589
0.274585
0.27458
0.274575
0.274444
0.274437
0.274428
0.274416
0.274393
0.274358
0.274306
0.274228
0.274113
0.273961
0.274038
0.27422
0.27432
0.274376
0.274411
0.274434
0.274449
0.274457
0.274463
0.274471
0.274453
0.27446
0.274465
0.274463
0.274451
0.274425
0.274373
0.274276
0.274104
0.273875
0.273988
0.274244
0.27437
0.274431
0.274461
0.274475
0.274481
0.274481
0.274478
0.274474
0.274464
0.274478
0.274488
0.274493
0.274493
0.274485
0.274466
0.274426
0.274351
0.274241
0.27432
0.274418
0.274469
0.274492
0.274501
0.274504
0.274503
0.274498
0.274491
0.274482
0.274474
0.274491
0.274502
0.27451
0.274514
0.274517
0.274517
0.274513
0.274504
0.274491
0.274507
0.274519
0.274525
0.274525
0.274523
0.27452
0.274516
0.27451
0.274501
0.274491
0.274483
0.2745
0.27451
0.274518
0.274524
0.27453
0.274535
0.27454
0.274545
0.27455
0.274553
0.274549
0.274544
0.274539
0.274534
0.274529
0.274524
0.274518
0.27451
0.274498
0.274492
0.274507
0.274517
0.274524
0.27453
0.274536
0.274542
0.274548
0.274556
0.274564
0.274566
0.274559
0.274552
0.274546
0.274541
0.274535
0.27453
0.274524
0.274517
0.274507
0.274502
0.274514
0.274523
0.27453
0.274536
0.274542
0.274548
0.274554
0.274562
0.274571
0.274574
0.274567
0.274559
0.274552
0.274547
0.274542
0.274537
0.274532
0.274525
0.274516
0.274513
0.274523
0.274531
0.274537
0.274543
0.274549
0.274555
0.274562
0.27457
0.274579
0.274583
0.274575
0.274567
0.274561
0.274555
0.274551
0.274546
0.27454
0.274534
0.274526
0.274527
0.274536
0.274543
0.27455
0.274556
0.274561
0.274567
0.274573
0.274581
0.27459
0.274594
0.274587
0.274579
0.274573
0.274568
0.274563
0.274558
0.274553
0.274547
0.274539
0.274563
0.274571
0.274578
0.274583
0.274587
0.274591
0.274595
0.274598
0.274602
0.274606
0.274609
0.274607
0.274604
0.274601
0.274598
0.274595
0.274591
0.274587
0.274581
0.274575
0.274443
0.274436
0.274427
0.274411
0.274382
0.274333
0.274253
0.274113
0.273809
0.27345
0.273606
0.274007
0.274257
0.27435
0.2744
0.27443
0.274448
0.274458
0.274464
0.274471
0.274453
0.274462
0.274467
0.274462
0.274444
0.274402
0.274309
0.274104
0.273669
0.272969
0.273241
0.273986
0.274282
0.274401
0.274452
0.274474
0.274483
0.274484
0.27448
0.274475
0.274466
0.274482
0.274492
0.274497
0.274494
0.27448
0.274442
0.274351
0.274153
0.273801
0.274031
0.274307
0.274432
0.274482
0.274501
0.274507
0.274506
0.274502
0.274494
0.274484
0.274477
0.274495
0.274507
0.274515
0.27452
0.274521
0.274517
0.274504
0.274474
0.274426
0.274466
0.274503
0.274521
0.274527
0.274528
0.274525
0.27452
0.274514
0.274505
0.274493
0.274486
0.274504
0.274516
0.274524
0.274531
0.274536
0.274541
0.274545
0.274548
0.27455
0.274554
0.274553
0.274549
0.274544
0.27454
0.274535
0.274529
0.274522
0.274513
0.274501
0.274495
0.274512
0.274523
0.274531
0.274538
0.274543
0.274549
0.274556
0.274563
0.27457
0.274571
0.274565
0.274558
0.274552
0.274547
0.274542
0.274536
0.27453
0.274521
0.274509
0.274506
0.274521
0.27453
0.274538
0.274544
0.27455
0.274556
0.274562
0.27457
0.274578
0.274579
0.274573
0.274566
0.274559
0.274554
0.274549
0.274543
0.274537
0.27453
0.274518
0.274518
0.274531
0.274539
0.274546
0.274552
0.274558
0.274563
0.27457
0.274578
0.274585
0.274588
0.274581
0.274574
0.274568
0.274563
0.274557
0.274552
0.274546
0.274539
0.27453
0.274535
0.274544
0.274552
0.274558
0.274564
0.274569
0.274575
0.274581
0.274588
0.274595
0.274598
0.274592
0.274586
0.27458
0.274575
0.27457
0.274565
0.274559
0.274552
0.274544
0.274571
0.274578
0.274583
0.274587
0.274591
0.274595
0.274598
0.274602
0.274606
0.274609
0.274611
0.27461
0.274607
0.274604
0.274601
0.274598
0.274594
0.274591
0.274586
0.27458
0.274443
0.274436
0.274427
0.274409
0.274374
0.274313
0.274207
0.273961
0.27345
0.270592
0.271043
0.273694
0.274173
0.274328
0.274392
0.274429
0.274449
0.27446
0.274466
0.274471
0.274454
0.274464
0.274469
0.274464
0.274441
0.274382
0.274238
0.273875
0.272969
0.271148
0.271713
0.273615
0.274179
0.274373
0.274446
0.274475
0.274485
0.274487
0.274482
0.274477
0.274467
0.274485
0.274496
0.2745
0.274496
0.274475
0.274413
0.274241
0.273801
0.272644
0.273355
0.274121
0.274383
0.274472
0.274501
0.27451
0.27451
0.274505
0.274497
0.274486
0.274479
0.274498
0.274511
0.27452
0.274525
0.274525
0.274517
0.274491
0.274426
0.274297
0.274396
0.27448
0.274517
0.27453
0.274532
0.274529
0.274524
0.274517
0.274507
0.274494
0.274488
0.274508
0.274521
0.27453
0.274537
0.274543
0.274547
0.27455
0.27455
0.274544
0.274552
0.274555
0.274553
0.27455
0.274545
0.27454
0.274534
0.274526
0.274516
0.274503
0.274498
0.274518
0.27453
0.274539
0.274546
0.274552
0.274558
0.274564
0.27457
0.274574
0.274575
0.27457
0.274565
0.274559
0.274554
0.274549
0.274543
0.274535
0.274526
0.274511
0.274509
0.274529
0.27454
0.274548
0.274554
0.274559
0.274565
0.274571
0.274578
0.274583
0.274584
0.274579
0.274573
0.274567
0.274562
0.274557
0.274552
0.274545
0.274536
0.274521
0.274524
0.274543
0.274552
0.274558
0.274563
0.274569
0.274574
0.274579
0.274585
0.274591
0.274592
0.274587
0.274582
0.274577
0.274572
0.274567
0.274562
0.274557
0.274549
0.274534
0.274555
0.274561
0.274567
0.274571
0.274576
0.27458
0.274585
0.27459
0.274595
0.2746
0.274601
0.274597
0.274593
0.274588
0.274584
0.27458
0.274576
0.274571
0.274566
0.27456
0.274583
0.274586
0.274589
0.274593
0.274596
0.274599
0.274603
0.274606
0.274609
0.274611
0.274613
0.274612
0.274609
0.274607
0.274604
0.274601
0.274598
0.274595
0.274592
0.274589
0.274447
0.274441
0.274434
0.274419
0.274388
0.274335
0.27424
0.274038
0.273606
0.271043
0.271401
0.273819
0.274222
0.274351
0.274407
0.274439
0.274457
0.274466
0.274471
0.274475
0.274457
0.274467
0.274473
0.274469
0.27445
0.274402
0.274284
0.273988
0.273241
0.271713
0.272225
0.273775
0.274241
0.274398
0.274457
0.274481
0.274489
0.274489
0.274485
0.274479
0.274469
0.274486
0.274498
0.274503
0.274501
0.274485
0.27444
0.27432
0.274031
0.273355
0.273868
0.274263
0.274425
0.274486
0.274507
0.274513
0.274512
0.274507
0.274498
0.274488
0.27448
0.274499
0.274512
0.274521
0.274527
0.274529
0.274524
0.274507
0.274466
0.274396
0.274454
0.274503
0.274526
0.274534
0.274534
0.274531
0.274526
0.274518
0.274509
0.274496
0.27449
0.274509
0.274523
0.274532
0.27454
0.274545
0.27455
0.274553
0.274554
0.274552
0.274556
0.274558
0.274556
0.274552
0.274547
0.274542
0.274536
0.274528
0.274518
0.274504
0.274499
0.27452
0.274532
0.274541
0.274549
0.274555
0.27456
0.274566
0.274571
0.274575
0.274575
0.274572
0.274567
0.274562
0.274557
0.274551
0.274545
0.274537
0.274528
0.274513
0.274511
0.274532
0.274544
0.274552
0.274558
0.274563
0.274569
0.274574
0.274579
0.274584
0.274584
0.27458
0.274575
0.274571
0.274566
0.274561
0.274555
0.274549
0.274539
0.274523
0.274528
0.274549
0.274558
0.274564
0.274569
0.274573
0.274578
0.274583
0.274588
0.274592
0.274592
0.274589
0.274585
0.27458
0.274576
0.274572
0.274567
0.274562
0.274554
0.274537
0.274563
0.274569
0.274573
0.274578
0.274582
0.274586
0.27459
0.274594
0.274598
0.274601
0.274602
0.274599
0.274596
0.274592
0.274589
0.274585
0.274582
0.274578
0.274573
0.274568
0.274589
0.274591
0.274594
0.274597
0.2746
0.274603
0.274606
0.274609
0.274611
0.274613
0.274614
0.274613
0.274611
0.274609
0.274606
0.274604
0.274601
0.274599
0.274596
0.274595
0.27445
0.274446
0.27444
0.274429
0.274408
0.274373
0.274316
0.27422
0.274007
0.273694
0.273819
0.274159
0.274338
0.274395
0.274429
0.27445
0.274463
0.27447
0.274474
0.274478
0.274458
0.274468
0.274474
0.274473
0.274462
0.274433
0.274372
0.274244
0.273986
0.273615
0.273775
0.274188
0.274366
0.27444
0.274472
0.274486
0.274491
0.27449
0.274486
0.274481
0.27447
0.274485
0.274496
0.274502
0.274502
0.274495
0.274472
0.274418
0.274307
0.274121
0.274263
0.274404
0.274472
0.2745
0.274511
0.274513
0.274511
0.274506
0.274498
0.274488
0.27448
0.274498
0.27451
0.274518
0.274524
0.274527
0.274526
0.274519
0.274503
0.27448
0.274503
0.274523
0.274532
0.274534
0.274532
0.274529
0.274523
0.274517
0.274508
0.274496
0.274489
0.274507
0.274519
0.274528
0.274535
0.27454
0.274545
0.274549
0.274553
0.274555
0.274558
0.274556
0.274552
0.274548
0.274543
0.274538
0.274532
0.274525
0.274516
0.274504
0.274498
0.274515
0.274527
0.274535
0.274542
0.274548
0.274554
0.274559
0.274565
0.27457
0.274572
0.274567
0.274561
0.274556
0.274551
0.274546
0.27454
0.274533
0.274524
0.274512
0.274508
0.274525
0.274535
0.274543
0.274549
0.274555
0.274561
0.274567
0.274573
0.274579
0.27458
0.274575
0.274569
0.274564
0.274559
0.274554
0.274548
0.274542
0.274534
0.274521
0.274522
0.274537
0.274546
0.274553
0.274559
0.274564
0.27457
0.274575
0.274581
0.274587
0.274589
0.274584
0.274578
0.274573
0.274568
0.274564
0.274559
0.274553
0.274545
0.274533
0.274541
0.274553
0.27456
0.274566
0.274572
0.274577
0.274582
0.274587
0.274592
0.274597
0.274599
0.274595
0.27459
0.274586
0.274581
0.274577
0.274573
0.274567
0.274561
0.27455
0.274581
0.274585
0.27459
0.274594
0.274597
0.274601
0.274604
0.274607
0.27461
0.274612
0.274613
0.274612
0.27461
0.274607
0.274605
0.274602
0.274599
0.274596
0.274593
0.274589
0.274453
0.274449
0.274444
0.274436
0.274422
0.274399
0.274366
0.27432
0.274257
0.274173
0.274222
0.274338
0.27439
0.274422
0.274443
0.274458
0.274467
0.274472
0.274476
0.274481
0.27446
0.274468
0.274474
0.274475
0.274469
0.274454
0.274424
0.27437
0.274282
0.274179
0.274241
0.274366
0.274432
0.274465
0.274481
0.274489
0.274491
0.27449
0.274486
0.274482
0.27447
0.274483
0.274494
0.2745
0.274502
0.274499
0.27449
0.274469
0.274432
0.274383
0.274425
0.274472
0.274497
0.274507
0.274511
0.274511
0.274509
0.274504
0.274497
0.274489
0.274479
0.274495
0.274506
0.274514
0.274519
0.274523
0.274525
0.274525
0.274521
0.274517
0.274526
0.274532
0.274532
0.274531
0.274528
0.274525
0.27452
0.274514
0.274506
0.274496
0.274487
0.274503
0.274514
0.274522
0.274529
0.274534
0.274539
0.274544
0.274549
0.274553
0.274556
0.274552
0.274547
0.274542
0.274538
0.274533
0.274528
0.274521
0.274514
0.274503
0.274496
0.274511
0.274521
0.274528
0.274535
0.274541
0.274546
0.274552
0.274558
0.274565
0.274567
0.274561
0.274555
0.27455
0.274545
0.27454
0.274535
0.274529
0.274521
0.274511
0.274506
0.274519
0.274528
0.274535
0.274541
0.274547
0.274553
0.274559
0.274566
0.274573
0.274575
0.274569
0.274563
0.274557
0.274552
0.274547
0.274542
0.274536
0.274529
0.27452
0.274517
0.274528
0.274537
0.274544
0.27455
0.274556
0.274561
0.274567
0.274574
0.274582
0.274585
0.274578
0.274571
0.274566
0.274561
0.274556
0.274551
0.274545
0.274538
0.27453
0.274533
0.274542
0.27455
0.274557
0.274563
0.274568
0.274574
0.274579
0.274586
0.274593
0.274596
0.27459
0.274584
0.274579
0.274574
0.27457
0.274565
0.274559
0.274552
0.274544
0.27457
0.274578
0.274585
0.27459
0.274594
0.274598
0.274601
0.274604
0.274607
0.274609
0.274611
0.27461
0.274607
0.274605
0.274602
0.2746
0.274597
0.274593
0.274587
0.27458
0.274457
0.274452
0.274448
0.274443
0.274433
0.274418
0.274399
0.274376
0.27435
0.274328
0.274351
0.274395
0.274422
0.27444
0.274454
0.274464
0.274471
0.274475
0.274478
0.274483
0.274461
0.274468
0.274473
0.274475
0.274473
0.274466
0.274452
0.274431
0.274401
0.274373
0.274398
0.27444
0.274465
0.274479
0.274487
0.274491
0.274491
0.274489
0.274486
0.274484
0.27447
0.274481
0.274491
0.274497
0.2745
0.274501
0.274498
0.274492
0.274482
0.274472
0.274486
0.2745
0.274507
0.27451
0.274511
0.274509
0.274506
0.274501
0.274495
0.274489
0.274478
0.274492
0.274502
0.274509
0.274515
0.274519
0.274522
0.274525
0.274527
0.27453
0.274534
0.274534
0.274531
0.274528
0.274524
0.274521
0.274516
0.274511
0.274504
0.274496
0.274486
0.2745
0.27451
0.274517
0.274523
0.274528
0.274534
0.274539
0.274544
0.27455
0.274552
0.274548
0.274542
0.274537
0.274533
0.274528
0.274524
0.274518
0.274511
0.274503
0.274494
0.274507
0.274516
0.274523
0.274529
0.274535
0.27454
0.274546
0.274552
0.274559
0.274562
0.274556
0.27455
0.274544
0.27454
0.274535
0.27453
0.274525
0.274519
0.27451
0.274503
0.274515
0.274523
0.27453
0.274536
0.274541
0.274547
0.274552
0.274559
0.274567
0.274571
0.274564
0.274557
0.274551
0.274547
0.274543
0.274538
0.274533
0.274527
0.274519
0.274514
0.274524
0.274533
0.274539
0.274545
0.27455
0.274555
0.274561
0.274568
0.274577
0.27458
0.274573
0.274566
0.27456
0.274556
0.274552
0.274548
0.274543
0.274536
0.274529
0.27453
0.274539
0.274547
0.274553
0.274558
0.274563
0.274568
0.274573
0.27458
0.274588
0.274592
0.274586
0.274579
0.274573
0.274569
0.274565
0.274562
0.274557
0.274551
0.274543
0.274569
0.274576
0.274582
0.274587
0.274592
0.274595
0.274598
0.274601
0.274604
0.274607
0.274609
0.274607
0.274605
0.274603
0.2746
0.274598
0.274594
0.27459
0.274586
0.27458
0.274461
0.274456
0.274452
0.274448
0.274442
0.274433
0.274422
0.274411
0.2744
0.274392
0.274407
0.274429
0.274443
0.274454
0.274463
0.274469
0.274474
0.274477
0.274481
0.274486
0.274463
0.274468
0.274472
0.274475
0.274476
0.274473
0.274468
0.274461
0.274452
0.274446
0.274457
0.274472
0.274481
0.274487
0.27449
0.274491
0.27449
0.274488
0.274486
0.274485
0.27447
0.274479
0.274487
0.274494
0.274498
0.2745
0.274501
0.274501
0.274501
0.274501
0.274507
0.274511
0.274511
0.274511
0.274509
0.274507
0.274503
0.274499
0.274494
0.27449
0.274478
0.274489
0.274498
0.274505
0.27451
0.274515
0.274519
0.274523
0.274528
0.274532
0.274534
0.274532
0.274528
0.274524
0.274521
0.274517
0.274513
0.274508
0.274502
0.274496
0.274485
0.274497
0.274506
0.274513
0.274518
0.274524
0.274529
0.274534
0.27454
0.274545
0.274547
0.274543
0.274538
0.274533
0.274528
0.274524
0.27452
0.274515
0.27451
0.274503
0.274493
0.274505
0.274513
0.274519
0.274525
0.27453
0.274535
0.274541
0.274547
0.274554
0.274557
0.274551
0.274545
0.27454
0.274535
0.274531
0.274528
0.274523
0.274517
0.27451
0.274503
0.274513
0.274521
0.274527
0.274532
0.274537
0.274542
0.274547
0.274554
0.274562
0.274566
0.274559
0.274552
0.274547
0.274543
0.274539
0.274536
0.274531
0.274526
0.274519
0.274514
0.274524
0.274531
0.274537
0.274542
0.274546
0.27455
0.274555
0.274563
0.274572
0.274576
0.274568
0.274561
0.274556
0.274553
0.27455
0.274546
0.274542
0.274537
0.27453
0.274531
0.27454
0.274547
0.274552
0.274556
0.27456
0.274563
0.274568
0.274575
0.274584
0.274589
0.274581
0.274574
0.274569
0.274566
0.274564
0.274561
0.274557
0.274552
0.274546
0.274572
0.274578
0.274582
0.274586
0.27459
0.274593
0.274595
0.274598
0.274601
0.274604
0.274606
0.274605
0.274602
0.2746
0.274598
0.274596
0.274594
0.274591
0.274587
0.274583
0.274465
0.27446
0.274457
0.274453
0.274449
0.274444
0.274439
0.274434
0.27443
0.274429
0.274439
0.27445
0.274458
0.274464
0.274469
0.274473
0.274477
0.27448
0.274483
0.27449
0.274466
0.274468
0.274472
0.274475
0.274476
0.274477
0.274476
0.274475
0.274474
0.274475
0.274481
0.274486
0.274489
0.274491
0.274491
0.27449
0.274489
0.274488
0.274487
0.274488
0.274472
0.274478
0.274485
0.27449
0.274495
0.274498
0.274501
0.274504
0.274507
0.27451
0.274513
0.274513
0.274511
0.274509
0.274507
0.274504
0.274501
0.274497
0.274494
0.274492
0.274478
0.274487
0.274494
0.274501
0.274506
0.274511
0.274516
0.27452
0.274525
0.274529
0.274531
0.274529
0.274525
0.274521
0.274517
0.274513
0.27451
0.274506
0.274502
0.274498
0.274486
0.274495
0.274502
0.274509
0.274514
0.274519
0.274524
0.274529
0.274535
0.27454
0.274542
0.274538
0.274533
0.274528
0.274524
0.274521
0.274517
0.274514
0.274509
0.274505
0.274494
0.274504
0.274511
0.274516
0.274521
0.274526
0.27453
0.274535
0.274542
0.274549
0.274551
0.274546
0.27454
0.274535
0.274531
0.274528
0.274525
0.274522
0.274518
0.274512
0.274504
0.274513
0.27452
0.274525
0.274529
0.274533
0.274537
0.274542
0.274549
0.274557
0.274561
0.274554
0.274547
0.274543
0.274539
0.274537
0.274535
0.274531
0.274527
0.274521
0.274517
0.274526
0.274532
0.274536
0.27454
0.274543
0.274546
0.274551
0.274557
0.274567
0.274572
0.274564
0.274556
0.274552
0.27455
0.274548
0.274546
0.274543
0.274539
0.274533
0.274536
0.274544
0.274549
0.274552
0.274555
0.274557
0.27456
0.274563
0.27457
0.27458
0.274585
0.274577
0.27457
0.274565
0.274564
0.274563
0.274561
0.274559
0.274556
0.274551
0.274578
0.274582
0.274585
0.274587
0.274589
0.27459
0.274592
0.274595
0.274598
0.274601
0.274604
0.274602
0.2746
0.274598
0.274596
0.274595
0.274594
0.274593
0.274591
0.274589
0.274471
0.274465
0.274461
0.274458
0.274455
0.274452
0.27445
0.274449
0.274448
0.274449
0.274457
0.274463
0.274467
0.274471
0.274474
0.274477
0.27448
0.274483
0.274487
0.274494
0.27447
0.27447
0.274472
0.274474
0.274476
0.274478
0.274479
0.274481
0.274483
0.274485
0.274489
0.274491
0.274491
0.274491
0.27449
0.274489
0.274488
0.274488
0.274488
0.274492
0.274475
0.274478
0.274483
0.274487
0.274491
0.274495
0.274499
0.274503
0.274506
0.27451
0.274512
0.274511
0.274509
0.274506
0.274503
0.274501
0.274498
0.274496
0.274495
0.274496
0.274482
0.274487
0.274492
0.274497
0.274502
0.274507
0.274511
0.274516
0.27452
0.274524
0.274526
0.274523
0.27452
0.274516
0.274513
0.27451
0.274507
0.274504
0.274502
0.274502
0.274489
0.274495
0.274501
0.274505
0.27451
0.274514
0.274519
0.274524
0.274529
0.274534
0.274536
0.274532
0.274528
0.274524
0.27452
0.274517
0.274515
0.274513
0.274511
0.274509
0.274498
0.274505
0.27451
0.274514
0.274518
0.274521
0.274525
0.27453
0.274536
0.274543
0.274545
0.27454
0.274535
0.27453
0.274528
0.274525
0.274524
0.274522
0.27452
0.274517
0.274509
0.274516
0.274521
0.274524
0.274526
0.274529
0.274533
0.274537
0.274543
0.274552
0.274555
0.274548
0.274542
0.274538
0.274536
0.274535
0.274534
0.274533
0.274531
0.274527
0.274524
0.27453
0.274534
0.274536
0.274538
0.27454
0.274542
0.274546
0.274552
0.274562
0.274567
0.274559
0.274551
0.274548
0.274546
0.274546
0.274546
0.274546
0.274544
0.274541
0.274545
0.27455
0.274552
0.274553
0.274554
0.274554
0.274556
0.274558
0.274565
0.274576
0.274582
0.274573
0.274565
0.274562
0.274561
0.274561
0.274562
0.274562
0.274562
0.27456
0.274586
0.274588
0.274588
0.274588
0.274588
0.274588
0.274589
0.274591
0.274594
0.274598
0.274601
0.274599
0.274597
0.274594
0.274594
0.274594
0.274595
0.274596
0.274597
0.274596
0.27448
0.274472
0.274467
0.274463
0.274461
0.274459
0.274457
0.274457
0.274458
0.27446
0.274466
0.27447
0.274472
0.274475
0.274477
0.27448
0.274483
0.274486
0.274492
0.274502
0.274478
0.274474
0.274473
0.274473
0.274475
0.274477
0.274479
0.274481
0.274484
0.274487
0.274489
0.27449
0.27449
0.274489
0.274488
0.274488
0.274488
0.274489
0.274492
0.2745
0.274483
0.274481
0.274482
0.274484
0.274487
0.274491
0.274495
0.274498
0.274502
0.274505
0.274507
0.274506
0.274504
0.274501
0.274499
0.274497
0.274496
0.274496
0.274498
0.274504
0.27449
0.27449
0.274491
0.274493
0.274497
0.274501
0.274505
0.27451
0.274514
0.274517
0.274518
0.274517
0.274514
0.274511
0.274508
0.274506
0.274504
0.274504
0.274506
0.27451
0.274498
0.274499
0.2745
0.274502
0.274505
0.274509
0.274513
0.274518
0.274522
0.274526
0.274528
0.274525
0.274521
0.274518
0.274515
0.274514
0.274513
0.274513
0.274515
0.274518
0.274508
0.27451
0.274511
0.274512
0.274514
0.274516
0.27452
0.274524
0.27453
0.274535
0.274537
0.274533
0.274529
0.274525
0.274523
0.274522
0.274522
0.274523
0.274526
0.274527
0.274521
0.274523
0.274523
0.274523
0.274523
0.274525
0.274528
0.274532
0.274537
0.274545
0.274549
0.274542
0.274536
0.274533
0.274531
0.274531
0.274533
0.274535
0.274538
0.274539
0.274537
0.274538
0.274537
0.274536
0.274535
0.274535
0.274537
0.27454
0.274546
0.274557
0.274562
0.274553
0.274545
0.274543
0.274542
0.274543
0.274546
0.274549
0.274552
0.274553
0.274559
0.274558
0.274556
0.274554
0.274552
0.274551
0.274551
0.274553
0.274559
0.274571
0.274578
0.274567
0.274559
0.274557
0.274557
0.274559
0.274562
0.274566
0.27457
0.274572
0.274597
0.274595
0.274592
0.27459
0.274587
0.274586
0.274585
0.274587
0.274591
0.274595
0.274599
0.274596
0.274593
0.27459
0.274591
0.274593
0.274596
0.274599
0.274603
0.274606
0.274496
0.274482
0.274474
0.27447
0.274467
0.274465
0.274464
0.274463
0.274464
0.274466
0.274471
0.274474
0.274476
0.274478
0.274481
0.274483
0.274487
0.274492
0.274502
0.274517
0.274495
0.274483
0.274477
0.274474
0.274474
0.274475
0.274476
0.274478
0.27448
0.274482
0.274485
0.274486
0.274486
0.274486
0.274486
0.274487
0.274488
0.274492
0.274501
0.274515
0.2745
0.27449
0.274484
0.274482
0.274483
0.274485
0.274488
0.274491
0.274494
0.274497
0.274498
0.274498
0.274497
0.274495
0.274494
0.274494
0.274495
0.274498
0.274506
0.27452
0.274508
0.274498
0.274493
0.274491
0.274492
0.274495
0.274498
0.274501
0.274505
0.274507
0.274509
0.274508
0.274506
0.274504
0.274502
0.274502
0.274502
0.274506
0.274514
0.274527
0.274517
0.274509
0.274502
0.2745
0.274501
0.274503
0.274506
0.27451
0.274513
0.274516
0.274518
0.274516
0.274514
0.274511
0.27451
0.274509
0.274511
0.274515
0.274524
0.274535
0.274529
0.27452
0.274513
0.27451
0.274509
0.274511
0.274514
0.274517
0.274521
0.274526
0.274528
0.274524
0.274521
0.274519
0.274517
0.274518
0.27452
0.274526
0.274535
0.274546
0.274542
0.274534
0.274526
0.274521
0.274519
0.274519
0.274521
0.274525
0.27453
0.274536
0.274539
0.274534
0.274529
0.274527
0.274526
0.274527
0.274531
0.274538
0.274547
0.274558
0.274558
0.274549
0.274541
0.274535
0.274532
0.27453
0.274531
0.274534
0.274539
0.274549
0.274554
0.274545
0.274538
0.274536
0.274537
0.274539
0.274544
0.274552
0.274561
0.274572
0.274577
0.274569
0.274561
0.274554
0.274549
0.274546
0.274545
0.274547
0.274552
0.274566
0.274573
0.274561
0.274552
0.274551
0.274552
0.274556
0.274562
0.27457
0.274579
0.274588
0.274611
0.274603
0.274597
0.274591
0.274586
0.274582
0.27458
0.274581
0.274586
0.274592
0.274596
0.274593
0.274587
0.274586
0.274587
0.274591
0.274597
0.274603
0.27461
0.274618
0.274525
0.274501
0.274487
0.27448
0.274475
0.274473
0.274471
0.274471
0.274471
0.274471
0.274475
0.274478
0.274481
0.274483
0.274486
0.27449
0.274494
0.274502
0.274517
0.274542
0.274524
0.274499
0.274485
0.274479
0.274476
0.274474
0.274474
0.274474
0.274475
0.274477
0.274479
0.274481
0.274482
0.274484
0.274485
0.274488
0.274492
0.2745
0.274515
0.27454
0.274529
0.274505
0.27449
0.274484
0.274481
0.274481
0.274481
0.274482
0.274484
0.274486
0.274488
0.274488
0.274489
0.274489
0.27449
0.274492
0.274496
0.274504
0.27452
0.274546
0.274538
0.274513
0.274497
0.27449
0.274488
0.274488
0.274489
0.274491
0.274493
0.274494
0.274496
0.274496
0.274496
0.274496
0.274496
0.274498
0.274502
0.27451
0.274527
0.274554
0.274549
0.274522
0.274506
0.274498
0.274495
0.274495
0.274497
0.274498
0.274501
0.274503
0.274504
0.274504
0.274503
0.274503
0.274503
0.274505
0.274509
0.274518
0.274535
0.274563
0.27456
0.274534
0.274516
0.274507
0.274504
0.274503
0.274505
0.274507
0.274509
0.274511
0.274513
0.274512
0.274511
0.27451
0.27451
0.274512
0.274517
0.274527
0.274546
0.274573
0.274572
0.274547
0.274528
0.274518
0.274513
0.274512
0.274513
0.274516
0.274518
0.274521
0.274523
0.274521
0.27452
0.274519
0.274519
0.274521
0.274527
0.274539
0.274558
0.274584
0.274584
0.274562
0.274544
0.274532
0.274526
0.274523
0.274524
0.274526
0.27453
0.274534
0.274537
0.274533
0.27453
0.274529
0.27453
0.274533
0.274541
0.274553
0.274572
0.274595
0.274599
0.274581
0.274565
0.274553
0.274545
0.27454
0.274538
0.274539
0.274544
0.27456
0.274568
0.27455
0.274544
0.274543
0.274546
0.274551
0.27456
0.274572
0.274588
0.274607
0.274626
0.274613
0.274601
0.274591
0.274584
0.274578
0.274575
0.274575
0.27458
0.274589
0.274595
0.274589
0.27458
0.27458
0.274583
0.274589
0.274596
0.274606
0.274618
0.27463
)
;

boundaryField
{
    floor
    {
        type            calculated;
        value           nonuniform List<scalar> 
400
(
6.90363e-310
6.90363e-310
4.65713e-310
4.65713e-310
0
0
0
0
0
0
0
0
0
0
0
0
0
0
0
0
0
0
0
0
0
0
0
0
0
0
0
0
0
0
0
0
0
0
0
0
0
0
0
0
0
0
0
0
0
0
0
0
0
0
0
0
0
0
0
0
0
0
0
0
0
0
0
0
0
0
0
0
0
0
0
0
0
0
0
0
0
0
0
0
0
0
0
0
0
0
0
0
0
0
0
0
0
0
0
0
0
0
0
0
0
0
0
0
0
0
0
0
0
0
0
0
0
0
0
0
0
0
0
0
0
0
0
0
0
0
0
0
0
0
0
0
0
0
0
0
0
0
0
0
0
0
0
0
0
0
0
0
0
0
0
0
0
0
0
0
0
0
0
0
0
0
0
0
0
0
0
0
0
0
0
0
0
0
0
0
0
0
0
0
0
0
0
0
0
0
0
0
0
0
0
0
0
0
0
0
0
0
0
0
0
0
0
0
0
0
0
0
0
0
0
0
0
0
0
0
0
0
0
0
0
0
0
0
0
0
0
0
0
0
0
0
0
0
0
0
0
0
0
0
0
0
0
0
0
0
0
0
0
0
0
0
0
0
0
0
0
0
0
0
0
0
0
0
0
0
0
0
0
0
0
0
0
0
0
0
0
0
0
0
0
0
0
0
0
0
0
0
0
0
0
0
0
0
0
0
0
0
0
0
0
0
0
0
0
0
0
0
0
0
0
0
0
0
0
0
0
0
0
0
0
0
0
0
0
0
0
0
0
0
0
0
0
0
0
0
0
0
0
0
0
0
0
0
0
0
0
0
0
0
0
0
0
0
0
0
0
0
0
0
0
0
0
0
0
0
0
0
0
0
0
0
0
0
0
0
0
0
0
0
0
0
0
0
0
0
0
0
0
0
0
0
0
0
0
0
)
;
    }
    ceiling
    {
        type            calculated;
        value           uniform 0;
    }
    fixedWalls
    {
        type            calculated;
        value           uniform 0;
    }
}


// ************************************************************************* //
