/*--------------------------------*- C++ -*----------------------------------*\
  =========                 |
  \\      /  F ield         | OpenFOAM: The Open Source CFD Toolbox
   \\    /   O peration     | Website:  https://openfoam.org
    \\  /    A nd           | Version:  dev
     \\/     M anipulation  |
\*---------------------------------------------------------------------------*/
FoamFile
{
    version     2.0;
    format      ascii;
    class       volScalarField;
    location    "11";
    object      T;
}
// * * * * * * * * * * * * * * * * * * * * * * * * * * * * * * * * * * * * * //

dimensions      [0 0 0 1 0 0 0];

internalField   nonuniform List<scalar> 
8000
(
300
300
300
300
300
300
300
300
300
300
300
300
300
300
300
300
300
300
300
300
300
300
300
300
300
300
300
300
300
300
299.999
300
300
300
299.999
300
300
300
299.999
299.999
299.999
300
299.999
299.999
299.999
300
299.999
299.998
299.999
299.999
299.999
299.998
300
299.999
299.999
299.998
300
299.999
299.999
299.998
300
299.999
299.999
299.998
300
299.999
299.999
299.998
300
299.999
299.999
299.998
300
299.999
299.999
299.998
300
299.999
299.999
299.998
300
299.999
299.999
299.998
300
299.999
299.999
299.998
300
299.999
299.999
299.998
300
299.999
299.999
299.998
300
299.999
299.999
299.998
300
299.999
299.999
299.998
300
299.999
299.999
299.998
300
299.999
299.999
299.998
300
299.999
299.999
299.998
300
299.999
299.999
299.998
300
299.999
299.999
299.998
300
299.999
299.999
299.998
300
299.999
299.999
299.998
300
299.999
299.999
299.998
300
299.999
299.999
299.998
300
299.999
299.999
299.998
300
299.999
299.999
299.998
300
299.999
299.999
299.998
300
299.999
299.999
299.998
300
299.999
299.999
299.998
300
299.999
299.999
299.998
300
299.999
299.999
299.998
300
299.999
299.999
299.998
300
299.999
299.999
299.998
300
299.999
299.999
299.998
300
299.999
299.999
299.998
300
299.999
299.999
299.998
300
299.999
299.999
299.998
300
299.999
299.999
299.998
300
299.999
299.999
299.998
300
299.999
299.999
299.998
300
299.999
299.999
299.998
300
299.999
299.999
299.998
300
299.999
299.999
299.998
300
299.999
299.999
299.998
300
299.999
299.999
299.998
300
299.999
299.999
299.998
300
299.999
299.999
299.998
300
299.999
299.999
299.998
300
299.999
299.999
299.998
300
299.999
299.999
299.998
300
299.999
299.999
299.998
300
299.999
299.999
299.998
300
299.999
299.999
299.998
300
299.999
299.999
299.998
300
299.999
299.999
299.998
300
299.999
299.999
299.998
300
299.999
299.999
299.998
300
299.999
299.999
299.998
300
299.999
299.999
299.998
300
299.999
299.999
299.998
300
299.999
299.999
299.998
300
299.999
299.999
299.998
300
299.999
299.999
299.998
300
299.999
299.999
299.998
300
299.999
299.999
299.998
300
299.999
299.999
299.998
300
299.999
299.999
299.998
300
299.999
299.999
299.998
300
299.999
299.999
299.998
300
299.999
299.999
299.998
300
299.999
299.999
299.998
300
299.999
299.999
299.998
300
299.999
299.999
299.998
300
299.999
299.999
299.998
300
299.999
299.999
299.998
300
299.999
299.999
299.998
300
299.999
299.999
299.998
300
299.999
299.999
299.998
300
299.999
299.999
299.998
300
299.999
299.999
299.998
300
299.999
299.999
299.998
300
299.999
299.999
299.998
300
299.999
299.999
299.998
300
299.999
299.999
299.998
300
299.999
299.999
299.998
300
299.999
299.999
299.998
300
299.999
299.999
299.998
300
299.999
299.999
299.998
300
299.999
299.999
299.998
300
299.999
299.999
299.998
300
299.999
299.999
299.998
300
299.999
299.999
299.998
300
299.999
299.999
299.998
300
299.999
299.999
299.998
300
299.999
299.999
299.998
300
299.999
299.999
299.998
300
299.999
299.999
299.998
300
299.999
299.999
299.998
300
299.999
299.999
299.998
300
299.999
299.999
299.998
300
299.999
299.999
299.998
300
299.999
299.999
299.998
300
299.999
299.999
299.998
300
299.999
299.999
299.998
300
299.999
299.999
299.998
300
299.999
299.999
299.998
300
299.999
299.999
299.998
300
299.999
299.999
299.998
300
299.999
299.999
299.998
300
299.999
299.999
299.998
300
299.999
299.999
299.998
300
299.999
299.999
299.998
300
299.999
299.999
299.998
300
299.999
299.999
299.998
300
299.999
299.999
299.998
300
299.999
299.999
299.998
300
299.999
299.999
299.998
300
299.999
299.999
299.998
300
299.999
299.999
299.998
300
299.999
299.999
299.998
300
299.999
299.999
299.998
300
299.999
299.999
299.998
300
299.999
299.999
299.998
300
299.999
299.999
299.998
300
299.999
299.999
299.998
300
299.999
299.999
299.998
300
299.999
299.999
299.998
300
299.999
299.999
299.998
300
299.999
299.999
299.998
300
299.999
299.999
299.998
300
299.999
299.999
299.998
300
299.999
299.999
299.998
300
299.999
299.999
299.998
300
299.999
299.999
299.998
300
299.999
299.999
299.998
300
299.999
299.999
299.998
300
299.999
299.999
299.998
300
299.999
299.999
299.998
300
299.999
299.999
299.998
300
299.999
299.999
299.998
300
299.999
299.999
299.998
300
299.999
299.999
299.998
300
299.999
299.999
299.998
300
299.999
299.999
299.998
300
299.999
299.999
299.998
300
299.999
299.999
299.998
300
299.999
299.999
299.998
300
299.999
299.999
299.998
300
299.999
299.999
299.998
300
299.999
299.999
299.998
300
299.999
299.999
299.998
300
299.999
299.999
299.998
300
299.999
299.999
299.998
300
299.999
299.999
299.998
300
299.999
299.999
299.998
300
299.999
299.999
299.998
300
299.999
299.999
299.998
300
299.999
299.999
299.998
300
299.999
299.999
299.998
300
299.999
299.999
299.998
300
299.999
299.999
299.998
300
299.999
299.999
299.998
300
299.999
299.999
299.998
300
299.999
299.999
299.998
300
299.999
299.999
299.998
300
299.999
299.999
299.998
300
299.999
299.999
299.998
300
299.999
299.999
299.998
300
299.999
299.999
299.998
300
299.999
299.999
299.998
300
299.999
299.999
299.998
300
299.999
299.999
299.998
300
299.999
299.999
299.998
300
299.999
299.998
299.998
300
299.999
299.998
299.998
300
299.999
299.998
299.998
300
299.999
299.998
299.998
300
299.999
299.998
299.998
299.999
299.999
299.998
299.998
300
299.999
299.998
299.998
299.999
299.999
299.998
299.998
300
299.999
299.998
299.998
299.999
299.999
299.998
299.998
300
299.999
299.998
299.998
299.999
299.999
299.998
299.998
300
299.999
299.998
299.997
299.999
299.999
299.998
299.997
300
299.999
299.998
299.997
299.999
299.998
299.997
299.997
299.997
299.997
299.997
299.997
299.998
299.998
299.999
299.999
299.999
299.999
299.998
299.998
299.998
299.998
299.998
299.998
299.998
299.997
299.997
299.997
299.997
299.997
299.997
299.997
299.997
299.997
299.997
299.997
299.997
299.997
299.997
299.997
299.997
299.997
299.997
299.997
299.997
299.997
299.997
299.997
299.997
299.997
299.997
299.997
299.997
299.997
299.997
299.997
299.997
299.997
299.997
299.997
299.997
299.997
299.997
299.997
299.997
299.997
299.997
299.997
299.997
299.997
299.997
299.997
299.997
299.997
299.997
299.997
299.997
299.997
299.997
299.997
299.997
299.997
299.997
299.997
299.997
299.997
299.997
299.997
299.997
299.997
299.997
299.997
299.997
299.997
299.997
299.997
299.997
299.997
299.997
299.997
299.997
299.997
299.997
299.997
299.997
299.997
299.997
299.997
299.997
299.997
299.997
299.997
299.997
299.997
299.997
299.997
299.997
299.997
299.997
299.997
299.997
299.997
299.997
299.997
299.997
299.997
299.997
299.997
299.997
299.997
299.997
299.997
299.997
299.997
299.997
299.997
299.997
299.997
299.997
299.997
299.997
299.997
299.997
299.997
299.997
299.997
299.997
299.997
299.997
299.997
299.997
299.997
299.997
299.997
299.997
299.997
299.997
299.997
299.997
299.997
299.997
299.997
299.997
299.997
299.997
299.997
299.997
299.997
299.997
299.997
299.997
299.997
299.997
299.997
299.997
299.997
299.997
299.997
299.997
299.997
299.997
299.997
299.997
299.997
299.997
299.997
299.997
299.997
299.997
299.997
299.997
299.997
299.997
299.997
299.997
299.997
299.997
299.997
299.997
299.997
299.997
299.997
299.997
299.997
299.997
299.997
299.996
299.996
299.997
299.997
299.997
299.998
299.998
299.998
299.998
299.998
299.999
299.999
299.998
299.998
299.997
299.997
299.997
299.997
299.997
299.997
299.997
299.997
299.997
299.997
299.997
299.997
299.997
299.997
299.997
299.997
299.997
299.997
299.997
299.997
299.997
299.997
299.997
299.997
299.997
299.997
299.997
299.997
299.997
299.997
299.997
299.997
299.997
299.997
299.997
299.997
299.997
299.997
299.997
299.997
299.997
299.997
299.997
299.997
299.997
299.997
299.997
299.997
299.997
299.997
299.997
299.997
299.997
299.997
299.997
299.997
299.997
299.997
299.997
299.997
299.997
299.997
299.997
299.997
299.997
299.997
299.997
299.997
299.997
299.997
299.997
299.997
299.997
299.997
299.997
299.997
299.997
299.997
299.997
299.997
299.997
299.997
299.997
299.997
299.997
299.997
299.997
299.997
299.997
299.997
299.997
299.997
299.997
299.997
299.997
299.997
299.997
299.997
299.997
299.997
299.997
299.997
299.997
299.997
299.997
299.997
299.997
299.997
299.997
299.997
299.997
299.997
299.997
299.997
299.997
299.997
299.997
299.997
299.997
299.997
299.997
299.997
299.997
299.997
299.997
299.997
299.997
299.997
299.997
299.997
299.997
299.997
299.997
299.997
299.997
299.997
299.997
299.997
299.997
299.997
299.997
299.997
299.997
299.997
299.997
299.997
299.997
299.997
299.997
299.997
299.997
299.997
299.997
299.997
299.997
299.997
299.997
299.997
299.997
299.997
299.997
299.997
299.997
299.997
299.997
299.997
299.997
299.997
299.997
299.997
299.997
299.997
299.997
299.997
299.997
299.997
299.997
299.997
299.997
299.996
299.996
299.996
299.996
299.996
299.996
299.996
299.996
299.996
299.996
299.996
299.997
299.997
299.998
299.998
299.998
299.999
299.999
299.998
299.997
299.997
299.997
299.997
299.996
299.996
299.996
299.996
299.996
299.996
299.996
299.996
299.996
299.996
299.996
299.996
299.996
299.996
299.996
299.996
299.996
299.996
299.996
299.996
299.996
299.996
299.996
299.996
299.996
299.996
299.996
299.996
299.996
299.996
299.996
299.996
299.996
299.996
299.996
299.996
299.996
299.996
299.996
299.996
299.996
299.996
299.996
299.996
299.996
299.996
299.996
299.996
299.996
299.996
299.996
299.996
299.996
299.996
299.996
299.996
299.996
299.996
299.996
299.996
299.996
299.996
299.996
299.996
299.996
299.996
299.996
299.996
299.996
299.996
299.996
299.996
299.996
299.996
299.996
299.996
299.996
299.996
299.996
299.996
299.996
299.996
299.996
299.996
299.996
299.996
299.996
299.996
299.996
299.996
299.996
299.996
299.996
299.996
299.996
299.996
299.996
299.996
299.996
299.996
299.996
299.996
299.996
299.996
299.996
299.996
299.996
299.996
299.996
299.996
299.996
299.996
299.996
299.996
299.996
299.996
299.996
299.996
299.996
299.996
299.996
299.996
299.996
299.996
299.996
299.996
299.996
299.996
299.996
299.996
299.996
299.996
299.996
299.996
299.996
299.996
299.996
299.996
299.996
299.996
299.996
299.996
299.996
299.996
299.996
299.996
299.996
299.996
299.996
299.996
299.996
299.996
299.996
299.996
299.996
299.996
299.996
299.996
299.996
299.996
299.996
299.996
299.996
299.996
299.996
299.996
299.996
299.996
299.996
299.996
299.996
299.996
299.996
299.996
299.996
299.996
299.996
299.996
299.996
299.996
299.996
299.996
299.996
299.995
299.995
299.995
299.996
299.996
299.996
299.997
299.997
299.998
299.998
299.998
299.998
299.997
299.996
299.996
299.996
299.996
299.996
299.996
299.996
299.996
299.996
299.996
299.996
299.996
299.996
299.996
299.996
299.996
299.996
299.996
299.996
299.996
299.996
299.996
299.996
299.996
299.996
299.996
299.996
299.996
299.996
299.996
299.996
299.996
299.996
299.996
299.996
299.996
299.996
299.996
299.996
299.996
299.996
299.996
299.996
299.996
299.996
299.996
299.996
299.996
299.996
299.996
299.996
299.996
299.996
299.996
299.996
299.996
299.996
299.996
299.996
299.996
299.996
299.996
299.996
299.996
299.996
299.996
299.996
299.996
299.996
299.996
299.996
299.996
299.996
299.996
299.996
299.996
299.996
299.996
299.996
299.996
299.996
299.996
299.996
299.996
299.996
299.996
299.996
299.996
299.996
299.996
299.996
299.996
299.996
299.996
299.996
299.996
299.996
299.996
299.996
299.996
299.996
299.996
299.996
299.996
299.996
299.996
299.996
299.996
299.996
299.996
299.996
299.996
299.996
299.996
299.996
299.996
299.996
299.996
299.996
299.996
299.996
299.996
299.996
299.996
299.996
299.996
299.996
299.996
299.996
299.996
299.996
299.996
299.996
299.996
299.996
299.996
299.996
299.996
299.996
299.996
299.996
299.996
299.996
299.996
299.996
299.996
299.996
299.996
299.996
299.996
299.996
299.996
299.996
299.996
299.996
299.996
299.996
299.996
299.996
299.996
299.996
299.996
299.996
299.996
299.996
299.996
299.996
299.996
299.996
299.996
299.996
299.995
299.995
299.995
299.995
299.995
299.995
299.995
299.995
299.995
299.995
299.995
299.995
299.995
299.995
299.995
299.995
299.995
299.995
299.995
299.995
299.995
299.995
299.996
299.996
299.997
299.997
299.997
299.996
299.996
299.996
299.995
299.995
299.995
299.995
299.995
299.995
299.995
299.995
299.995
299.995
299.995
299.995
299.995
299.995
299.995
299.995
299.995
299.995
299.995
299.995
299.995
299.995
299.995
299.995
299.995
299.995
299.995
299.995
299.995
299.995
299.995
299.995
299.995
299.995
299.995
299.995
299.995
299.995
299.995
299.995
299.995
299.995
299.995
299.995
299.995
299.995
299.995
299.995
299.995
299.995
299.995
299.995
299.995
299.995
299.995
299.995
299.995
299.995
299.995
299.995
299.995
299.995
299.995
299.995
299.995
299.995
299.995
299.995
299.995
299.995
299.995
299.995
299.995
299.995
299.995
299.995
299.995
299.995
299.995
299.995
299.995
299.995
299.995
299.995
299.995
299.995
299.995
299.995
299.995
299.995
299.995
299.995
299.995
299.995
299.995
299.995
299.995
299.995
299.995
299.995
299.995
299.995
299.995
299.995
299.995
299.995
299.995
299.995
299.995
299.995
299.995
299.995
299.995
299.995
299.995
299.995
299.995
299.995
299.995
299.995
299.995
299.995
299.995
299.995
299.995
299.995
299.995
299.995
299.995
299.995
299.995
299.995
299.995
299.995
299.995
299.995
299.995
299.995
299.995
299.995
299.995
299.995
299.995
299.995
299.995
299.995
299.995
299.995
299.995
299.995
299.995
299.995
299.995
299.995
299.995
299.995
299.995
299.995
299.995
299.995
299.995
299.995
299.995
299.995
299.995
299.995
299.995
299.995
299.995
299.995
299.995
299.995
299.995
299.995
299.995
299.995
299.995
299.995
299.995
299.995
299.995
299.995
299.995
299.994
299.994
299.994
299.994
299.994
299.994
299.995
299.995
299.995
299.995
299.995
299.995
299.995
299.995
299.995
299.995
299.995
299.995
299.995
299.995
299.995
299.995
299.995
299.995
299.995
299.995
299.995
299.995
299.995
299.994
299.994
299.994
299.994
299.994
299.994
299.994
299.994
299.994
299.994
299.994
299.994
299.994
299.994
299.994
299.994
299.994
299.994
299.994
299.994
299.994
299.994
299.994
299.994
299.994
299.994
299.994
299.994
299.994
299.994
299.994
299.994
299.994
299.994
299.994
299.994
299.994
299.994
299.994
299.994
299.994
299.994
299.994
299.994
299.994
299.994
299.994
299.994
299.994
299.994
299.994
299.994
299.994
299.994
299.994
299.994
299.994
299.994
299.994
299.994
299.994
299.994
299.994
299.994
299.994
299.994
299.994
299.994
299.994
299.994
299.994
299.994
299.994
299.994
299.994
299.994
299.994
299.994
299.994
299.994
299.994
299.994
299.994
299.994
299.994
299.994
299.994
299.994
299.994
299.994
299.994
299.994
299.994
299.994
299.994
299.994
299.994
299.994
299.994
299.994
299.994
299.994
299.994
299.994
299.994
299.994
299.994
299.994
299.994
299.994
299.994
299.994
299.994
299.994
299.994
299.994
299.994
299.994
299.994
299.994
299.994
299.994
299.994
299.994
299.994
299.994
299.994
299.994
299.994
299.994
299.994
299.994
299.994
299.994
299.994
299.994
299.994
299.994
299.994
299.994
299.994
299.994
299.994
299.994
299.994
299.994
299.994
299.994
299.994
299.994
299.994
299.994
299.994
299.994
299.994
299.994
299.994
299.994
299.994
299.994
299.994
299.994
299.994
299.994
299.994
299.994
299.994
299.994
299.994
299.994
299.994
299.994
299.994
299.994
299.994
299.994
299.994
299.994
299.994
299.994
299.994
299.994
299.994
299.994
299.994
299.994
299.994
299.994
299.994
299.994
299.994
299.994
299.994
299.994
299.994
299.994
299.994
299.994
299.994
299.994
299.994
299.994
299.994
299.994
299.994
299.994
299.994
299.994
299.994
299.994
299.994
299.994
299.994
299.994
299.994
299.994
299.994
299.994
299.994
299.994
299.994
299.994
299.994
299.994
299.994
299.994
299.994
299.994
299.994
299.994
299.994
299.994
299.994
299.994
299.994
299.994
299.994
299.994
299.994
299.994
299.994
299.994
299.994
299.994
299.994
299.994
299.994
299.994
299.994
299.994
299.994
299.994
299.994
299.994
299.994
299.994
299.994
299.994
299.994
299.994
299.994
299.994
299.994
299.994
299.994
299.994
299.994
299.994
299.994
299.994
299.994
299.994
299.994
299.994
299.994
299.994
299.994
299.994
299.994
299.994
299.994
299.994
299.994
299.994
299.994
299.994
299.994
299.994
299.994
299.994
299.994
299.994
299.994
299.994
299.994
299.994
299.994
299.994
299.994
299.994
299.994
299.994
299.994
299.994
299.994
299.994
299.994
299.994
299.994
299.994
299.994
299.994
299.994
299.994
299.994
299.994
299.994
299.994
299.994
299.994
299.994
299.994
299.994
299.994
299.994
299.994
299.994
299.994
299.994
299.994
299.994
299.994
299.994
299.994
299.994
299.994
299.994
299.994
299.994
299.994
299.994
299.994
299.994
299.994
299.994
299.994
299.994
299.994
299.994
299.994
299.994
299.994
299.994
299.994
299.994
299.994
299.994
299.994
299.994
299.994
299.994
299.994
299.994
299.994
299.994
299.994
299.994
299.993
299.993
299.993
299.993
299.993
299.993
299.993
299.993
299.993
299.993
299.993
299.993
299.994
299.994
299.994
299.994
299.994
299.994
299.994
299.994
299.994
299.994
299.994
299.993
299.993
299.993
299.993
299.993
299.993
299.993
299.993
299.993
299.993
299.993
299.993
299.993
299.993
299.993
299.993
299.993
299.993
299.993
299.993
299.993
299.993
299.993
299.993
299.993
299.993
299.993
299.993
299.993
299.993
299.993
299.993
299.993
299.993
299.993
299.993
299.993
299.993
299.993
299.993
299.993
299.993
299.993
299.993
299.993
299.993
299.993
299.993
299.993
299.993
299.993
299.993
299.993
299.993
299.993
299.993
299.993
299.993
299.993
299.993
299.993
299.993
299.993
299.993
299.993
299.993
299.993
299.993
299.993
299.993
299.993
299.993
299.993
299.993
299.993
299.993
299.993
299.993
299.993
299.993
299.993
299.993
299.993
299.993
299.993
299.993
299.993
299.993
299.993
299.993
299.993
299.993
299.993
299.993
299.993
299.993
299.993
299.993
299.993
299.993
299.993
299.993
299.993
299.993
299.993
299.993
299.993
299.993
299.993
299.993
299.993
299.993
299.993
299.993
299.993
299.993
299.993
299.993
299.993
299.993
299.993
299.993
299.993
299.993
299.993
299.993
299.993
299.993
299.993
299.993
299.993
299.993
299.993
299.993
299.993
299.993
299.993
299.993
299.993
299.993
299.993
299.993
299.993
299.993
299.993
299.993
299.993
299.993
299.993
299.993
299.993
299.993
299.993
299.993
299.993
299.993
299.993
299.993
299.993
299.993
299.993
299.993
299.993
299.993
299.993
299.993
299.993
299.993
299.993
299.993
299.993
299.993
299.993
299.993
299.993
299.993
299.993
299.993
299.993
299.993
299.993
299.993
299.993
299.993
299.993
299.993
299.993
299.993
299.993
299.993
299.993
299.993
299.993
299.993
299.993
299.993
299.993
299.993
299.993
299.993
299.993
299.993
299.993
299.993
299.993
299.993
299.993
299.993
299.993
299.993
299.993
299.993
299.993
299.993
299.993
299.993
299.993
299.993
299.993
299.993
299.993
299.993
299.993
299.993
299.993
299.993
299.993
299.993
299.993
299.993
299.993
299.993
299.993
299.993
299.993
299.993
299.993
299.993
299.993
299.993
299.993
299.993
299.993
299.993
299.993
299.993
299.993
299.993
299.993
299.993
299.993
299.993
299.993
299.993
299.993
299.993
299.993
299.993
299.993
299.993
299.993
299.993
299.993
299.993
299.993
299.993
299.993
299.993
299.993
299.993
299.993
299.993
299.993
299.993
299.993
299.993
299.993
299.993
299.993
299.993
299.993
299.993
299.993
299.993
299.993
299.993
299.993
299.993
299.993
299.993
299.993
299.993
299.993
299.993
299.993
299.993
299.993
299.993
299.993
299.993
299.993
299.993
299.993
299.993
299.993
299.993
299.993
299.993
299.993
299.993
299.993
299.993
299.993
299.993
299.993
299.993
299.993
299.993
299.993
299.993
299.993
299.993
299.993
299.993
299.993
299.993
299.993
299.993
299.993
299.993
299.993
299.993
299.993
299.993
299.993
299.993
299.993
299.993
299.993
299.993
299.993
299.993
299.993
299.993
299.993
299.993
299.993
299.993
299.993
299.993
299.993
299.993
299.993
299.993
299.993
299.993
299.993
299.993
299.993
299.993
299.993
299.993
299.993
299.993
299.993
299.993
299.993
299.993
299.993
299.992
299.992
299.992
299.992
299.992
299.992
299.992
299.992
299.992
299.992
299.992
299.992
299.992
299.992
299.992
299.992
299.992
299.992
299.992
299.992
299.992
299.992
299.992
299.992
299.992
299.992
299.992
299.992
299.992
299.992
299.992
299.992
299.992
299.992
299.992
299.992
299.992
299.992
299.992
299.992
299.992
299.992
299.992
299.992
299.992
299.992
299.992
299.992
299.992
299.992
299.992
299.992
299.992
299.992
299.992
299.992
299.992
299.992
299.992
299.992
299.992
299.992
299.992
299.992
299.992
299.992
299.992
299.992
299.992
299.992
299.992
299.992
299.992
299.992
299.992
299.992
299.992
299.992
299.992
299.992
299.992
299.992
299.992
299.992
299.992
299.992
299.992
299.992
299.992
299.992
299.992
299.992
299.992
299.992
299.992
299.992
299.992
299.992
299.992
299.992
299.992
299.992
299.992
299.992
299.992
299.992
299.992
299.992
299.992
299.992
299.992
299.992
299.992
299.992
299.992
299.992
299.992
299.992
299.992
299.992
299.992
299.992
299.992
299.992
299.992
299.992
299.992
299.992
299.992
299.992
299.992
299.992
299.992
299.992
299.992
299.992
299.992
299.992
299.992
299.992
299.992
299.992
299.992
299.992
299.992
299.992
299.992
299.992
299.992
299.992
299.992
299.992
299.992
299.992
299.992
299.992
299.992
299.992
299.992
299.992
299.992
299.992
299.992
299.992
299.992
299.992
299.992
299.992
299.992
299.992
299.992
299.992
299.992
299.992
299.992
299.992
299.992
299.992
299.992
299.992
299.992
299.992
299.992
299.992
299.992
299.992
299.992
299.992
299.992
299.992
299.992
299.992
299.992
299.992
299.992
299.992
299.992
299.992
299.992
299.992
299.992
299.992
299.992
299.992
299.992
299.992
299.992
299.992
299.992
299.992
299.992
299.992
299.992
299.992
299.992
299.992
299.992
299.992
299.992
299.992
299.992
299.992
299.992
299.992
299.992
299.992
299.992
299.992
299.992
299.992
299.992
299.992
299.992
299.992
299.992
299.992
299.992
299.992
299.992
299.992
299.992
299.992
299.992
299.992
299.992
299.992
299.991
299.991
299.991
299.991
299.991
299.991
299.991
299.991
299.991
299.991
299.991
299.991
299.991
299.991
299.991
299.991
299.991
299.991
299.991
299.991
299.991
299.991
299.991
299.991
299.991
299.991
299.991
299.991
299.991
299.991
299.991
299.991
299.991
299.991
299.991
299.991
299.991
299.991
299.991
299.991
299.991
299.991
299.991
299.991
299.991
299.991
299.991
299.991
299.991
299.991
299.991
299.991
299.991
299.991
299.991
299.991
299.991
299.991
299.991
299.991
299.991
299.991
299.991
299.991
299.991
299.991
299.991
299.991
299.991
299.991
299.991
299.991
299.991
299.991
299.991
299.991
299.991
299.991
299.991
299.991
299.991
299.991
299.991
299.991
299.991
299.991
299.991
299.991
299.991
299.991
299.991
299.991
299.991
299.991
299.991
299.991
299.991
299.991
299.991
299.991
299.991
299.991
299.991
299.991
299.991
299.991
299.991
299.991
299.991
299.991
299.991
299.991
299.991
299.991
299.991
299.991
299.991
299.991
299.991
299.991
299.991
299.991
299.991
299.991
299.991
299.991
299.991
299.991
299.991
299.991
299.991
299.991
299.991
299.991
299.991
299.991
299.991
299.991
299.991
299.991
299.991
299.991
299.991
299.991
299.991
299.991
299.991
299.991
299.991
299.991
299.991
299.991
299.991
299.991
299.991
299.991
299.991
299.991
299.991
299.991
299.991
299.991
299.991
299.991
299.991
299.991
299.991
299.991
299.991
299.991
299.991
299.991
299.991
299.991
299.991
299.991
299.991
299.991
299.991
299.991
299.991
299.991
299.991
299.991
299.991
299.991
299.991
299.991
299.991
299.991
299.991
299.991
299.991
299.991
299.991
299.991
299.991
299.991
299.991
299.991
299.991
299.991
299.991
299.991
299.991
299.991
299.991
299.991
299.991
299.991
299.991
299.991
299.991
299.991
299.991
299.991
299.991
299.991
299.991
299.991
299.991
299.991
299.991
299.991
299.991
299.991
299.991
299.991
299.991
299.991
299.991
299.991
299.991
299.991
299.991
299.991
299.991
299.991
299.991
299.991
299.991
299.991
299.991
299.991
299.991
299.991
299.991
299.991
299.991
299.991
299.991
299.991
299.991
299.991
299.991
299.991
299.991
299.991
299.991
299.991
299.991
299.991
299.991
299.991
299.991
299.991
299.991
299.991
299.991
299.991
299.991
299.991
299.991
299.991
299.991
299.991
299.991
299.991
299.991
299.991
299.991
299.991
299.991
299.991
299.991
299.991
299.991
299.991
299.991
299.991
299.991
299.991
299.991
299.991
299.991
299.991
299.991
299.991
299.991
299.991
299.991
299.991
299.991
299.991
299.991
299.991
299.991
299.991
299.991
299.991
299.991
299.991
299.991
299.991
299.991
299.991
299.991
299.991
299.991
299.991
299.991
299.991
299.991
299.991
299.991
299.991
299.991
299.991
299.991
299.991
299.991
299.991
299.991
299.991
299.991
299.991
299.991
299.991
299.991
299.991
299.991
299.991
299.991
299.991
299.991
299.991
299.991
299.991
299.991
299.991
299.991
299.991
299.991
299.991
299.991
299.991
299.991
299.991
299.991
299.991
299.991
299.991
299.991
299.991
299.991
299.99
299.99
299.99
299.99
299.99
299.99
299.99
299.99
299.99
299.99
299.99
299.99
299.99
299.99
299.99
299.99
299.99
299.99
299.99
299.99
299.99
299.99
299.99
299.99
299.99
299.99
299.99
299.99
299.99
299.99
299.99
299.99
299.99
299.99
299.99
299.99
299.99
299.99
299.99
299.99
299.99
299.99
299.99
299.99
299.99
299.99
299.99
299.99
299.99
299.99
299.99
299.99
299.99
299.99
299.99
299.99
299.99
299.99
299.99
299.99
299.99
299.99
299.99
299.99
299.99
299.99
299.99
299.99
299.99
299.99
299.99
299.99
299.99
299.99
299.99
299.99
299.99
299.99
299.99
299.99
299.99
299.99
299.99
299.99
299.99
299.99
299.99
299.99
299.99
299.99
299.99
299.99
299.99
299.99
299.99
299.99
299.99
299.99
299.99
299.99
299.99
299.99
299.99
299.99
299.99
299.99
299.99
299.99
299.99
299.99
299.99
299.99
299.99
299.99
299.99
299.99
299.99
299.99
299.99
299.99
299.99
299.99
299.99
299.99
299.99
299.99
299.99
299.99
299.99
299.99
299.99
299.99
299.99
299.99
299.99
299.99
299.99
299.99
299.99
299.99
299.99
299.99
299.99
299.99
299.99
299.99
299.99
299.99
299.99
299.99
299.99
299.99
299.99
299.99
299.99
299.99
299.99
299.99
299.99
299.99
299.99
299.99
299.99
299.99
299.99
299.99
299.99
299.99
299.99
299.99
299.99
299.99
299.99
299.99
299.99
299.99
299.99
299.99
299.99
299.99
299.99
299.99
299.99
299.99
299.99
299.99
299.99
299.99
299.99
299.99
299.99
299.99
299.99
299.99
299.99
299.99
299.99
299.99
299.99
299.99
299.99
299.99
299.99
299.99
299.99
299.99
299.99
299.99
299.99
299.99
299.99
299.99
299.99
299.99
299.99
299.99
299.99
299.99
299.99
299.99
299.99
299.99
299.99
299.99
299.99
299.99
299.99
299.99
299.99
299.99
299.99
299.99
299.99
299.99
299.99
299.99
299.99
299.99
299.99
299.99
299.99
299.99
299.99
299.99
299.99
299.99
299.99
299.99
299.99
299.99
299.99
299.99
299.99
299.99
299.99
299.99
299.99
299.99
299.99
299.99
299.99
299.99
299.99
299.99
299.99
299.99
299.99
299.99
299.99
299.99
299.99
299.99
299.99
299.99
299.99
299.99
299.99
299.99
299.99
299.99
299.99
299.99
299.99
299.99
299.99
299.99
299.99
299.99
299.99
299.99
299.99
299.99
299.99
299.99
299.99
299.99
299.99
299.99
299.99
299.99
299.99
299.99
299.99
299.99
299.99
299.99
299.99
299.99
299.99
299.99
299.99
299.99
299.99
299.99
299.99
299.99
299.99
299.99
299.99
299.99
299.99
299.99
299.99
299.99
299.99
299.99
299.99
299.99
299.99
299.99
299.99
299.99
299.99
299.99
299.99
299.99
299.99
299.99
299.99
299.99
299.99
299.99
299.99
299.99
299.99
299.99
299.99
299.99
299.99
299.99
299.99
299.99
299.99
299.99
299.99
299.99
299.99
299.99
299.99
299.99
299.99
299.99
299.99
299.99
299.99
299.99
299.99
299.99
299.99
299.99
299.99
299.99
299.99
299.99
299.99
299.99
299.99
299.99
299.99
299.99
299.99
299.99
299.99
299.99
299.99
299.99
299.99
299.99
299.99
299.99
299.99
299.99
299.99
299.989
299.989
299.989
299.989
299.989
299.989
299.989
299.989
299.989
299.989
299.989
299.989
299.989
299.989
299.989
299.989
299.989
299.989
299.989
299.989
299.989
299.989
299.989
299.989
299.989
299.989
299.989
299.989
299.989
299.989
299.989
299.989
299.989
299.989
299.989
299.989
299.989
299.989
299.989
299.989
299.989
299.989
299.989
299.989
299.989
299.989
299.989
299.989
299.989
299.989
299.989
299.989
299.989
299.989
299.989
299.989
299.989
299.989
299.989
299.989
299.989
299.989
299.989
299.989
299.989
299.989
299.989
299.989
299.989
299.989
299.989
299.989
299.989
299.989
299.989
299.989
299.989
299.989
299.989
299.989
299.989
299.989
299.989
299.989
299.989
299.989
299.989
299.989
299.989
299.989
299.989
299.989
299.989
299.989
299.989
299.989
299.989
299.989
299.989
299.989
299.989
299.989
299.989
299.989
299.989
299.989
299.989
299.989
299.989
299.989
299.989
299.989
299.989
299.989
299.989
299.989
299.989
299.989
299.989
299.989
299.989
299.989
299.989
299.989
299.989
299.989
299.989
299.989
299.989
299.989
299.989
299.989
299.989
299.989
299.989
299.989
299.989
299.989
299.989
299.989
299.989
299.989
299.989
299.989
299.989
299.989
299.989
299.989
299.989
299.989
299.989
299.989
299.989
299.989
299.989
299.989
299.989
299.989
299.989
299.989
299.989
299.989
299.989
299.989
299.989
299.989
299.989
299.989
299.989
299.989
299.989
299.989
299.989
299.989
299.989
299.989
299.989
299.989
299.989
299.989
299.989
299.989
299.989
299.989
299.989
299.989
299.989
299.989
299.989
299.989
299.989
299.989
299.989
299.989
299.989
299.989
299.989
299.989
299.989
299.989
299.989
299.989
299.989
299.989
299.989
299.989
299.989
299.989
299.989
299.989
299.989
299.989
299.989
299.989
299.989
299.989
299.989
299.989
299.989
299.989
299.989
299.989
299.989
299.989
299.989
299.989
299.989
299.989
299.989
299.989
299.989
299.989
299.989
299.989
299.989
299.989
299.989
299.989
299.989
299.989
299.989
299.989
299.989
299.989
299.989
299.989
299.989
299.989
299.989
299.989
299.989
299.989
299.989
299.989
299.989
299.989
299.989
299.989
299.989
299.989
299.989
299.989
299.989
299.989
299.989
299.989
299.989
299.989
299.989
299.989
299.989
299.989
299.989
299.989
299.989
299.989
299.989
299.989
299.989
299.989
299.989
299.989
299.989
299.989
299.989
299.989
299.989
299.989
299.989
299.989
299.989
299.989
299.989
299.989
299.989
299.989
299.989
299.989
299.989
299.989
299.989
299.989
299.989
299.989
299.989
299.989
299.989
299.989
299.989
299.989
299.989
299.989
299.989
299.989
299.989
299.989
299.989
299.989
299.989
299.989
299.989
299.989
299.989
299.989
299.989
299.989
299.989
299.989
299.989
299.989
299.989
299.989
299.989
299.989
299.989
299.989
299.989
299.989
299.989
299.989
299.989
299.989
299.989
299.989
299.989
299.989
299.989
299.989
299.989
299.989
299.989
299.989
299.989
299.989
299.989
299.989
299.989
299.989
299.989
299.989
299.989
299.989
299.989
299.989
299.989
299.989
299.989
299.989
299.989
299.989
299.989
299.989
299.989
299.989
299.989
299.989
299.989
299.989
299.989
299.989
299.988
299.988
299.988
299.988
299.988
299.988
299.988
299.988
299.988
299.988
299.988
299.988
299.988
299.988
299.988
299.988
299.988
299.988
299.988
299.988
299.988
299.988
299.988
299.988
299.988
299.988
299.988
299.988
299.988
299.988
299.988
299.988
299.988
299.988
299.988
299.988
299.988
299.988
299.988
299.988
299.988
299.988
299.988
299.988
299.988
299.988
299.988
299.988
299.988
299.988
299.988
299.988
299.988
299.988
299.988
299.988
299.988
299.988
299.988
299.988
299.988
299.988
299.988
299.988
299.988
299.988
299.988
299.988
299.988
299.988
299.988
299.988
299.988
299.988
299.988
299.988
299.988
299.988
299.988
299.988
299.988
299.988
299.988
299.988
299.988
299.988
299.988
299.988
299.988
299.988
299.988
299.988
299.988
299.988
299.988
299.988
299.988
299.988
299.988
299.988
299.988
299.988
299.988
299.988
299.988
299.988
299.988
299.988
299.988
299.988
299.988
299.988
299.988
299.988
299.988
299.988
299.988
299.988
299.988
299.988
299.988
299.988
299.988
299.988
299.988
299.988
299.988
299.988
299.988
299.988
299.988
299.988
299.988
299.988
299.988
299.988
299.988
299.988
299.988
299.988
299.988
299.988
299.988
299.988
299.988
299.988
299.988
299.988
299.988
299.988
299.988
299.988
299.988
299.988
299.988
299.988
299.988
299.988
299.988
299.988
299.988
299.988
299.988
299.988
299.988
299.988
299.988
299.988
299.988
299.988
299.988
299.988
299.988
299.988
299.988
299.988
299.988
299.988
299.988
299.988
299.988
299.988
299.988
299.988
299.988
299.988
299.988
299.988
299.988
299.988
299.988
299.988
299.988
299.988
299.988
299.988
299.988
299.988
299.988
299.988
299.988
299.988
299.988
299.988
299.988
299.988
299.988
299.988
299.988
299.988
299.988
299.988
299.988
299.988
299.988
299.988
299.988
299.988
299.988
299.988
299.988
299.988
299.988
299.988
299.988
299.988
299.988
299.988
299.988
299.988
299.988
299.988
299.988
299.988
299.987
299.987
299.987
299.987
299.987
299.987
299.987
299.987
299.987
299.987
299.987
299.987
299.987
299.987
299.987
299.987
299.987
299.987
299.987
299.987
299.987
299.987
299.987
299.987
299.987
299.987
299.987
299.987
299.987
299.987
299.987
299.987
299.987
299.987
299.987
299.987
299.987
299.987
299.987
299.987
299.987
299.987
299.987
299.987
299.987
299.987
299.987
299.987
299.987
299.987
299.987
299.987
299.987
299.987
299.987
299.987
299.987
299.987
299.987
299.987
299.987
299.987
299.987
299.987
299.987
299.987
299.987
299.987
299.987
299.987
299.987
299.987
299.987
299.987
299.987
299.987
299.987
299.987
299.987
299.987
299.987
299.987
299.987
299.987
299.987
299.987
299.987
299.987
299.987
299.987
299.987
299.987
299.987
299.987
299.987
299.987
299.987
299.987
299.987
299.987
299.987
299.987
299.987
299.987
299.987
299.987
299.987
299.987
299.987
299.987
299.987
299.987
299.987
299.987
299.987
299.987
299.987
299.987
299.987
299.987
299.987
299.987
299.987
299.987
299.987
299.987
299.987
299.987
299.987
299.987
299.987
299.987
299.987
299.987
299.987
299.987
299.987
299.987
299.987
299.987
299.987
299.987
299.987
299.987
299.987
299.987
299.987
299.987
299.987
299.987
299.987
299.987
299.987
299.987
299.987
299.987
299.987
299.987
299.987
299.987
299.987
299.987
299.987
299.987
299.987
299.987
299.987
299.987
299.987
299.987
299.987
299.987
299.987
299.987
299.987
299.987
299.987
299.987
299.987
299.987
299.987
299.987
299.987
299.987
299.987
299.987
299.987
299.987
299.987
299.987
299.987
299.987
299.987
299.987
299.987
299.987
299.987
299.987
299.987
299.987
299.987
299.987
299.987
299.987
299.987
299.987
299.987
299.987
299.987
299.987
299.987
299.987
299.987
299.987
299.987
299.987
299.987
299.987
299.987
299.987
299.987
299.987
299.987
299.987
299.987
299.987
299.987
299.987
299.987
299.987
299.987
299.987
299.987
299.987
299.987
299.987
299.987
299.987
299.987
299.987
299.987
299.987
299.987
299.987
299.987
299.987
299.987
299.987
299.987
299.987
299.987
299.987
299.987
299.987
299.987
299.987
299.987
299.987
299.987
299.987
299.987
299.987
299.987
299.987
299.987
299.987
299.987
299.987
299.987
299.987
299.987
299.987
299.987
299.987
299.987
299.987
299.987
299.987
299.987
299.987
299.987
299.987
299.987
299.987
299.987
299.987
299.987
299.987
299.987
299.987
299.987
299.987
299.987
299.987
299.987
299.987
299.987
299.987
299.987
299.987
299.987
299.987
299.987
299.987
299.987
299.987
299.987
299.987
299.987
299.987
299.987
299.987
299.987
299.987
299.987
299.987
299.987
299.987
299.987
299.987
299.987
299.987
299.987
299.987
299.987
299.987
299.987
299.987
299.987
299.987
299.987
299.987
299.987
299.987
299.987
299.987
299.987
299.987
299.987
299.987
299.987
299.987
299.987
299.987
299.987
299.987
299.987
299.987
299.987
299.987
299.987
299.987
299.987
299.987
299.987
299.987
299.987
299.987
299.987
299.987
299.987
299.987
299.987
299.987
299.987
299.987
299.987
299.987
299.987
299.987
299.987
299.987
299.987
299.987
299.987
299.987
299.987
299.987
299.987
299.987
299.987
299.987
299.987
299.987
299.987
299.987
299.987
299.987
299.987
299.987
299.987
299.987
299.987
299.987
299.987
299.986
299.986
299.986
299.986
299.986
299.986
299.986
299.986
299.986
299.986
299.986
299.986
299.986
299.986
299.986
299.986
299.986
299.986
299.986
299.986
299.986
299.986
299.986
299.986
299.986
299.986
299.986
299.986
299.986
299.986
299.986
299.986
299.986
299.986
299.986
299.986
299.986
299.986
299.986
299.986
299.986
299.986
299.986
299.986
299.986
299.986
299.986
299.986
299.986
299.986
299.986
299.986
299.986
299.986
299.986
299.986
299.986
299.986
299.986
299.986
299.986
299.986
299.986
299.986
299.986
299.986
299.986
299.986
299.986
299.986
299.986
299.986
299.986
299.986
299.986
299.986
299.986
299.986
299.986
299.986
299.986
299.986
299.986
299.986
299.986
299.986
299.986
299.986
299.986
299.986
299.986
299.986
299.986
299.986
299.986
299.986
299.986
299.986
299.986
299.986
299.986
299.986
299.986
299.986
299.986
299.986
299.986
299.986
299.986
299.986
299.986
299.986
299.986
299.986
299.986
299.986
299.986
299.986
299.986
299.986
299.986
299.986
299.986
299.986
299.986
299.986
299.986
299.986
299.986
299.986
299.986
299.986
299.986
299.986
299.986
299.986
299.986
299.986
299.986
299.986
299.986
299.986
299.986
299.986
299.986
299.986
299.986
299.986
299.986
299.986
299.986
299.986
299.986
299.986
299.986
299.986
299.986
299.986
299.986
299.986
299.986
299.986
299.986
299.986
299.986
299.986
299.986
299.986
299.986
299.986
299.986
299.986
299.986
299.986
299.986
299.986
299.986
299.986
299.986
299.986
299.986
299.986
299.986
299.986
299.986
299.986
299.986
299.986
299.986
299.986
299.986
299.986
299.986
299.986
299.986
299.986
299.986
299.986
299.986
299.986
299.986
299.986
299.986
299.986
299.986
299.986
299.986
299.986
299.986
299.986
299.986
299.986
299.986
299.986
299.986
299.986
299.986
299.986
299.986
299.986
299.986
299.986
299.986
299.986
299.986
299.986
299.986
299.986
299.986
299.986
299.986
299.986
299.986
299.986
299.986
299.986
299.986
299.986
299.986
299.986
299.986
299.986
299.986
299.986
299.986
299.986
299.986
299.986
299.986
299.986
299.986
299.986
299.986
299.986
299.986
299.986
299.986
299.986
299.986
299.986
299.986
299.986
299.986
299.986
299.986
299.986
299.986
299.986
299.986
299.986
299.986
299.986
299.986
299.986
299.986
299.986
299.986
299.986
299.986
299.986
299.986
299.986
299.986
299.986
299.986
299.986
299.986
299.986
299.986
299.986
299.986
299.986
299.986
299.986
299.986
299.986
299.986
299.986
299.986
299.986
299.986
299.986
299.986
299.986
299.986
299.986
299.986
299.986
299.986
299.986
299.986
299.986
299.986
299.986
299.986
299.986
299.986
299.986
299.986
299.986
299.986
299.986
299.986
299.986
299.986
299.986
299.986
299.986
299.986
299.986
299.986
299.986
299.986
299.986
299.986
299.986
299.986
299.986
299.986
299.986
299.986
299.986
299.986
299.986
299.986
299.986
299.986
299.986
299.986
299.986
299.986
299.986
299.986
299.986
299.986
299.986
299.986
299.986
299.986
299.986
299.986
299.986
299.986
299.986
299.986
299.986
299.986
299.986
299.986
299.986
299.986
299.986
299.986
299.986
299.986
299.986
299.986
299.986
299.986
299.986
299.986
299.986
299.986
299.985
299.985
299.985
299.985
299.985
299.985
299.985
299.985
299.985
299.985
299.985
299.985
299.985
299.985
299.985
299.985
299.985
299.985
299.985
299.985
299.985
299.985
299.985
299.985
299.985
299.985
299.985
299.985
299.985
299.985
299.985
299.985
299.985
299.985
299.985
299.985
299.985
299.985
299.985
299.985
299.985
299.985
299.985
299.985
299.985
299.985
299.985
299.985
299.985
299.985
299.985
299.985
299.985
299.985
299.985
299.985
299.985
299.985
299.985
299.985
299.985
299.985
299.985
299.985
299.985
299.985
299.985
299.985
299.985
299.985
299.985
299.985
299.985
299.985
299.985
299.985
299.985
299.985
299.985
299.985
299.985
299.985
299.985
299.985
299.985
299.985
299.985
299.985
299.985
299.985
299.985
299.985
299.985
299.985
299.985
299.985
299.985
299.985
299.985
299.985
299.985
299.985
299.985
299.985
299.985
299.985
299.985
299.985
299.985
299.985
299.985
299.985
299.985
299.985
299.985
299.985
299.985
299.985
299.985
299.985
299.985
299.985
299.985
299.985
299.985
299.985
299.985
299.985
299.985
299.985
299.985
299.985
299.985
299.985
299.985
299.985
299.985
299.985
299.985
299.985
299.985
299.985
299.985
299.985
299.985
299.985
299.985
299.985
299.985
299.985
299.985
299.985
299.985
299.985
299.985
299.985
299.985
299.985
299.985
299.985
299.985
299.985
299.985
299.985
299.985
299.985
299.985
299.985
299.985
299.985
299.985
299.985
299.985
299.985
299.985
299.985
299.985
299.985
299.985
299.985
299.985
299.985
299.985
299.985
299.985
299.985
299.985
299.985
299.985
299.985
299.985
299.985
299.985
299.985
299.985
299.985
299.985
299.985
299.985
299.985
299.985
299.985
299.985
299.985
299.985
299.985
299.985
299.985
299.985
299.985
299.985
299.985
299.985
299.985
299.985
299.985
299.985
299.985
299.985
299.985
299.985
299.985
299.984
299.984
299.984
299.984
299.984
299.984
299.984
299.984
299.984
299.984
299.984
299.984
299.984
299.984
299.984
299.984
299.984
299.984
299.984
299.984
299.984
299.984
299.984
299.984
299.984
299.984
299.984
299.984
299.984
299.984
299.984
299.984
299.984
299.984
299.984
299.984
299.984
299.984
299.984
299.984
299.984
299.984
299.984
299.984
299.984
299.984
299.984
299.984
299.984
299.984
299.984
299.984
299.984
299.984
299.984
299.984
299.984
299.984
299.984
299.984
299.984
299.984
299.984
299.984
299.984
299.984
299.984
299.984
299.984
299.984
299.984
299.984
299.984
299.984
299.984
299.984
299.984
299.984
299.984
299.984
299.984
299.984
299.984
299.984
299.984
299.984
299.984
299.984
299.984
299.984
299.984
299.984
299.984
299.984
299.984
299.984
299.984
299.984
299.984
299.984
299.984
299.984
299.984
299.984
299.984
299.984
299.984
299.984
299.984
299.984
299.984
299.984
299.984
299.984
299.984
299.984
299.984
299.984
299.984
299.984
299.984
299.984
299.984
299.984
299.984
299.984
299.984
299.984
299.984
299.984
299.984
299.984
299.984
299.984
299.984
299.984
299.984
299.984
299.984
299.984
299.984
299.984
299.984
299.984
299.984
299.984
299.984
299.984
299.984
299.984
299.984
299.984
299.984
299.984
299.984
299.984
299.984
299.984
299.984
299.984
299.984
299.984
299.984
299.984
299.984
299.984
299.984
299.984
299.984
299.984
299.984
299.984
299.984
299.984
299.984
299.984
299.984
299.984
299.984
299.984
299.984
299.984
299.984
299.984
299.984
299.984
299.984
299.984
299.984
299.984
299.984
299.984
299.984
299.984
299.984
299.984
299.984
299.984
299.984
299.984
299.984
299.984
299.984
299.984
299.984
299.984
299.984
299.984
299.984
299.984
299.984
299.984
299.984
299.984
299.984
299.984
299.984
299.984
299.984
299.984
299.984
299.984
299.984
299.984
299.984
299.984
299.984
299.984
299.984
299.984
299.984
299.984
299.984
299.984
299.984
299.984
299.984
299.984
299.984
299.984
299.984
299.984
299.984
299.984
299.984
299.984
299.984
299.984
299.984
299.984
299.984
299.984
299.984
299.984
299.984
299.984
299.984
299.984
299.984
299.984
299.984
299.984
299.984
299.984
299.984
299.984
299.984
299.984
299.984
299.984
299.984
299.984
299.984
299.984
299.984
299.984
299.984
299.984
299.984
299.984
299.984
299.984
299.984
299.984
299.984
299.984
299.984
299.984
299.984
299.984
299.984
299.984
299.984
299.984
299.984
299.984
299.984
299.984
299.984
299.984
299.984
299.984
299.984
299.984
299.984
299.984
299.984
299.984
299.984
299.984
299.984
299.984
299.984
299.984
299.984
299.984
299.984
299.984
299.984
299.984
299.984
299.984
299.984
299.984
299.984
299.984
299.984
299.984
299.984
299.984
299.984
299.984
299.984
299.984
299.984
299.984
299.984
299.984
299.984
299.984
299.984
299.984
299.984
299.984
299.984
299.984
299.984
299.984
299.984
299.984
299.984
299.984
299.984
299.984
299.984
299.984
299.984
299.984
299.984
299.984
299.984
299.984
299.984
299.984
299.984
299.984
299.984
299.984
299.984
299.984
299.984
299.984
299.984
299.984
299.984
299.984
299.984
299.984
299.984
299.984
299.984
299.984
299.984
299.984
299.984
299.984
299.984
299.984
299.984
299.984
299.984
299.984
299.984
299.984
299.984
299.984
299.984
299.984
299.984
299.984
299.983
299.983
299.983
299.983
299.983
299.983
299.983
299.983
299.983
299.983
299.983
299.983
299.983
299.983
299.983
299.983
299.983
299.983
299.983
299.983
299.983
299.983
299.983
299.983
299.983
299.983
299.983
299.983
299.983
299.983
299.983
299.983
299.983
299.983
299.983
299.983
299.983
299.983
299.983
299.983
299.983
299.983
299.983
299.983
299.983
299.983
299.983
299.983
299.983
299.983
299.983
299.983
299.983
299.983
299.983
299.983
299.983
299.983
299.983
299.983
299.983
299.983
299.983
299.983
299.983
299.983
299.983
299.983
299.983
299.983
299.983
299.983
299.983
299.983
299.983
299.983
299.983
299.983
299.983
299.983
299.983
299.983
299.983
299.983
299.983
299.983
299.983
299.983
299.983
299.983
299.983
299.983
299.983
299.983
299.983
299.983
299.983
299.983
299.983
299.983
299.983
299.983
299.983
299.983
299.983
299.983
299.983
299.983
299.983
299.983
299.983
299.983
299.983
299.983
299.983
299.983
299.983
299.983
299.983
299.983
299.983
299.983
299.983
299.983
299.983
299.983
299.983
299.983
299.983
299.983
299.983
299.983
299.983
299.983
299.983
299.983
299.983
299.983
299.983
299.983
299.983
299.983
299.983
299.983
299.983
299.983
299.983
299.983
299.983
299.983
299.983
299.983
299.983
299.983
299.983
299.983
299.983
299.983
299.983
299.983
299.983
299.983
299.983
299.983
299.983
299.983
299.983
299.983
299.983
299.983
299.983
299.983
299.983
299.983
299.983
299.983
299.983
299.983
299.983
299.983
299.983
299.983
299.983
299.983
299.983
299.983
299.983
299.983
299.983
299.983
299.983
299.983
299.983
299.983
299.983
299.983
299.983
299.983
299.983
299.983
299.983
299.981
299.982
299.982
299.983
299.983
299.983
299.983
299.983
299.983
299.983
299.983
299.983
299.983
299.983
299.983
299.982
299.982
299.982
299.982
299.982
299.982
299.982
299.982
299.982
299.982
299.983
299.983
299.983
299.983
299.983
299.983
299.983
299.983
299.983
299.983
299.983
299.983
299.983
299.983
299.983
299.983
299.983
299.983
299.983
299.983
299.983
299.983
299.983
299.983
299.983
299.983
299.983
299.983
299.983
299.983
299.983
299.983
299.983
299.983
299.983
299.983
299.983
299.983
299.983
299.983
299.983
299.983
299.983
299.983
299.983
299.983
299.983
299.983
299.983
299.983
299.983
299.983
299.983
299.983
299.983
299.983
299.983
299.983
299.983
299.983
299.983
299.983
299.983
299.983
299.983
299.983
299.983
299.983
299.983
299.983
299.983
299.983
299.983
299.983
299.983
299.983
299.983
299.983
299.983
299.983
299.983
299.983
299.983
299.983
299.983
299.983
299.983
299.983
299.983
299.983
299.983
299.983
299.983
299.983
299.983
299.983
299.983
299.983
299.983
299.983
299.983
299.983
299.983
299.983
299.983
299.983
299.983
299.983
299.983
299.983
299.983
299.983
299.983
299.983
299.983
299.983
299.983
299.983
299.983
299.983
299.983
299.983
299.983
299.983
299.983
299.983
299.983
299.983
299.983
299.983
299.983
299.983
299.983
299.983
299.983
299.983
299.983
299.983
299.983
299.983
299.983
299.983
299.983
299.983
299.983
299.983
299.983
299.983
299.983
299.983
299.983
299.983
299.983
299.983
299.983
299.983
299.983
299.983
299.983
299.983
299.983
299.983
299.983
299.983
299.983
299.983
299.983
299.983
299.983
299.983
299.983
299.983
299.983
299.983
299.982
299.992
299.989
299.986
299.983
299.982
299.982
299.982
299.982
299.982
299.982
299.982
299.982
299.982
299.982
299.982
299.982
299.982
299.982
299.982
299.982
299.982
299.982
299.982
299.982
299.982
299.982
299.982
299.982
299.982
299.982
299.982
299.982
299.982
299.982
299.982
299.982
299.982
299.982
299.982
299.982
299.982
299.982
299.982
299.982
299.982
299.982
299.982
299.982
299.982
299.982
299.982
299.982
299.982
299.982
299.982
299.982
299.982
299.982
299.982
299.982
299.982
299.982
299.982
299.982
299.982
299.982
299.982
299.982
299.982
299.982
299.982
299.982
299.982
299.982
299.982
299.982
299.982
299.982
299.982
299.982
299.982
299.982
299.982
299.982
299.982
299.982
299.982
299.982
299.982
299.982
299.982
299.982
299.982
299.982
299.982
299.982
299.982
299.982
299.982
299.982
299.982
299.982
299.982
299.982
299.982
299.982
299.982
299.982
299.982
299.982
299.982
299.982
299.982
299.982
299.982
299.982
299.982
299.982
299.982
299.982
299.982
299.982
299.982
299.982
299.982
299.982
299.982
299.982
299.982
299.982
299.982
299.982
299.982
299.982
299.982
299.982
299.982
299.982
299.982
299.982
299.982
299.982
299.982
299.982
299.982
299.982
299.982
299.982
299.982
299.982
299.982
299.982
299.982
299.982
299.982
299.982
299.982
299.982
299.982
299.982
299.982
299.982
299.982
299.982
299.982
299.982
299.982
299.982
299.982
299.982
299.982
299.982
299.982
299.982
299.982
299.982
299.982
299.982
299.982
299.982
299.982
299.982
299.982
299.982
299.982
299.982
299.982
299.982
299.982
299.982
299.982
299.982
299.982
299.982
299.982
299.982
299.982
299.982
299.982
299.978
299.934
299.94
299.952
299.97
299.979
299.982
299.983
299.982
299.982
299.982
299.982
299.981
299.981
299.981
299.982
299.982
299.982
299.982
299.983
299.983
299.983
299.983
299.983
299.983
299.982
299.982
299.982
299.981
299.981
299.981
299.981
299.981
299.981
299.981
299.981
299.981
299.981
299.981
299.981
299.981
299.981
299.981
299.981
299.981
299.981
299.981
299.981
299.981
299.981
299.981
299.981
299.981
299.981
299.981
299.981
299.981
299.981
299.981
299.981
299.981
299.981
299.981
299.981
299.981
299.981
299.981
299.981
299.981
299.981
299.981
299.981
299.981
299.981
299.981
299.981
299.981
299.981
299.981
299.981
299.981
299.981
299.981
299.981
299.981
299.981
299.981
299.981
299.981
299.981
299.981
299.981
299.981
299.981
299.981
299.981
299.981
299.981
299.981
299.981
299.981
299.981
299.981
299.981
299.981
299.981
299.981
299.981
299.981
299.981
299.981
299.981
299.981
299.981
299.981
299.981
299.981
299.981
299.981
299.981
299.981
299.981
299.981
299.981
299.981
299.981
299.981
299.981
299.981
299.981
299.981
299.981
299.981
299.981
299.981
299.981
299.981
299.981
299.981
299.981
299.981
299.981
299.981
299.981
299.981
299.981
299.981
299.981
299.981
299.981
299.981
299.981
299.981
299.981
299.981
299.981
299.981
299.981
299.981
299.981
299.981
299.981
299.981
299.981
299.981
299.981
299.981
299.981
299.981
299.981
299.981
299.981
299.981
299.981
299.981
299.981
299.981
299.981
299.981
299.981
299.981
299.981
299.981
299.981
299.981
299.981
299.981
299.981
299.981
299.981
299.981
299.981
299.981
299.981
299.981
299.981
299.981
299.981
299.981
299.981
300.033
300.097
300.149
300.148
300.061
299.996
299.976
299.973
299.974
299.976
299.978
299.98
299.981
299.981
299.982
299.983
299.985
299.986
299.988
299.99
299.993
299.994
299.995
299.994
299.992
299.988
299.985
299.983
299.981
299.981
299.981
299.981
299.981
299.981
299.981
299.981
299.981
299.981
299.981
299.981
299.981
299.981
299.981
299.981
299.981
299.981
299.981
299.981
299.981
299.981
299.981
299.981
299.981
299.981
299.981
299.981
299.981
299.981
299.981
299.981
299.981
299.981
299.981
299.981
299.981
299.981
299.981
299.981
299.981
299.981
299.981
299.981
299.981
299.981
299.981
299.981
299.981
299.981
299.981
299.981
299.981
299.981
299.981
299.981
299.981
299.981
299.981
299.981
299.981
299.981
299.981
299.981
299.981
299.981
299.981
299.981
299.981
299.981
299.981
299.981
299.981
299.981
299.981
299.981
299.981
299.981
299.981
299.981
299.981
299.981
299.981
299.981
299.981
299.981
299.981
299.981
299.981
299.981
299.981
299.981
299.981
299.981
299.981
299.981
299.981
299.981
299.981
299.981
299.981
299.981
299.981
299.981
299.981
299.981
299.981
299.981
299.981
299.981
299.981
299.981
299.981
299.981
299.981
299.981
299.981
299.981
299.981
299.981
299.981
299.981
299.981
299.981
299.981
299.981
299.981
299.981
299.981
299.981
299.981
299.981
299.981
299.981
299.981
299.981
299.981
299.981
299.981
299.981
299.981
299.981
299.981
299.981
299.981
299.981
299.981
299.981
299.981
299.981
299.981
299.981
299.981
299.981
299.981
299.981
299.981
299.981
299.981
299.981
299.981
299.981
299.981
299.981
299.981
299.981
299.981
299.981
299.981
299.981
299.981
299.981
299.951
299.262
299.372
299.335
299.661
299.909
299.996
300.02
300.02
300.011
300.003
299.997
299.993
299.992
299.994
299.997
300.004
300.012
300.023
300.034
300.046
300.054
300.058
300.055
300.045
300.03
300.012
299.997
299.987
299.982
299.981
299.98
299.98
299.98
299.98
299.98
299.98
299.98
299.98
299.98
299.98
299.98
299.98
299.98
299.98
299.98
299.98
299.98
299.98
299.98
299.98
299.98
299.98
299.98
299.98
299.98
299.98
299.98
299.98
299.98
299.98
299.98
299.98
299.98
299.98
299.98
299.98
299.98
299.98
299.98
299.98
299.98
299.98
299.98
299.98
299.98
299.98
299.98
299.98
299.98
299.98
299.98
299.98
299.98
299.98
299.98
299.98
299.98
299.98
299.98
299.98
299.98
299.98
299.98
299.98
299.98
299.98
299.98
299.98
299.98
299.98
299.98
299.98
299.98
299.98
299.98
299.98
299.98
299.98
299.98
299.98
299.98
299.98
299.98
299.98
299.98
299.98
299.98
299.98
299.98
299.98
299.98
299.98
299.98
299.98
299.98
299.98
299.98
299.98
299.98
299.98
299.98
299.98
299.98
299.98
299.98
299.98
299.98
299.98
299.98
299.98
299.98
299.98
299.98
299.98
299.98
299.98
299.98
299.98
299.98
299.98
299.98
299.98
299.98
299.98
299.98
299.98
299.98
299.98
299.98
299.98
299.98
299.98
299.98
299.98
299.98
299.98
299.98
299.98
299.98
299.98
299.98
299.98
299.98
299.98
299.98
299.98
299.98
299.98
299.98
299.98
299.98
299.98
299.98
299.98
299.98
299.98
299.98
299.98
299.98
299.98
299.98
299.98
299.98
299.98
299.98
299.98
299.98
299.98
299.98
300.232
301.38
300.772
301.3
301.039
300.441
299.995
299.837
299.822
299.852
299.892
299.93
299.965
299.997
300.026
300.055
300.086
300.121
300.161
300.206
300.249
300.284
300.303
300.299
300.271
300.217
300.147
300.076
300.023
299.994
299.983
299.98
299.98
299.98
299.98
299.98
299.98
299.98
299.98
299.98
299.98
299.98
299.98
299.98
299.98
299.98
299.98
299.98
299.98
299.98
299.98
299.98
299.98
299.98
299.98
299.98
299.98
299.98
299.98
299.98
299.98
299.98
299.98
299.98
299.98
299.98
299.98
299.98
299.98
299.98
299.98
299.98
299.98
299.98
299.98
299.98
299.98
299.98
299.98
299.98
299.98
299.98
299.98
299.98
299.98
299.98
299.98
299.98
299.98
299.98
299.98
299.98
299.98
299.98
299.98
299.98
299.98
299.98
299.98
299.98
299.98
299.98
299.98
299.98
299.98
299.98
299.98
299.98
299.98
299.98
299.98
299.98
299.98
299.98
299.98
299.98
299.98
299.98
299.98
299.98
299.98
299.98
299.98
299.98
299.98
299.98
299.98
299.98
299.98
299.98
299.98
299.98
299.98
299.98
299.98
299.98
299.98
299.98
299.98
299.98
299.98
299.98
299.98
299.98
299.98
299.98
299.98
299.98
299.98
299.98
299.98
299.98
299.98
299.98
299.98
299.98
299.98
299.98
299.98
299.98
299.98
299.98
299.98
299.98
299.98
299.98
299.98
299.98
299.98
299.98
299.98
299.98
299.98
299.98
299.98
299.98
299.98
299.98
299.98
299.98
299.98
299.98
299.98
299.98
299.98
299.98
299.98
299.98
299.98
299.98
299.98
299.98
299.98
299.98
299.98
299.98
299.98
299.98
299.98
299.98
297.438
297.741
297.509
298.272
298.588
299.378
300.072
300.345
300.46
300.482
300.459
300.415
300.368
300.33
300.312
300.323
300.37
300.451
300.561
300.687
300.811
300.915
300.983
300.998
300.948
300.829
300.641
300.411
300.199
300.062
300.002
299.984
299.98
299.979
299.979
299.979
299.979
299.979
299.979
299.979
299.979
299.979
299.979
299.979
299.979
299.979
299.979
299.979
299.979
299.979
299.979
299.979
299.979
299.979
299.979
299.979
299.979
299.979
299.979
299.979
299.979
299.979
299.979
299.979
299.979
299.979
299.979
299.979
299.979
299.979
299.979
299.979
299.979
299.979
299.979
299.979
299.979
299.979
299.979
299.979
299.979
299.979
299.979
299.979
299.979
299.979
299.979
299.979
299.979
299.979
299.979
299.979
299.979
299.979
299.979
299.979
299.979
299.979
299.979
299.979
299.979
299.979
299.979
299.979
299.979
299.979
299.979
299.979
299.979
299.979
299.979
299.979
299.979
299.979
299.979
299.979
299.979
299.979
299.979
299.979
299.979
299.979
299.979
299.979
299.979
299.979
299.979
299.979
299.979
299.979
299.979
299.979
299.979
299.979
299.979
299.979
299.979
299.979
299.979
299.979
299.979
299.979
299.979
299.979
299.979
299.979
299.979
299.979
299.979
299.979
299.979
299.979
299.979
299.979
299.979
299.979
299.979
299.979
299.979
299.979
299.979
299.979
299.979
299.979
299.979
299.979
299.979
299.979
299.979
299.979
299.979
299.979
299.979
299.979
299.979
299.979
299.979
299.979
299.979
299.979
299.979
299.979
299.979
299.979
299.979
299.979
299.979
299.979
299.979
299.979
299.979
299.979
299.979
299.979
299.979
299.979
299.979
299.979
299.979
299.979
305.066
304.68
304.729
304.369
303.926
302.572
300.507
299.286
299.122
299.309
299.514
299.709
299.912
300.131
300.362
300.605
300.858
301.121
301.387
301.651
301.9
302.119
302.287
302.378
302.369
302.231
301.922
301.418
300.824
300.349
300.097
300.007
299.984
299.979
299.979
299.979
299.979
299.979
299.979
299.979
299.979
299.979
299.979
299.979
299.979
299.979
299.979
299.979
299.979
299.979
299.979
299.979
299.979
299.979
299.979
299.979
299.979
299.979
299.979
299.979
299.979
299.979
299.979
299.979
299.979
299.979
299.979
299.979
299.979
299.979
299.979
299.979
299.979
299.979
299.979
299.979
299.979
299.979
299.979
299.979
299.979
299.979
299.979
299.979
299.979
299.979
299.979
299.979
299.979
299.979
299.979
299.979
299.979
299.979
299.979
299.979
299.979
299.979
299.979
299.979
299.979
299.979
299.979
299.979
299.979
299.979
299.979
299.979
299.979
299.979
299.979
299.979
299.979
299.979
299.979
299.979
299.979
299.979
299.979
299.979
299.979
299.979
299.979
299.979
299.979
299.979
299.979
299.979
299.979
299.979
299.979
299.979
299.979
299.979
299.979
299.979
299.979
299.979
299.979
299.979
299.979
299.979
299.979
299.979
299.979
299.979
299.979
299.979
299.979
299.979
299.979
299.979
299.979
299.979
299.979
299.979
299.979
299.979
299.979
299.979
299.979
299.979
299.979
299.979
299.979
299.979
299.979
299.979
299.979
299.979
299.979
299.979
299.979
299.979
299.979
299.979
299.979
299.979
299.979
299.979
299.979
299.979
299.979
299.979
299.979
299.979
299.978
299.978
299.978
299.978
299.978
299.978
299.978
299.978
299.978
299.979
299.979
299.979
299.979
299.979
305.003
304.983
305.018
304.918
304.898
304.663
304.158
303.775
303.516
303.31
303.068
302.744
302.363
301.997
301.717
301.567
301.553
301.648
301.817
302.029
302.263
302.503
302.753
303.07
303.513
303.962
304.055
303.497
302.386
301.21
300.435
300.102
300.003
299.982
299.978
299.978
299.978
299.978
299.978
299.978
299.978
299.978
299.978
299.978
299.978
299.978
299.978
299.978
299.978
299.978
299.978
299.978
299.978
299.978
299.978
299.978
299.978
299.978
299.978
299.978
299.978
299.978
299.978
299.978
299.978
299.978
299.978
299.978
299.978
299.978
299.978
299.978
299.978
299.978
299.978
299.978
299.978
299.978
299.978
299.978
299.978
299.978
299.978
299.978
299.978
299.978
299.978
299.978
299.978
299.978
299.978
299.978
299.978
299.978
299.978
299.978
299.978
299.978
299.978
299.978
299.978
299.978
299.978
299.978
299.978
299.978
299.978
299.978
299.978
299.978
299.978
299.978
299.978
299.978
299.978
299.978
299.978
299.978
299.978
299.978
299.978
299.978
299.978
299.978
299.978
299.978
299.978
299.978
299.978
299.978
299.978
299.978
299.978
299.978
299.978
299.978
299.978
299.978
299.978
299.978
299.978
299.978
299.978
299.978
299.978
299.978
299.978
299.978
299.978
299.978
299.978
299.978
299.978
299.978
299.978
299.978
299.978
299.978
299.978
299.978
299.978
299.978
299.978
299.978
299.978
299.978
299.978
299.978
299.978
299.978
299.978
299.978
299.978
299.978
299.978
299.978
299.978
299.978
299.978
299.978
299.978
299.978
299.978
299.978
299.978
299.978
299.978
299.978
299.978
299.978
299.978
299.978
299.978
299.978
299.978
299.978
299.978
299.978
299.978
299.978
305.002
304.992
305.007
304.993
304.996
304.986
304.919
304.848
304.784
304.723
304.659
304.585
304.498
304.399
304.291
304.186
304.104
304.062
304.069
304.138
304.273
304.418
304.483
304.436
304.386
304.55
304.992
305.231
304.485
302.824
301.251
300.383
300.071
299.994
299.98
299.978
299.977
299.977
299.977
299.977
299.977
299.977
299.977
299.977
299.977
299.977
299.977
299.977
299.977
299.977
299.977
299.977
299.977
299.977
299.977
299.977
299.977
299.977
299.977
299.977
299.977
299.977
299.977
299.977
299.977
299.977
299.977
299.977
299.977
299.977
299.977
299.977
299.977
299.977
299.977
299.977
299.977
299.977
299.977
299.977
299.977
299.977
299.977
299.977
299.977
299.977
299.977
299.977
299.977
299.977
299.977
299.977
299.977
299.977
299.977
299.977
299.977
299.977
299.977
299.977
299.977
299.977
299.977
299.977
299.977
299.977
299.977
299.977
299.977
299.977
299.977
299.977
299.977
299.977
299.977
299.977
299.977
299.977
299.977
299.977
299.977
299.977
299.977
299.977
299.977
299.977
299.977
299.977
299.977
299.977
299.977
299.977
299.977
299.977
299.977
299.977
299.977
299.977
299.977
299.977
299.977
299.977
299.977
299.977
299.977
299.977
299.977
299.977
299.977
299.977
299.977
299.977
299.977
299.977
299.977
299.977
299.977
299.977
299.977
299.977
299.977
299.977
299.977
299.977
299.977
299.977
299.977
299.977
299.977
299.977
299.977
299.977
299.977
299.977
299.977
299.977
299.977
299.977
299.977
299.977
299.977
299.977
299.977
299.977
299.977
299.977
299.977
299.977
299.977
299.977
299.977
299.977
299.977
299.977
299.977
299.977
299.977
299.977
299.977
299.977
305.001
304.999
304.999
305
305.002
305.004
304.999
304.991
304.983
304.976
304.97
304.964
304.957
304.948
304.937
304.925
304.915
304.907
304.903
304.913
304.93
304.935
304.92
304.923
305.001
305.18
305.374
305.32
304.688
303.414
301.904
300.755
300.195
300.019
299.983
299.978
299.977
299.977
299.977
299.977
299.977
299.977
299.977
299.977
299.977
299.977
299.977
299.977
299.977
299.977
299.977
299.977
299.977
299.977
299.977
299.977
299.977
299.977
299.977
299.977
299.977
299.977
299.977
299.977
299.977
299.977
299.977
299.977
299.977
299.977
299.977
299.977
299.977
299.977
299.977
299.977
299.977
299.977
299.977
299.977
299.977
299.977
299.977
299.977
299.977
299.977
299.977
299.977
299.977
299.977
299.977
299.977
299.977
299.977
299.977
299.977
299.977
299.977
299.977
299.977
299.977
299.977
299.977
299.977
299.977
299.977
299.977
299.977
299.977
299.977
299.977
299.977
299.977
299.977
299.977
299.977
299.977
299.977
299.977
299.977
299.977
299.977
299.977
299.977
299.977
299.977
299.977
299.977
299.977
299.977
299.977
299.977
299.977
299.977
299.977
299.977
299.977
299.977
299.977
299.977
299.977
299.977
299.977
299.977
299.977
299.977
299.977
299.977
299.977
299.977
299.977
299.977
299.977
299.977
299.977
299.977
299.977
299.977
299.977
299.977
299.977
299.977
299.977
299.977
299.977
299.977
299.977
299.977
299.977
299.977
299.977
299.977
299.977
299.977
299.977
299.977
299.977
299.977
299.977
299.977
299.977
299.977
299.977
299.977
299.977
299.977
299.977
299.977
299.977
299.977
299.977
299.977
299.977
299.977
299.977
299.977
299.977
299.977
299.977
299.977
)
;

boundaryField
{
    inletTop
    {
        type            fixedValue;
        value           uniform 305;
    }
    inletBottom
    {
        type            fixedValue;
        value           uniform 300;
    }
    outletTop
    {
        type            inletOutlet;
        inletValue      uniform 300;
        value           nonuniform List<scalar> 4(299.979 299.978 299.977 299.977);
    }
    walls
    {
        type            zeroGradient;
    }
    front
    {
        type            empty;
    }
    back
    {
        type            empty;
    }
    outletBottom
    {
        type            inletOutlet;
        inletValue      uniform 300;
        value           nonuniform List<scalar> 4(299.999 299.998 299.997 299.997);
    }
}


// ************************************************************************* //
