/*--------------------------------*- C++ -*----------------------------------*\
  =========                 |
  \\      /  F ield         | OpenFOAM: The Open Source CFD Toolbox
   \\    /   O peration     | Website:  https://openfoam.org
    \\  /    A nd           | Version:  dev
     \\/     M anipulation  |
\*---------------------------------------------------------------------------*/
FoamFile
{
    version     2.0;
    format      ascii;
    class       volScalarField;
    location    "11";
    object      thermo:rho;
}
// * * * * * * * * * * * * * * * * * * * * * * * * * * * * * * * * * * * * * //

dimensions      [1 -3 0 0 0 0 0];

internalField   nonuniform List<scalar> 
8000
(
1.15862
1.15861
1.15861
1.1586
1.15862
1.15861
1.15861
1.1586
1.15862
1.15861
1.15861
1.1586
1.15862
1.15861
1.15861
1.1586
1.15862
1.15861
1.15861
1.1586
1.15862
1.15861
1.15861
1.1586
1.15862
1.15861
1.15861
1.1586
1.15862
1.15861
1.15861
1.1586
1.15862
1.15861
1.15861
1.1586
1.15862
1.15861
1.15861
1.1586
1.15862
1.15861
1.15861
1.15861
1.15862
1.15861
1.15861
1.15861
1.15862
1.15862
1.15861
1.15861
1.15862
1.15862
1.15861
1.15861
1.15862
1.15862
1.15861
1.15861
1.15862
1.15862
1.15861
1.15861
1.15862
1.15862
1.15861
1.15861
1.15862
1.15862
1.15861
1.15861
1.15862
1.15862
1.15861
1.15861
1.15862
1.15862
1.15861
1.15861
1.15862
1.15862
1.15861
1.15861
1.15862
1.15862
1.15861
1.15861
1.15862
1.15862
1.15861
1.15861
1.15862
1.15862
1.15861
1.15861
1.15862
1.15862
1.15861
1.15861
1.15862
1.15862
1.15861
1.15861
1.15862
1.15862
1.15861
1.15861
1.15862
1.15862
1.15861
1.15861
1.15862
1.15862
1.15861
1.15861
1.15862
1.15862
1.15861
1.15861
1.15862
1.15862
1.15861
1.15861
1.15862
1.15862
1.15861
1.15861
1.15862
1.15862
1.15861
1.15861
1.15862
1.15862
1.15861
1.15861
1.15862
1.15862
1.15861
1.15861
1.15862
1.15862
1.15861
1.15861
1.15862
1.15862
1.15861
1.15861
1.15862
1.15862
1.15861
1.15861
1.15862
1.15862
1.15861
1.15861
1.15862
1.15862
1.15861
1.15861
1.15862
1.15862
1.15861
1.15861
1.15862
1.15862
1.15861
1.15861
1.15862
1.15862
1.15861
1.15861
1.15862
1.15862
1.15861
1.15861
1.15862
1.15862
1.15861
1.15861
1.15862
1.15862
1.15861
1.15861
1.15862
1.15862
1.15861
1.15861
1.15862
1.15862
1.15861
1.15861
1.15862
1.15862
1.15861
1.15861
1.15862
1.15862
1.15861
1.15861
1.15862
1.15862
1.15861
1.15861
1.15862
1.15862
1.15861
1.15861
1.15862
1.15862
1.15861
1.15861
1.15862
1.15862
1.15861
1.15861
1.15862
1.15862
1.15861
1.15861
1.15862
1.15862
1.15861
1.15861
1.15862
1.15862
1.15861
1.15861
1.15862
1.15862
1.15861
1.15861
1.15862
1.15862
1.15861
1.15861
1.15862
1.15862
1.15861
1.15861
1.15862
1.15862
1.15861
1.15861
1.15862
1.15862
1.15861
1.15861
1.15862
1.15862
1.15861
1.15861
1.15862
1.15862
1.15861
1.15861
1.15862
1.15862
1.15861
1.15861
1.15862
1.15862
1.15861
1.15861
1.15862
1.15862
1.15861
1.15861
1.15862
1.15862
1.15861
1.15861
1.15862
1.15862
1.15861
1.15861
1.15862
1.15862
1.15861
1.15861
1.15862
1.15862
1.15861
1.15861
1.15862
1.15862
1.15861
1.15861
1.15862
1.15862
1.15861
1.15861
1.15862
1.15862
1.15861
1.15861
1.15862
1.15862
1.15861
1.15861
1.15862
1.15862
1.15861
1.15861
1.15862
1.15862
1.15861
1.15861
1.15862
1.15862
1.15861
1.15861
1.15862
1.15862
1.15861
1.15861
1.15862
1.15862
1.15861
1.15861
1.15862
1.15862
1.15861
1.15861
1.15862
1.15862
1.15861
1.15861
1.15862
1.15862
1.15861
1.15861
1.15862
1.15862
1.15861
1.15861
1.15862
1.15862
1.15861
1.15861
1.15862
1.15862
1.15861
1.15861
1.15862
1.15862
1.15861
1.15861
1.15862
1.15862
1.15861
1.15861
1.15862
1.15862
1.15861
1.15861
1.15862
1.15862
1.15861
1.15861
1.15862
1.15862
1.15861
1.15861
1.15862
1.15862
1.15861
1.15861
1.15862
1.15862
1.15861
1.15861
1.15862
1.15862
1.15861
1.15861
1.15862
1.15862
1.15861
1.15861
1.15862
1.15862
1.15861
1.15861
1.15862
1.15862
1.15861
1.15861
1.15862
1.15862
1.15861
1.15861
1.15862
1.15862
1.15861
1.15861
1.15862
1.15862
1.15861
1.15861
1.15862
1.15862
1.15861
1.15861
1.15862
1.15862
1.15861
1.15861
1.15862
1.15862
1.15861
1.15861
1.15862
1.15862
1.15861
1.15861
1.15862
1.15862
1.15861
1.15861
1.15862
1.15862
1.15861
1.15861
1.15862
1.15862
1.15861
1.15861
1.15862
1.15862
1.15861
1.15861
1.15862
1.15862
1.15861
1.15861
1.15862
1.15862
1.15861
1.15861
1.15862
1.15862
1.15861
1.15861
1.15862
1.15862
1.15861
1.15861
1.15862
1.15862
1.15861
1.15861
1.15862
1.15862
1.15861
1.15861
1.15862
1.15862
1.15861
1.15861
1.15862
1.15862
1.15861
1.15861
1.15862
1.15862
1.15861
1.15861
1.15862
1.15862
1.15861
1.15861
1.15862
1.15862
1.15861
1.15861
1.15862
1.15862
1.15861
1.15861
1.15862
1.15862
1.15861
1.15861
1.15862
1.15862
1.15861
1.15861
1.15862
1.15862
1.15861
1.15861
1.15862
1.15862
1.15861
1.15861
1.15862
1.15862
1.15861
1.15861
1.15862
1.15862
1.15861
1.15861
1.15862
1.15862
1.15861
1.15861
1.15862
1.15862
1.15861
1.15861
1.15862
1.15862
1.15861
1.15861
1.15862
1.15862
1.15861
1.15861
1.15862
1.15862
1.15861
1.15861
1.15862
1.15862
1.15861
1.15861
1.15862
1.15862
1.15861
1.15861
1.15862
1.15862
1.15861
1.15861
1.15862
1.15862
1.15861
1.15861
1.15862
1.15862
1.15861
1.15861
1.15862
1.15862
1.15861
1.15861
1.15862
1.15862
1.15861
1.15861
1.15862
1.15862
1.15861
1.15861
1.15862
1.15862
1.15861
1.15861
1.15862
1.15862
1.15861
1.15861
1.15862
1.15862
1.15861
1.15861
1.15862
1.15862
1.15861
1.15861
1.15862
1.15862
1.15861
1.15861
1.15862
1.15862
1.15861
1.15861
1.15862
1.15862
1.15861
1.15861
1.15862
1.15862
1.15861
1.15861
1.15862
1.15862
1.15861
1.15861
1.15862
1.15862
1.15861
1.15861
1.15862
1.15862
1.15861
1.15861
1.15862
1.15862
1.15861
1.15861
1.15862
1.15862
1.15861
1.15861
1.15862
1.15862
1.15861
1.15861
1.15862
1.15862
1.15861
1.15861
1.15862
1.15862
1.15861
1.15861
1.15862
1.15862
1.15861
1.15861
1.15862
1.15862
1.15861
1.15861
1.15862
1.15862
1.15861
1.15861
1.15862
1.15862
1.15861
1.15861
1.15862
1.15862
1.15861
1.15861
1.15862
1.15862
1.15861
1.15861
1.15862
1.15862
1.15861
1.15861
1.15862
1.15862
1.15861
1.15861
1.15862
1.15862
1.15861
1.15861
1.15862
1.15862
1.15861
1.15861
1.15862
1.15862
1.15861
1.15861
1.15862
1.15862
1.15861
1.15861
1.15862
1.15862
1.15861
1.15861
1.15862
1.15862
1.15861
1.15861
1.15862
1.15862
1.15861
1.15861
1.15862
1.15862
1.15861
1.15861
1.15862
1.15862
1.15861
1.15861
1.15862
1.15862
1.15861
1.15861
1.15862
1.15862
1.15861
1.15861
1.15862
1.15862
1.15861
1.15861
1.15862
1.15862
1.15861
1.15861
1.15862
1.15862
1.15861
1.15861
1.15862
1.15862
1.15861
1.15861
1.15862
1.15862
1.15861
1.15861
1.15862
1.15862
1.15861
1.15861
1.15862
1.15862
1.15861
1.15861
1.15862
1.15862
1.15861
1.15861
1.15862
1.15862
1.15861
1.15861
1.15862
1.15862
1.15861
1.15861
1.15862
1.15862
1.15861
1.15861
1.15862
1.15862
1.15861
1.15861
1.15862
1.15862
1.15861
1.15861
1.15862
1.15862
1.15861
1.15861
1.15862
1.15862
1.15861
1.15861
1.15862
1.15862
1.15861
1.15861
1.15862
1.15862
1.15861
1.15861
1.15862
1.15862
1.15861
1.15861
1.15862
1.15862
1.15861
1.15861
1.15862
1.15862
1.15861
1.15861
1.15862
1.15862
1.15861
1.15861
1.15862
1.15862
1.15861
1.15861
1.15862
1.15862
1.15861
1.15861
1.15862
1.15862
1.15861
1.15861
1.15862
1.15862
1.15861
1.15861
1.15862
1.15862
1.15862
1.15861
1.1586
1.1586
1.1586
1.1586
1.1586
1.1586
1.1586
1.1586
1.1586
1.1586
1.1586
1.1586
1.1586
1.1586
1.1586
1.1586
1.1586
1.1586
1.1586
1.1586
1.1586
1.1586
1.1586
1.1586
1.1586
1.1586
1.1586
1.1586
1.1586
1.1586
1.1586
1.1586
1.1586
1.1586
1.1586
1.1586
1.1586
1.1586
1.1586
1.1586
1.1586
1.1586
1.1586
1.1586
1.1586
1.1586
1.1586
1.1586
1.1586
1.1586
1.1586
1.1586
1.1586
1.1586
1.1586
1.1586
1.1586
1.1586
1.1586
1.1586
1.1586
1.1586
1.1586
1.1586
1.1586
1.1586
1.1586
1.1586
1.1586
1.1586
1.1586
1.1586
1.1586
1.1586
1.1586
1.1586
1.1586
1.1586
1.1586
1.1586
1.1586
1.1586
1.1586
1.1586
1.1586
1.1586
1.1586
1.1586
1.1586
1.1586
1.1586
1.1586
1.1586
1.1586
1.1586
1.1586
1.1586
1.1586
1.1586
1.1586
1.1586
1.1586
1.1586
1.1586
1.1586
1.1586
1.1586
1.1586
1.1586
1.1586
1.1586
1.1586
1.1586
1.1586
1.1586
1.1586
1.1586
1.1586
1.1586
1.1586
1.1586
1.1586
1.1586
1.1586
1.1586
1.1586
1.1586
1.1586
1.1586
1.1586
1.1586
1.1586
1.1586
1.1586
1.1586
1.1586
1.1586
1.1586
1.1586
1.1586
1.1586
1.1586
1.1586
1.1586
1.1586
1.1586
1.1586
1.1586
1.1586
1.1586
1.1586
1.1586
1.1586
1.1586
1.1586
1.1586
1.1586
1.1586
1.1586
1.1586
1.1586
1.1586
1.1586
1.1586
1.1586
1.1586
1.1586
1.1586
1.1586
1.1586
1.1586
1.1586
1.1586
1.1586
1.1586
1.1586
1.1586
1.1586
1.1586
1.1586
1.1586
1.1586
1.1586
1.1586
1.1586
1.1586
1.1586
1.1586
1.1586
1.1586
1.1586
1.1586
1.1586
1.15861
1.15861
1.15861
1.15861
1.15861
1.15861
1.15861
1.1586
1.1586
1.1586
1.1586
1.1586
1.1586
1.1586
1.15859
1.15859
1.15859
1.15859
1.1586
1.1586
1.1586
1.1586
1.1586
1.1586
1.1586
1.1586
1.1586
1.1586
1.1586
1.1586
1.1586
1.1586
1.1586
1.1586
1.1586
1.1586
1.1586
1.1586
1.1586
1.1586
1.1586
1.1586
1.1586
1.1586
1.1586
1.1586
1.1586
1.1586
1.1586
1.1586
1.1586
1.1586
1.1586
1.1586
1.1586
1.1586
1.1586
1.1586
1.1586
1.1586
1.1586
1.1586
1.1586
1.1586
1.1586
1.1586
1.1586
1.1586
1.1586
1.1586
1.1586
1.1586
1.1586
1.1586
1.1586
1.1586
1.1586
1.1586
1.1586
1.1586
1.1586
1.1586
1.1586
1.1586
1.1586
1.1586
1.1586
1.1586
1.1586
1.1586
1.1586
1.1586
1.1586
1.1586
1.1586
1.1586
1.1586
1.1586
1.1586
1.1586
1.1586
1.1586
1.1586
1.1586
1.1586
1.1586
1.1586
1.1586
1.1586
1.1586
1.1586
1.1586
1.1586
1.1586
1.1586
1.1586
1.1586
1.1586
1.1586
1.1586
1.1586
1.1586
1.1586
1.1586
1.1586
1.1586
1.1586
1.1586
1.1586
1.1586
1.1586
1.1586
1.1586
1.1586
1.1586
1.1586
1.1586
1.1586
1.1586
1.1586
1.1586
1.1586
1.1586
1.1586
1.1586
1.1586
1.1586
1.1586
1.1586
1.1586
1.1586
1.1586
1.1586
1.1586
1.1586
1.1586
1.1586
1.1586
1.1586
1.1586
1.1586
1.1586
1.1586
1.1586
1.1586
1.1586
1.1586
1.1586
1.1586
1.1586
1.1586
1.1586
1.1586
1.1586
1.1586
1.1586
1.1586
1.1586
1.1586
1.1586
1.1586
1.1586
1.1586
1.1586
1.1586
1.1586
1.1586
1.1586
1.1586
1.1586
1.1586
1.1586
1.1586
1.1586
1.1586
1.1586
1.1586
1.1586
1.1586
1.1586
1.1586
1.1586
1.1586
1.1586
1.1586
1.1586
1.1586
1.1586
1.15859
1.15859
1.15859
1.15859
1.15859
1.15859
1.15859
1.15858
1.15859
1.15859
1.15859
1.15859
1.15859
1.15859
1.15859
1.15859
1.15859
1.15859
1.15859
1.15859
1.15859
1.15859
1.15859
1.15859
1.15859
1.15859
1.15859
1.15859
1.15859
1.15859
1.15859
1.15859
1.15859
1.15859
1.15859
1.15859
1.15859
1.15859
1.15859
1.15859
1.15859
1.15859
1.15859
1.15859
1.15859
1.15859
1.15859
1.15859
1.15859
1.15859
1.15859
1.15859
1.15859
1.15859
1.15859
1.15859
1.15859
1.15859
1.15859
1.15859
1.15859
1.15859
1.15859
1.15859
1.15859
1.15859
1.15859
1.15859
1.15859
1.15859
1.15859
1.15859
1.15859
1.15859
1.15859
1.15859
1.15859
1.15859
1.15859
1.15859
1.15859
1.15859
1.15859
1.15859
1.15859
1.15859
1.15859
1.15859
1.15859
1.15859
1.15859
1.15859
1.15859
1.15859
1.15859
1.15859
1.15859
1.15859
1.15859
1.15859
1.15859
1.15859
1.15859
1.15859
1.15859
1.15859
1.15859
1.15859
1.15859
1.15859
1.15859
1.15859
1.15859
1.15859
1.15859
1.15859
1.15859
1.15859
1.15859
1.15859
1.15859
1.15859
1.15859
1.15859
1.15859
1.15859
1.15859
1.15859
1.15859
1.15859
1.15859
1.15859
1.15859
1.15859
1.15859
1.15859
1.15859
1.15859
1.15859
1.15859
1.15859
1.15859
1.15859
1.15859
1.15859
1.15859
1.15859
1.15859
1.15859
1.15859
1.15859
1.15859
1.15859
1.15859
1.15859
1.15859
1.15859
1.15859
1.15859
1.15859
1.15859
1.15859
1.15859
1.15859
1.1586
1.1586
1.1586
1.1586
1.1586
1.1586
1.1586
1.1586
1.1586
1.1586
1.1586
1.1586
1.1586
1.1586
1.1586
1.1586
1.1586
1.1586
1.1586
1.1586
1.1586
1.1586
1.1586
1.1586
1.1586
1.1586
1.1586
1.1586
1.1586
1.1586
1.1586
1.1586
1.1586
1.1586
1.1586
1.15859
1.15859
1.15859
1.15859
1.15858
1.15858
1.15858
1.15858
1.15858
1.15859
1.15859
1.15859
1.15859
1.15859
1.15859
1.15859
1.15859
1.15859
1.15859
1.15859
1.15859
1.15859
1.15859
1.15859
1.15859
1.15859
1.15859
1.15859
1.15859
1.15859
1.15859
1.15859
1.15859
1.15859
1.15859
1.15859
1.15859
1.15859
1.15859
1.15859
1.15859
1.15859
1.15859
1.15859
1.15859
1.15859
1.15859
1.15859
1.15859
1.15859
1.15859
1.15859
1.15859
1.15859
1.15859
1.15859
1.15859
1.15859
1.15859
1.15859
1.15859
1.15859
1.15859
1.15859
1.15859
1.15859
1.15859
1.15859
1.15859
1.15859
1.15859
1.15859
1.15859
1.15859
1.15859
1.15859
1.15859
1.15859
1.15859
1.15859
1.15859
1.15859
1.15859
1.15859
1.15859
1.15859
1.15859
1.15859
1.15859
1.15859
1.15859
1.15859
1.15859
1.15859
1.15859
1.15859
1.15859
1.15859
1.15859
1.15859
1.15859
1.15859
1.15859
1.15859
1.15859
1.15859
1.15859
1.15859
1.15859
1.15859
1.15859
1.15859
1.15859
1.15859
1.15859
1.15859
1.15859
1.15859
1.15859
1.15859
1.15859
1.15859
1.15859
1.15859
1.15859
1.15859
1.15859
1.15859
1.15859
1.15859
1.15859
1.15859
1.15859
1.15859
1.15859
1.15859
1.15859
1.15859
1.15859
1.15859
1.15859
1.15859
1.15859
1.15859
1.15859
1.15859
1.15859
1.15859
1.15859
1.15859
1.15859
1.15859
1.15859
1.15859
1.15859
1.15859
1.15859
1.15859
1.15859
1.15859
1.15859
1.15859
1.15859
1.15859
1.15859
1.15859
1.15859
1.15859
1.15859
1.15859
1.15859
1.15859
1.15859
1.15859
1.15859
1.15859
1.15859
1.15859
1.15859
1.15859
1.15859
1.15859
1.15859
1.15859
1.15859
1.15859
1.15859
1.15859
1.15859
1.15859
1.15859
1.15859
1.15859
1.15859
1.15859
1.15859
1.15859
1.15859
1.15859
1.15859
1.15859
1.15859
1.15858
1.15858
1.15858
1.15858
1.15858
1.15858
1.15858
1.15858
1.15858
1.15858
1.15858
1.15859
1.15859
1.15859
1.15859
1.15859
1.15859
1.15859
1.15859
1.15859
1.15859
1.15859
1.15859
1.15859
1.15859
1.15859
1.15859
1.15859
1.15859
1.15859
1.15859
1.15859
1.15859
1.15859
1.15859
1.15859
1.15859
1.15859
1.15859
1.15859
1.15859
1.15859
1.15859
1.15859
1.15859
1.15859
1.15859
1.15859
1.15859
1.15859
1.15859
1.15859
1.15859
1.15859
1.15859
1.15859
1.15859
1.15859
1.15859
1.15859
1.15859
1.15859
1.15859
1.15859
1.15859
1.15859
1.15859
1.15859
1.15859
1.15859
1.15859
1.15859
1.15859
1.15859
1.15859
1.15859
1.15859
1.15859
1.15859
1.15859
1.15859
1.15859
1.15859
1.15859
1.15859
1.15859
1.15859
1.15859
1.15859
1.15859
1.15859
1.15859
1.15859
1.15859
1.15859
1.15859
1.15859
1.15859
1.15859
1.15859
1.15859
1.15859
1.15859
1.15859
1.15859
1.15859
1.15859
1.15859
1.15859
1.15859
1.15859
1.15859
1.15859
1.15859
1.15859
1.15859
1.15859
1.15859
1.15859
1.15859
1.15859
1.15859
1.15859
1.15859
1.15859
1.15859
1.15859
1.15859
1.15859
1.15859
1.15859
1.15859
1.15859
1.15859
1.15859
1.15859
1.15859
1.15859
1.15859
1.15859
1.15859
1.15859
1.15859
1.15859
1.15859
1.15859
1.15859
1.15859
1.15859
1.15859
1.15859
1.15859
1.15859
1.15859
1.15859
1.15859
1.15859
1.15859
1.15859
1.15859
1.15859
1.15859
1.15859
1.15859
1.15859
1.15859
1.15859
1.15859
1.15859
1.15859
1.15859
1.15859
1.15859
1.15859
1.15859
1.15859
1.15859
1.15859
1.15859
1.15859
1.15859
1.15859
1.15859
1.15859
1.15859
1.15859
1.15859
1.15859
1.15859
1.15859
1.15859
1.15859
1.15859
1.15859
1.15859
1.15859
1.15859
1.15859
1.15858
1.15858
1.15858
1.15858
1.15858
1.15858
1.15858
1.15858
1.15858
1.15858
1.15858
1.15858
1.15858
1.15858
1.15858
1.15858
1.15858
1.15858
1.15858
1.15858
1.15858
1.15858
1.15858
1.15858
1.15858
1.15858
1.15858
1.15858
1.15858
1.15858
1.15858
1.15858
1.15858
1.15858
1.15858
1.15858
1.15858
1.15858
1.15858
1.15858
1.15858
1.15858
1.15858
1.15858
1.15858
1.15858
1.15858
1.15858
1.15858
1.15858
1.15858
1.15858
1.15858
1.15858
1.15858
1.15858
1.15858
1.15858
1.15858
1.15858
1.15858
1.15858
1.15858
1.15858
1.15858
1.15858
1.15858
1.15858
1.15858
1.15858
1.15858
1.15858
1.15858
1.15858
1.15858
1.15858
1.15858
1.15858
1.15858
1.15858
1.15858
1.15858
1.15858
1.15858
1.15858
1.15858
1.15858
1.15858
1.15858
1.15858
1.15858
1.15858
1.15858
1.15858
1.15858
1.15858
1.15858
1.15858
1.15858
1.15858
1.15858
1.15858
1.15858
1.15858
1.15858
1.15858
1.15858
1.15858
1.15858
1.15858
1.15858
1.15858
1.15858
1.15858
1.15858
1.15858
1.15858
1.15858
1.15858
1.15858
1.15858
1.15858
1.15858
1.15858
1.15858
1.15858
1.15858
1.15858
1.15858
1.15858
1.15858
1.15858
1.15858
1.15858
1.15858
1.15858
1.15858
1.15858
1.15858
1.15858
1.15858
1.15858
1.15858
1.15858
1.15858
1.15858
1.15858
1.15858
1.15858
1.15858
1.15858
1.15858
1.15858
1.15858
1.15858
1.15858
1.15858
1.15858
1.15858
1.15858
1.15858
1.15858
1.15858
1.15858
1.15858
1.15858
1.15858
1.15858
1.15858
1.15858
1.15858
1.15858
1.15858
1.15858
1.15858
1.15858
1.15858
1.15858
1.15858
1.15858
1.15858
1.15858
1.15858
1.15858
1.15858
1.15858
1.15858
1.15858
1.15858
1.15858
1.15858
1.15858
1.15858
1.15858
1.15858
1.15858
1.15858
1.15858
1.15858
1.15858
1.15858
1.15858
1.15858
1.15858
1.15858
1.15858
1.15858
1.15858
1.15858
1.15858
1.15858
1.15858
1.15858
1.15858
1.15858
1.15858
1.15858
1.15858
1.15858
1.15858
1.15858
1.15858
1.15858
1.15858
1.15858
1.15858
1.15858
1.15858
1.15858
1.15858
1.15858
1.15858
1.15858
1.15858
1.15858
1.15858
1.15858
1.15858
1.15858
1.15858
1.15858
1.15858
1.15858
1.15858
1.15858
1.15858
1.15858
1.15858
1.15858
1.15858
1.15858
1.15858
1.15858
1.15858
1.15858
1.15858
1.15858
1.15858
1.15858
1.15858
1.15858
1.15858
1.15858
1.15858
1.15858
1.15858
1.15858
1.15858
1.15858
1.15858
1.15858
1.15858
1.15858
1.15858
1.15858
1.15858
1.15858
1.15858
1.15858
1.15858
1.15858
1.15858
1.15858
1.15858
1.15858
1.15858
1.15858
1.15858
1.15858
1.15858
1.15858
1.15858
1.15858
1.15858
1.15858
1.15858
1.15858
1.15858
1.15858
1.15858
1.15858
1.15858
1.15858
1.15858
1.15858
1.15858
1.15858
1.15858
1.15858
1.15858
1.15858
1.15858
1.15858
1.15858
1.15858
1.15858
1.15858
1.15858
1.15858
1.15858
1.15858
1.15858
1.15858
1.15858
1.15858
1.15858
1.15858
1.15858
1.15858
1.15858
1.15858
1.15858
1.15858
1.15858
1.15858
1.15858
1.15858
1.15858
1.15858
1.15858
1.15858
1.15858
1.15858
1.15858
1.15858
1.15858
1.15858
1.15858
1.15858
1.15858
1.15858
1.15858
1.15858
1.15858
1.15858
1.15858
1.15858
1.15858
1.15858
1.15858
1.15858
1.15858
1.15858
1.15858
1.15858
1.15858
1.15858
1.15858
1.15858
1.15858
1.15858
1.15858
1.15858
1.15858
1.15858
1.15858
1.15858
1.15858
1.15858
1.15858
1.15858
1.15858
1.15858
1.15858
1.15858
1.15858
1.15858
1.15858
1.15858
1.15858
1.15858
1.15858
1.15858
1.15858
1.15858
1.15858
1.15858
1.15858
1.15858
1.15858
1.15857
1.15857
1.15857
1.15857
1.15857
1.15857
1.15857
1.15857
1.15857
1.15857
1.15857
1.15857
1.15857
1.15857
1.15857
1.15857
1.15857
1.15857
1.15857
1.15857
1.15857
1.15857
1.15857
1.15857
1.15857
1.15857
1.15857
1.15857
1.15857
1.15857
1.15857
1.15857
1.15857
1.15857
1.15857
1.15857
1.15857
1.15857
1.15857
1.15857
1.15857
1.15857
1.15857
1.15857
1.15857
1.15857
1.15857
1.15857
1.15857
1.15857
1.15857
1.15857
1.15857
1.15857
1.15857
1.15857
1.15857
1.15857
1.15857
1.15857
1.15857
1.15857
1.15857
1.15857
1.15857
1.15857
1.15857
1.15857
1.15857
1.15857
1.15857
1.15857
1.15857
1.15857
1.15857
1.15857
1.15857
1.15857
1.15857
1.15857
1.15857
1.15857
1.15857
1.15857
1.15857
1.15857
1.15857
1.15857
1.15857
1.15857
1.15857
1.15857
1.15857
1.15857
1.15857
1.15857
1.15857
1.15857
1.15857
1.15857
1.15857
1.15857
1.15857
1.15857
1.15857
1.15857
1.15857
1.15857
1.15857
1.15857
1.15857
1.15857
1.15857
1.15857
1.15857
1.15857
1.15857
1.15857
1.15857
1.15857
1.15857
1.15857
1.15857
1.15857
1.15857
1.15857
1.15857
1.15857
1.15857
1.15857
1.15857
1.15857
1.15857
1.15857
1.15857
1.15857
1.15857
1.15857
1.15857
1.15857
1.15857
1.15857
1.15857
1.15857
1.15857
1.15857
1.15857
1.15857
1.15857
1.15857
1.15857
1.15857
1.15857
1.15857
1.15857
1.15857
1.15857
1.15857
1.15857
1.15857
1.15857
1.15857
1.15857
1.15857
1.15857
1.15857
1.15857
1.15857
1.15857
1.15857
1.15857
1.15857
1.15857
1.15857
1.15857
1.15857
1.15857
1.15857
1.15857
1.15857
1.15857
1.15857
1.15857
1.15857
1.15857
1.15857
1.15857
1.15857
1.15857
1.15857
1.15857
1.15857
1.15858
1.15858
1.15858
1.15858
1.15858
1.15858
1.15858
1.15858
1.15857
1.15857
1.15857
1.15857
1.15857
1.15857
1.15857
1.15857
1.15857
1.15857
1.15857
1.15857
1.15857
1.15857
1.15857
1.15857
1.15857
1.15857
1.15857
1.15857
1.15857
1.15857
1.15857
1.15857
1.15857
1.15857
1.15857
1.15857
1.15857
1.15857
1.15857
1.15857
1.15857
1.15857
1.15857
1.15857
1.15857
1.15857
1.15857
1.15857
1.15857
1.15857
1.15857
1.15857
1.15857
1.15857
1.15857
1.15857
1.15857
1.15857
1.15857
1.15857
1.15857
1.15857
1.15857
1.15857
1.15857
1.15857
1.15857
1.15857
1.15857
1.15857
1.15857
1.15857
1.15857
1.15857
1.15857
1.15857
1.15857
1.15857
1.15857
1.15857
1.15857
1.15857
1.15857
1.15857
1.15857
1.15857
1.15857
1.15857
1.15857
1.15857
1.15857
1.15857
1.15857
1.15857
1.15857
1.15857
1.15857
1.15857
1.15857
1.15857
1.15857
1.15857
1.15857
1.15857
1.15857
1.15857
1.15857
1.15857
1.15857
1.15857
1.15857
1.15857
1.15857
1.15857
1.15857
1.15857
1.15857
1.15857
1.15857
1.15857
1.15857
1.15857
1.15857
1.15857
1.15857
1.15857
1.15857
1.15857
1.15857
1.15857
1.15857
1.15857
1.15857
1.15857
1.15857
1.15857
1.15857
1.15857
1.15857
1.15857
1.15857
1.15857
1.15857
1.15857
1.15857
1.15857
1.15857
1.15857
1.15857
1.15857
1.15857
1.15857
1.15857
1.15857
1.15857
1.15857
1.15857
1.15857
1.15857
1.15857
1.15857
1.15857
1.15857
1.15857
1.15857
1.15857
1.15857
1.15857
1.15857
1.15857
1.15857
1.15857
1.15857
1.15857
1.15857
1.15857
1.15857
1.15857
1.15857
1.15857
1.15857
1.15857
1.15857
1.15857
1.15857
1.15857
1.15857
1.15857
1.15857
1.15857
1.15857
1.15857
1.15857
1.15857
1.15857
1.15857
1.15857
1.15857
1.15857
1.15857
1.15857
1.15857
1.15857
1.15857
1.15857
1.15857
1.15857
1.15857
1.15856
1.15856
1.15856
1.15856
1.15856
1.15856
1.15856
1.15856
1.15856
1.15856
1.15856
1.15856
1.15856
1.15856
1.15856
1.15856
1.15856
1.15856
1.15856
1.15856
1.15856
1.15856
1.15856
1.15856
1.15856
1.15856
1.15856
1.15856
1.15856
1.15856
1.15856
1.15856
1.15856
1.15856
1.15856
1.15856
1.15856
1.15856
1.15856
1.15856
1.15856
1.15856
1.15856
1.15856
1.15856
1.15856
1.15856
1.15856
1.15856
1.15856
1.15856
1.15856
1.15856
1.15856
1.15856
1.15856
1.15856
1.15856
1.15856
1.15856
1.15856
1.15856
1.15856
1.15856
1.15856
1.15856
1.15856
1.15856
1.15856
1.15856
1.15856
1.15856
1.15856
1.15856
1.15856
1.15856
1.15856
1.15856
1.15856
1.15856
1.15856
1.15856
1.15856
1.15856
1.15856
1.15856
1.15856
1.15856
1.15856
1.15856
1.15856
1.15856
1.15856
1.15856
1.15856
1.15856
1.15856
1.15856
1.15856
1.15856
1.15856
1.15856
1.15856
1.15856
1.15856
1.15856
1.15856
1.15856
1.15856
1.15856
1.15856
1.15856
1.15856
1.15856
1.15856
1.15856
1.15856
1.15856
1.15856
1.15856
1.15856
1.15856
1.15856
1.15856
1.15856
1.15856
1.15856
1.15856
1.15856
1.15856
1.15856
1.15856
1.15856
1.15856
1.15856
1.15856
1.15856
1.15856
1.15856
1.15856
1.15856
1.15856
1.15856
1.15856
1.15856
1.15856
1.15856
1.15856
1.15856
1.15856
1.15856
1.15856
1.15856
1.15856
1.15856
1.15856
1.15856
1.15856
1.15856
1.15856
1.15856
1.15856
1.15856
1.15856
1.15856
1.15856
1.15856
1.15856
1.15856
1.15856
1.15856
1.15857
1.15857
1.15857
1.15857
1.15857
1.15857
1.15857
1.15857
1.15857
1.15857
1.15857
1.15857
1.15857
1.15857
1.15857
1.15857
1.15857
1.15857
1.15857
1.15857
1.15857
1.15857
1.15857
1.15857
1.15857
1.15857
1.15857
1.15857
1.15857
1.15856
1.15856
1.15856
1.15856
1.15856
1.15856
1.15856
1.15856
1.15856
1.15856
1.15856
1.15856
1.15856
1.15856
1.15856
1.15856
1.15856
1.15856
1.15856
1.15856
1.15856
1.15856
1.15856
1.15856
1.15856
1.15856
1.15856
1.15856
1.15856
1.15856
1.15856
1.15856
1.15856
1.15856
1.15856
1.15856
1.15856
1.15856
1.15856
1.15856
1.15856
1.15856
1.15856
1.15856
1.15856
1.15856
1.15856
1.15856
1.15856
1.15856
1.15856
1.15856
1.15856
1.15856
1.15856
1.15856
1.15856
1.15856
1.15856
1.15856
1.15856
1.15856
1.15856
1.15856
1.15856
1.15856
1.15856
1.15856
1.15856
1.15856
1.15856
1.15856
1.15856
1.15856
1.15856
1.15856
1.15856
1.15856
1.15856
1.15856
1.15856
1.15856
1.15856
1.15856
1.15856
1.15856
1.15856
1.15856
1.15856
1.15856
1.15856
1.15856
1.15856
1.15856
1.15856
1.15856
1.15856
1.15856
1.15856
1.15856
1.15856
1.15856
1.15856
1.15856
1.15856
1.15856
1.15856
1.15856
1.15856
1.15856
1.15856
1.15856
1.15856
1.15856
1.15856
1.15856
1.15856
1.15856
1.15856
1.15856
1.15856
1.15856
1.15856
1.15856
1.15856
1.15856
1.15856
1.15856
1.15856
1.15856
1.15856
1.15856
1.15856
1.15856
1.15856
1.15856
1.15856
1.15856
1.15856
1.15856
1.15856
1.15856
1.15856
1.15856
1.15856
1.15856
1.15856
1.15856
1.15856
1.15856
1.15856
1.15856
1.15856
1.15856
1.15856
1.15856
1.15856
1.15856
1.15856
1.15856
1.15856
1.15856
1.15856
1.15856
1.15856
1.15856
1.15856
1.15856
1.15856
1.15856
1.15856
1.15856
1.15856
1.15856
1.15856
1.15856
1.15856
1.15856
1.15856
1.15856
1.15856
1.15856
1.15856
1.15856
1.15856
1.15856
1.15856
1.15856
1.15856
1.15856
1.15856
1.15856
1.15856
1.15856
1.15856
1.15856
1.15856
1.15856
1.15856
1.15856
1.15856
1.15856
1.15856
1.15856
1.15856
1.15856
1.15856
1.15856
1.15856
1.15856
1.15856
1.15856
1.15856
1.15856
1.15856
1.15856
1.15856
1.15856
1.15856
1.15856
1.15856
1.15856
1.15856
1.15856
1.15856
1.15856
1.15856
1.15856
1.15856
1.15856
1.15856
1.15856
1.15856
1.15856
1.15856
1.15856
1.15856
1.15856
1.15856
1.15856
1.15856
1.15856
1.15856
1.15856
1.15856
1.15856
1.15856
1.15856
1.15856
1.15856
1.15856
1.15856
1.15856
1.15856
1.15856
1.15856
1.15856
1.15856
1.15856
1.15856
1.15856
1.15856
1.15856
1.15856
1.15856
1.15856
1.15856
1.15856
1.15856
1.15856
1.15856
1.15856
1.15856
1.15856
1.15856
1.15856
1.15856
1.15856
1.15856
1.15856
1.15856
1.15856
1.15856
1.15856
1.15856
1.15856
1.15856
1.15856
1.15856
1.15856
1.15856
1.15856
1.15856
1.15856
1.15856
1.15856
1.15856
1.15856
1.15856
1.15856
1.15856
1.15856
1.15856
1.15856
1.15856
1.15856
1.15856
1.15856
1.15856
1.15856
1.15856
1.15856
1.15856
1.15856
1.15856
1.15856
1.15856
1.15856
1.15856
1.15856
1.15856
1.15856
1.15856
1.15856
1.15856
1.15856
1.15856
1.15856
1.15856
1.15856
1.15856
1.15856
1.15856
1.15856
1.15856
1.15856
1.15856
1.15856
1.15856
1.15856
1.15856
1.15856
1.15856
1.15856
1.15856
1.15856
1.15856
1.15856
1.15856
1.15856
1.15856
1.15856
1.15856
1.15856
1.15856
1.15856
1.15856
1.15856
1.15856
1.15856
1.15856
1.15856
1.15856
1.15856
1.15856
1.15856
1.15856
1.15856
1.15856
1.15856
1.15856
1.15856
1.15856
1.15856
1.15856
1.15856
1.15856
1.15856
1.15856
1.15856
1.15856
1.15856
1.15856
1.15856
1.15856
1.15856
1.15856
1.15856
1.15856
1.15856
1.15856
1.15856
1.15856
1.15856
1.15856
1.15856
1.15856
1.15856
1.15856
1.15856
1.15855
1.15855
1.15855
1.15855
1.15855
1.15855
1.15855
1.15855
1.15855
1.15855
1.15855
1.15855
1.15855
1.15855
1.15855
1.15855
1.15855
1.15855
1.15855
1.15855
1.15855
1.15855
1.15855
1.15855
1.15855
1.15855
1.15855
1.15855
1.15855
1.15855
1.15855
1.15855
1.15855
1.15855
1.15855
1.15855
1.15855
1.15855
1.15855
1.15855
1.15855
1.15855
1.15855
1.15855
1.15855
1.15855
1.15855
1.15855
1.15855
1.15855
1.15855
1.15855
1.15855
1.15855
1.15855
1.15855
1.15855
1.15855
1.15855
1.15855
1.15855
1.15855
1.15855
1.15855
1.15855
1.15855
1.15855
1.15855
1.15855
1.15855
1.15855
1.15855
1.15855
1.15855
1.15855
1.15855
1.15855
1.15855
1.15855
1.15855
1.15855
1.15855
1.15855
1.15855
1.15855
1.15855
1.15855
1.15855
1.15855
1.15855
1.15855
1.15855
1.15855
1.15855
1.15855
1.15855
1.15855
1.15855
1.15855
1.15855
1.15855
1.15855
1.15855
1.15855
1.15855
1.15855
1.15855
1.15855
1.15855
1.15855
1.15855
1.15855
1.15855
1.15855
1.15855
1.15855
1.15855
1.15855
1.15855
1.15855
1.15855
1.15855
1.15855
1.15855
1.15855
1.15855
1.15855
1.15855
1.15855
1.15855
1.15855
1.15855
1.15855
1.15855
1.15855
1.15855
1.15855
1.15855
1.15855
1.15855
1.15855
1.15855
1.15855
1.15855
1.15855
1.15855
1.15855
1.15855
1.15855
1.15855
1.15855
1.15855
1.15855
1.15855
1.15855
1.15855
1.15855
1.15855
1.15855
1.15855
1.15855
1.15855
1.15855
1.15855
1.15855
1.15855
1.15855
1.15855
1.15855
1.15855
1.15855
1.15855
1.15855
1.15855
1.15855
1.15855
1.15855
1.15855
1.15855
1.15855
1.15855
1.15855
1.15855
1.15855
1.15855
1.15855
1.15855
1.15855
1.15855
1.15855
1.15855
1.15855
1.15855
1.15855
1.15855
1.15855
1.15855
1.15855
1.15855
1.15855
1.15855
1.15855
1.15855
1.15855
1.15855
1.15855
1.15855
1.15855
1.15855
1.15855
1.15855
1.15855
1.15855
1.15855
1.15855
1.15855
1.15855
1.15855
1.15855
1.15855
1.15855
1.15855
1.15855
1.15855
1.15855
1.15855
1.15855
1.15855
1.15855
1.15855
1.15855
1.15855
1.15855
1.15855
1.15855
1.15855
1.15855
1.15855
1.15855
1.15855
1.15855
1.15855
1.15855
1.15855
1.15855
1.15855
1.15855
1.15855
1.15855
1.15855
1.15855
1.15855
1.15855
1.15855
1.15855
1.15855
1.15855
1.15855
1.15855
1.15855
1.15855
1.15855
1.15855
1.15855
1.15855
1.15855
1.15855
1.15855
1.15855
1.15855
1.15855
1.15855
1.15855
1.15855
1.15855
1.15855
1.15855
1.15855
1.15855
1.15855
1.15855
1.15855
1.15855
1.15855
1.15855
1.15855
1.15855
1.15855
1.15855
1.15855
1.15855
1.15855
1.15855
1.15855
1.15855
1.15855
1.15855
1.15855
1.15855
1.15855
1.15855
1.15855
1.15855
1.15855
1.15855
1.15855
1.15855
1.15855
1.15855
1.15855
1.15855
1.15855
1.15855
1.15855
1.15855
1.15855
1.15855
1.15855
1.15855
1.15855
1.15855
1.15855
1.15855
1.15855
1.15855
1.15855
1.15855
1.15855
1.15855
1.15855
1.15855
1.15855
1.15855
1.15855
1.15855
1.15855
1.15855
1.15855
1.15855
1.15855
1.15855
1.15855
1.15855
1.15855
1.15855
1.15855
1.15855
1.15855
1.15855
1.15855
1.15855
1.15855
1.15855
1.15855
1.15855
1.15855
1.15855
1.15855
1.15855
1.15855
1.15855
1.15855
1.15855
1.15855
1.15855
1.15855
1.15855
1.15855
1.15855
1.15855
1.15855
1.15855
1.15855
1.15855
1.15855
1.15855
1.15855
1.15855
1.15855
1.15855
1.15855
1.15855
1.15855
1.15855
1.15855
1.15855
1.15855
1.15855
1.15855
1.15855
1.15855
1.15855
1.15855
1.15855
1.15855
1.15855
1.15855
1.15855
1.15855
1.15855
1.15854
1.15854
1.15854
1.15854
1.15854
1.15854
1.15854
1.15854
1.15854
1.15854
1.15854
1.15854
1.15854
1.15854
1.15854
1.15854
1.15854
1.15854
1.15854
1.15854
1.15854
1.15854
1.15854
1.15854
1.15854
1.15854
1.15854
1.15854
1.15854
1.15854
1.15854
1.15854
1.15854
1.15854
1.15854
1.15854
1.15854
1.15854
1.15854
1.15854
1.15854
1.15854
1.15854
1.15854
1.15854
1.15854
1.15854
1.15854
1.15854
1.15854
1.15854
1.15854
1.15854
1.15854
1.15854
1.15854
1.15854
1.15854
1.15854
1.15854
1.15854
1.15854
1.15854
1.15854
1.15854
1.15854
1.15854
1.15854
1.15854
1.15854
1.15854
1.15854
1.15854
1.15854
1.15854
1.15854
1.15854
1.15854
1.15854
1.15854
1.15854
1.15854
1.15854
1.15854
1.15854
1.15854
1.15854
1.15854
1.15854
1.15854
1.15854
1.15854
1.15854
1.15854
1.15854
1.15854
1.15854
1.15854
1.15854
1.15854
1.15854
1.15854
1.15854
1.15854
1.15854
1.15854
1.15854
1.15854
1.15854
1.15854
1.15854
1.15854
1.15854
1.15854
1.15854
1.15854
1.15854
1.15854
1.15854
1.15854
1.15854
1.15854
1.15854
1.15854
1.15854
1.15854
1.15854
1.15854
1.15854
1.15854
1.15854
1.15854
1.15854
1.15854
1.15854
1.15854
1.15854
1.15854
1.15854
1.15854
1.15854
1.15854
1.15854
1.15854
1.15854
1.15854
1.15854
1.15854
1.15854
1.15854
1.15854
1.15854
1.15854
1.15854
1.15854
1.15854
1.15854
1.15854
1.15854
1.15854
1.15854
1.15854
1.15854
1.15854
1.15854
1.15854
1.15854
1.15854
1.15854
1.15854
1.15854
1.15854
1.15854
1.15854
1.15854
1.15854
1.15854
1.15854
1.15854
1.15854
1.15854
1.15854
1.15854
1.15854
1.15854
1.15854
1.15854
1.15854
1.15854
1.15854
1.15854
1.15854
1.15854
1.15854
1.15854
1.15854
1.15854
1.15854
1.15854
1.15854
1.15854
1.15854
1.15854
1.15854
1.15854
1.15854
1.15854
1.15854
1.15854
1.15854
1.15854
1.15854
1.15854
1.15854
1.15854
1.15854
1.15854
1.15854
1.15854
1.15854
1.15854
1.15854
1.15854
1.15854
1.15854
1.15854
1.15854
1.15854
1.15854
1.15854
1.15854
1.15854
1.15854
1.15854
1.15854
1.15854
1.15854
1.15854
1.15854
1.15854
1.15854
1.15854
1.15854
1.15854
1.15854
1.15854
1.15854
1.15854
1.15854
1.15854
1.15854
1.15854
1.15854
1.15854
1.15854
1.15854
1.15854
1.15854
1.15854
1.15854
1.15854
1.15854
1.15854
1.15854
1.15854
1.15854
1.15854
1.15854
1.15854
1.15854
1.15854
1.15854
1.15854
1.15854
1.15854
1.15854
1.15854
1.15854
1.15854
1.15854
1.15854
1.15854
1.15854
1.15854
1.15854
1.15854
1.15854
1.15854
1.15854
1.15854
1.15854
1.15854
1.15854
1.15854
1.15854
1.15854
1.15854
1.15854
1.15854
1.15854
1.15854
1.15854
1.15854
1.15854
1.15854
1.15854
1.15854
1.15854
1.15854
1.15854
1.15854
1.15854
1.15854
1.15854
1.15854
1.15854
1.15854
1.15854
1.15854
1.15854
1.15854
1.15854
1.15854
1.15854
1.15854
1.15854
1.15854
1.15854
1.15854
1.15854
1.15854
1.15854
1.15854
1.15854
1.15854
1.15854
1.15854
1.15854
1.15854
1.15854
1.15854
1.15854
1.15854
1.15854
1.15854
1.15854
1.15854
1.15854
1.15854
1.15854
1.15854
1.15854
1.15854
1.15854
1.15854
1.15854
1.15854
1.15854
1.15854
1.15854
1.15854
1.15854
1.15854
1.15854
1.15854
1.15854
1.15854
1.15854
1.15854
1.15854
1.15854
1.15854
1.15854
1.15854
1.15854
1.15854
1.15854
1.15854
1.15854
1.15854
1.15854
1.15854
1.15854
1.15854
1.15854
1.15854
1.15854
1.15854
1.15854
1.15854
1.15854
1.15854
1.15854
1.15854
1.15854
1.15854
1.15854
1.15854
1.15854
1.15854
1.15853
1.15853
1.15853
1.15853
1.15853
1.15853
1.15853
1.15853
1.15853
1.15853
1.15853
1.15853
1.15853
1.15853
1.15853
1.15853
1.15853
1.15853
1.15853
1.15853
1.15853
1.15853
1.15853
1.15853
1.15853
1.15853
1.15853
1.15853
1.15853
1.15853
1.15853
1.15853
1.15853
1.15853
1.15853
1.15853
1.15853
1.15853
1.15853
1.15853
1.15853
1.15853
1.15853
1.15853
1.15853
1.15853
1.15853
1.15853
1.15853
1.15853
1.15853
1.15853
1.15853
1.15853
1.15853
1.15853
1.15853
1.15853
1.15853
1.15853
1.15853
1.15853
1.15853
1.15853
1.15853
1.15853
1.15853
1.15853
1.15853
1.15853
1.15853
1.15853
1.15853
1.15853
1.15853
1.15853
1.15853
1.15853
1.15853
1.15853
1.15853
1.15853
1.15853
1.15853
1.15853
1.15853
1.15853
1.15853
1.15853
1.15853
1.15853
1.15853
1.15853
1.15853
1.15853
1.15853
1.15853
1.15853
1.15853
1.15853
1.15853
1.15853
1.15853
1.15853
1.15853
1.15853
1.15853
1.15853
1.15853
1.15853
1.15853
1.15853
1.15853
1.15853
1.15853
1.15853
1.15853
1.15853
1.15853
1.15853
1.15853
1.15853
1.15853
1.15853
1.15853
1.15853
1.15853
1.15853
1.15853
1.15853
1.15853
1.15853
1.15853
1.15853
1.15853
1.15853
1.15853
1.15853
1.15853
1.15853
1.15853
1.15853
1.15853
1.15853
1.15853
1.15853
1.15853
1.15853
1.15853
1.15853
1.15853
1.15853
1.15853
1.15853
1.15853
1.15853
1.15853
1.15853
1.15853
1.15853
1.15853
1.15853
1.15853
1.15853
1.15853
1.15853
1.15853
1.15853
1.15853
1.15853
1.15853
1.15853
1.15853
1.15853
1.15853
1.15853
1.15853
1.15854
1.15854
1.15854
1.15854
1.15854
1.15854
1.15854
1.15854
1.15854
1.15854
1.15854
1.15854
1.15854
1.15854
1.15854
1.15854
1.15854
1.15854
1.15854
1.15854
1.15854
1.15854
1.15854
1.15853
1.15853
1.15853
1.15853
1.15853
1.15853
1.15853
1.15853
1.15853
1.15853
1.15853
1.15853
1.15853
1.15853
1.15853
1.15853
1.15853
1.15853
1.15853
1.15853
1.15853
1.15853
1.15853
1.15853
1.15853
1.15853
1.15853
1.15853
1.15853
1.15853
1.15853
1.15853
1.15853
1.15853
1.15853
1.15853
1.15853
1.15853
1.15853
1.15853
1.15853
1.15853
1.15853
1.15853
1.15853
1.15853
1.15853
1.15853
1.15853
1.15853
1.15853
1.15853
1.15853
1.15853
1.15853
1.15853
1.15853
1.15853
1.15853
1.15853
1.15853
1.15853
1.15853
1.15853
1.15853
1.15853
1.15853
1.15853
1.15853
1.15853
1.15853
1.15853
1.15853
1.15853
1.15853
1.15853
1.15853
1.15853
1.15853
1.15853
1.15853
1.15853
1.15853
1.15853
1.15853
1.15853
1.15853
1.15853
1.15853
1.15853
1.15853
1.15853
1.15853
1.15853
1.15853
1.15853
1.15853
1.15853
1.15853
1.15853
1.15853
1.15853
1.15853
1.15853
1.15853
1.15853
1.15853
1.15853
1.15853
1.15853
1.15853
1.15853
1.15853
1.15853
1.15853
1.15853
1.15853
1.15853
1.15853
1.15853
1.15853
1.15853
1.15853
1.15853
1.15853
1.15853
1.15853
1.15853
1.15853
1.15853
1.15853
1.15853
1.15853
1.15853
1.15853
1.15853
1.15853
1.15853
1.15853
1.15853
1.15853
1.15853
1.15853
1.15853
1.15853
1.15853
1.15853
1.15853
1.15853
1.15853
1.15853
1.15853
1.15853
1.15853
1.15853
1.15853
1.15853
1.15853
1.15853
1.15853
1.15853
1.15853
1.15853
1.15853
1.15853
1.15853
1.15853
1.15853
1.15853
1.15853
1.15853
1.15853
1.15853
1.15853
1.15853
1.15853
1.15853
1.15853
1.15853
1.15853
1.15853
1.15853
1.15853
1.15853
1.15853
1.15853
1.15853
1.15853
1.15853
1.15853
1.15853
1.15853
1.15853
1.15853
1.15853
1.15853
1.15853
1.15853
1.15853
1.15853
1.15853
1.15853
1.15853
1.15853
1.15853
1.15853
1.15853
1.15853
1.15853
1.15853
1.15853
1.15853
1.15853
1.15853
1.15853
1.15853
1.15853
1.15853
1.15853
1.15853
1.15853
1.15853
1.15853
1.15853
1.15853
1.15853
1.15853
1.15853
1.15853
1.15853
1.15853
1.15853
1.15853
1.15853
1.15853
1.15853
1.15853
1.15853
1.15853
1.15853
1.15853
1.15853
1.15853
1.15853
1.15853
1.15853
1.15853
1.15853
1.15853
1.15853
1.15853
1.15853
1.15853
1.15853
1.15853
1.15853
1.15853
1.15853
1.15853
1.15853
1.15853
1.15853
1.15853
1.15853
1.15853
1.15853
1.15853
1.15853
1.15853
1.15853
1.15853
1.15853
1.15853
1.15853
1.15853
1.15853
1.15853
1.15853
1.15853
1.15853
1.15853
1.15853
1.15853
1.15853
1.15853
1.15853
1.15853
1.15853
1.15853
1.15853
1.15853
1.15853
1.15853
1.15853
1.15853
1.15853
1.15853
1.15853
1.15853
1.15853
1.15853
1.15853
1.15853
1.15853
1.15853
1.15853
1.15853
1.15853
1.15853
1.15853
1.15853
1.15853
1.15853
1.15853
1.15853
1.15853
1.15853
1.15853
1.15853
1.15853
1.15853
1.15853
1.15853
1.15853
1.15853
1.15853
1.15853
1.15853
1.15853
1.15853
1.15853
1.15853
1.15853
1.15853
1.15853
1.15853
1.15853
1.15853
1.15853
1.15853
1.15853
1.15853
1.15853
1.15853
1.15853
1.15853
1.15853
1.15853
1.15853
1.15853
1.15853
1.15853
1.15853
1.15853
1.15853
1.15853
1.15853
1.15853
1.15853
1.15853
1.15853
1.15853
1.15853
1.15853
1.15853
1.15853
1.15853
1.15853
1.15853
1.15853
1.15853
1.15853
1.15853
1.15853
1.15853
1.15853
1.15853
1.15853
1.15853
1.15853
1.15853
1.15853
1.15853
1.15853
1.15853
1.15853
1.15853
1.15853
1.15853
1.15853
1.15853
1.15853
1.15853
1.15853
1.15853
1.15853
1.15853
1.15853
1.15853
1.15853
1.15852
1.15852
1.15852
1.15852
1.15852
1.15852
1.15852
1.15852
1.15852
1.15852
1.15852
1.15852
1.15852
1.15852
1.15852
1.15852
1.15852
1.15852
1.15852
1.15852
1.15852
1.15852
1.15852
1.15852
1.15852
1.15852
1.15852
1.15852
1.15852
1.15852
1.15852
1.15852
1.15852
1.15852
1.15852
1.15852
1.15852
1.15852
1.15852
1.15852
1.15852
1.15852
1.15852
1.15852
1.15852
1.15852
1.15852
1.15852
1.15852
1.15852
1.15852
1.15852
1.15852
1.15852
1.15852
1.15852
1.15852
1.15852
1.15852
1.15852
1.15852
1.15852
1.15852
1.15852
1.15852
1.15852
1.15852
1.15852
1.15852
1.15852
1.15852
1.15852
1.15852
1.15852
1.15852
1.15852
1.15852
1.15852
1.15852
1.15852
1.15852
1.15852
1.15852
1.15852
1.15852
1.15852
1.15852
1.15852
1.15852
1.15852
1.15852
1.15852
1.15852
1.15852
1.15852
1.15852
1.15852
1.15852
1.15852
1.15852
1.15852
1.15852
1.15852
1.15852
1.15852
1.15852
1.15852
1.15852
1.15852
1.15852
1.15852
1.15852
1.15852
1.15852
1.15852
1.15852
1.15852
1.15852
1.15852
1.15852
1.15852
1.15852
1.15852
1.15852
1.15852
1.15852
1.15852
1.15852
1.15852
1.15852
1.15852
1.15852
1.15852
1.15852
1.15852
1.15852
1.15852
1.15852
1.15852
1.15852
1.15852
1.15852
1.15852
1.15852
1.15852
1.15852
1.15852
1.15852
1.15852
1.15852
1.15852
1.15852
1.15852
1.15852
1.15852
1.15852
1.15852
1.15852
1.15852
1.15852
1.15852
1.15852
1.15852
1.15852
1.15852
1.15852
1.15852
1.15852
1.15852
1.15852
1.15852
1.15852
1.15852
1.15852
1.15852
1.15852
1.15852
1.15852
1.15852
1.15852
1.15852
1.15852
1.15852
1.15852
1.15852
1.15852
1.15852
1.15852
1.15852
1.15852
1.15852
1.15852
1.15852
1.15852
1.15852
1.15852
1.15852
1.15852
1.15852
1.15852
1.15852
1.15852
1.15852
1.15852
1.15852
1.15852
1.15852
1.15852
1.15852
1.15852
1.15852
1.15852
1.15852
1.15852
1.15852
1.15852
1.15852
1.15852
1.15852
1.15852
1.15852
1.15852
1.15852
1.15852
1.15852
1.15852
1.15852
1.15852
1.15852
1.15852
1.15852
1.15852
1.15852
1.15852
1.15852
1.15852
1.15852
1.15852
1.15852
1.15852
1.15852
1.15852
1.15852
1.15852
1.15852
1.15852
1.15852
1.15852
1.15852
1.15852
1.15852
1.15852
1.15852
1.15852
1.15852
1.15852
1.15852
1.15852
1.15852
1.15852
1.15852
1.15852
1.15852
1.15852
1.15852
1.15852
1.15852
1.15852
1.15852
1.15852
1.15852
1.15852
1.15852
1.15852
1.15852
1.15852
1.15852
1.15852
1.15852
1.15852
1.15852
1.15852
1.15852
1.15852
1.15852
1.15852
1.15852
1.15852
1.15852
1.15852
1.15852
1.15852
1.15852
1.15852
1.15852
1.15852
1.15852
1.15852
1.15852
1.15852
1.15852
1.15852
1.15852
1.15852
1.15852
1.15852
1.15852
1.15852
1.15852
1.15852
1.15852
1.15852
1.15852
1.15852
1.15852
1.15852
1.15852
1.15852
1.15852
1.15852
1.15852
1.15852
1.15852
1.15852
1.15852
1.15852
1.15852
1.15852
1.15852
1.15852
1.15852
1.15852
1.15852
1.15852
1.15852
1.15852
1.15852
1.15852
1.15852
1.15852
1.15852
1.15852
1.15852
1.15852
1.15852
1.15852
1.15852
1.15852
1.15852
1.15852
1.15852
1.15852
1.15852
1.15852
1.15852
1.15852
1.15852
1.15852
1.15852
1.15852
1.15852
1.15852
1.15852
1.15852
1.15852
1.15852
1.15852
1.15852
1.15852
1.15852
1.15852
1.15852
1.15852
1.15852
1.15852
1.15852
1.15852
1.15852
1.15852
1.15852
1.15852
1.15852
1.15852
1.15852
1.15852
1.15852
1.15852
1.15852
1.15852
1.15852
1.15852
1.15852
1.15852
1.15852
1.15852
1.15852
1.15852
1.15852
1.15852
1.15852
1.15851
1.15851
1.15851
1.15851
1.15851
1.15851
1.15851
1.15851
1.15851
1.15851
1.15851
1.15851
1.15851
1.15851
1.15851
1.15851
1.15851
1.15851
1.15851
1.15851
1.15851
1.15851
1.15851
1.15851
1.15851
1.15851
1.15851
1.15851
1.15851
1.15851
1.15851
1.15851
1.15851
1.15851
1.15851
1.15851
1.15851
1.15851
1.15851
1.15851
1.15851
1.15851
1.15851
1.15851
1.15851
1.15851
1.15851
1.15851
1.15851
1.15851
1.15851
1.15851
1.15851
1.15851
1.15851
1.15851
1.15851
1.15851
1.15851
1.15851
1.15851
1.15851
1.15851
1.15851
1.15851
1.15851
1.15851
1.15851
1.15851
1.15851
1.15851
1.15851
1.15851
1.15851
1.15851
1.15851
1.15851
1.15851
1.15851
1.15851
1.15851
1.15851
1.15851
1.15851
1.15851
1.15851
1.15851
1.15851
1.15851
1.15851
1.15851
1.15851
1.15851
1.15851
1.15851
1.15851
1.15851
1.15851
1.15851
1.15851
1.15851
1.15851
1.15851
1.15851
1.15851
1.15851
1.15851
1.15851
1.15851
1.15851
1.15851
1.15851
1.15851
1.15851
1.15851
1.15851
1.15851
1.15851
1.15851
1.15851
1.15851
1.15851
1.15851
1.15851
1.15851
1.15851
1.15851
1.15851
1.15851
1.15851
1.15851
1.15851
1.15851
1.15851
1.15851
1.15851
1.15851
1.15851
1.15851
1.15851
1.15851
1.15851
1.15851
1.15851
1.15851
1.15851
1.15851
1.15851
1.15851
1.15851
1.15851
1.15851
1.15851
1.15851
1.15851
1.15851
1.15851
1.15851
1.15851
1.15851
1.15851
1.15851
1.15851
1.15851
1.15851
1.15851
1.15851
1.15851
1.15851
1.15851
1.15851
1.15851
1.15851
1.15851
1.15851
1.15851
1.15851
1.15851
1.15851
1.15851
1.15851
1.15851
1.15851
1.15851
1.15851
1.15851
1.15851
1.15851
1.15851
1.15851
1.15851
1.15851
1.15851
1.15851
1.15851
1.15851
1.15851
1.15851
1.15851
1.15851
1.15851
1.15851
1.15851
1.15851
1.15851
1.15851
1.15851
1.15851
1.15851
1.15851
1.15851
1.15851
1.15851
1.15851
1.15851
1.15851
1.15851
1.15851
1.15851
1.15851
1.15851
1.15851
1.15851
1.15851
1.15851
1.15851
1.15851
1.15851
1.15851
1.15851
1.15851
1.15851
1.15851
1.15851
1.15851
1.15851
1.15851
1.15851
1.15851
1.15851
1.15851
1.15851
1.15851
1.15851
1.15851
1.15851
1.15851
1.15851
1.15851
1.15851
1.15851
1.15851
1.15851
1.15851
1.15851
1.15851
1.15851
1.15851
1.15851
1.15851
1.15851
1.15851
1.15851
1.15851
1.15851
1.15851
1.15851
1.15851
1.15851
1.15851
1.15851
1.15851
1.15851
1.15851
1.15851
1.15851
1.15851
1.15851
1.15851
1.15851
1.15851
1.15851
1.15851
1.15851
1.15851
1.15851
1.15851
1.15851
1.15851
1.15851
1.15851
1.15851
1.15851
1.15851
1.15851
1.15851
1.15851
1.15851
1.15851
1.15851
1.15851
1.15851
1.15851
1.15851
1.15851
1.15851
1.15851
1.15851
1.15851
1.15851
1.15851
1.15851
1.15851
1.15851
1.15851
1.15851
1.15851
1.15851
1.15851
1.15851
1.15851
1.15851
1.15851
1.15851
1.15851
1.15851
1.15851
1.15851
1.15851
1.15851
1.15851
1.15851
1.15851
1.15851
1.15851
1.15851
1.15851
1.15851
1.15851
1.15851
1.15851
1.15851
1.15851
1.15851
1.15851
1.15851
1.15851
1.15851
1.15851
1.15851
1.15851
1.15851
1.15851
1.15851
1.15851
1.15851
1.15851
1.15851
1.15851
1.15851
1.15851
1.15851
1.15851
1.15851
1.15851
1.15851
1.15851
1.15851
1.15851
1.15851
1.15851
1.15851
1.15851
1.15851
1.15851
1.15851
1.15851
1.15851
1.15851
1.15851
1.15851
1.15851
1.15851
1.15851
1.15851
1.15851
1.15851
1.15851
1.15851
1.15851
1.15851
1.15851
1.15851
1.15851
1.15851
1.15851
1.15851
1.15851
1.15851
1.15851
1.1585
1.1585
1.1585
1.1585
1.1585
1.1585
1.1585
1.1585
1.1585
1.1585
1.1585
1.1585
1.1585
1.1585
1.1585
1.1585
1.1585
1.1585
1.1585
1.1585
1.1585
1.1585
1.1585
1.1585
1.1585
1.1585
1.1585
1.1585
1.1585
1.1585
1.1585
1.1585
1.1585
1.1585
1.1585
1.1585
1.1585
1.1585
1.1585
1.1585
1.1585
1.1585
1.1585
1.1585
1.1585
1.1585
1.1585
1.1585
1.1585
1.1585
1.1585
1.1585
1.1585
1.1585
1.1585
1.1585
1.1585
1.1585
1.1585
1.1585
1.1585
1.1585
1.1585
1.1585
1.1585
1.1585
1.1585
1.1585
1.1585
1.1585
1.1585
1.1585
1.1585
1.1585
1.1585
1.1585
1.1585
1.1585
1.1585
1.1585
1.1585
1.1585
1.1585
1.1585
1.1585
1.1585
1.1585
1.1585
1.1585
1.1585
1.1585
1.1585
1.1585
1.1585
1.1585
1.1585
1.1585
1.1585
1.1585
1.1585
1.1585
1.1585
1.1585
1.1585
1.1585
1.1585
1.1585
1.1585
1.1585
1.1585
1.1585
1.1585
1.1585
1.1585
1.1585
1.1585
1.1585
1.1585
1.1585
1.1585
1.1585
1.1585
1.1585
1.1585
1.1585
1.1585
1.1585
1.1585
1.1585
1.1585
1.1585
1.1585
1.1585
1.1585
1.1585
1.1585
1.1585
1.1585
1.1585
1.1585
1.1585
1.1585
1.1585
1.1585
1.1585
1.1585
1.1585
1.1585
1.1585
1.1585
1.1585
1.1585
1.1585
1.1585
1.1585
1.1585
1.1585
1.1585
1.1585
1.1585
1.1585
1.1585
1.1585
1.1585
1.1585
1.1585
1.1585
1.1585
1.1585
1.1585
1.1585
1.1585
1.1585
1.1585
1.1585
1.1585
1.1585
1.1585
1.1585
1.1585
1.1585
1.1585
1.1585
1.1585
1.1585
1.1585
1.1585
1.1585
1.1585
1.15851
1.15851
1.15851
1.15851
1.15851
1.15851
1.15851
1.15851
1.15851
1.15851
1.15851
1.1585
1.1585
1.1585
1.1585
1.1585
1.1585
1.1585
1.1585
1.1585
1.1585
1.1585
1.1585
1.1585
1.1585
1.1585
1.1585
1.1585
1.1585
1.1585
1.1585
1.1585
1.1585
1.1585
1.1585
1.1585
1.1585
1.1585
1.1585
1.1585
1.1585
1.1585
1.1585
1.1585
1.1585
1.1585
1.1585
1.1585
1.1585
1.1585
1.1585
1.1585
1.1585
1.1585
1.1585
1.1585
1.1585
1.1585
1.1585
1.1585
1.1585
1.1585
1.1585
1.1585
1.1585
1.1585
1.1585
1.1585
1.1585
1.1585
1.1585
1.1585
1.1585
1.1585
1.1585
1.1585
1.1585
1.1585
1.1585
1.1585
1.1585
1.1585
1.1585
1.1585
1.1585
1.1585
1.1585
1.1585
1.1585
1.1585
1.1585
1.1585
1.1585
1.1585
1.1585
1.1585
1.1585
1.1585
1.1585
1.1585
1.1585
1.1585
1.1585
1.1585
1.1585
1.1585
1.1585
1.1585
1.1585
1.1585
1.1585
1.1585
1.1585
1.1585
1.1585
1.1585
1.1585
1.1585
1.1585
1.1585
1.1585
1.1585
1.1585
1.1585
1.1585
1.1585
1.1585
1.1585
1.1585
1.1585
1.1585
1.1585
1.1585
1.1585
1.1585
1.1585
1.1585
1.1585
1.1585
1.1585
1.1585
1.1585
1.1585
1.1585
1.1585
1.1585
1.1585
1.1585
1.1585
1.1585
1.1585
1.1585
1.1585
1.1585
1.1585
1.1585
1.1585
1.1585
1.1585
1.1585
1.1585
1.1585
1.1585
1.1585
1.1585
1.1585
1.1585
1.1585
1.1585
1.1585
1.1585
1.1585
1.1585
1.1585
1.1585
1.1585
1.1585
1.1585
1.1585
1.1585
1.1585
1.1585
1.1585
1.1585
1.1585
1.1585
1.1585
1.1585
1.1585
1.1585
1.1585
1.1585
1.1585
1.1585
1.1585
1.1585
1.1585
1.1585
1.1585
1.1585
1.1585
1.1585
1.1585
1.1585
1.1585
1.1585
1.1585
1.1585
1.1585
1.1585
1.1585
1.15849
1.1585
1.1585
1.1585
1.1585
1.1585
1.1585
1.1585
1.1585
1.1585
1.1585
1.1585
1.1585
1.1585
1.1585
1.1585
1.1585
1.1585
1.1585
1.1585
1.1585
1.1585
1.1585
1.1585
1.1585
1.1585
1.1585
1.1585
1.1585
1.1585
1.1585
1.1585
1.1585
1.1585
1.1585
1.1585
1.1585
1.1585
1.1585
1.1585
1.1585
1.1585
1.1585
1.1585
1.1585
1.1585
1.1585
1.1585
1.1585
1.1585
1.1585
1.1585
1.1585
1.1585
1.1585
1.1585
1.1585
1.1585
1.1585
1.1585
1.1585
1.1585
1.1585
1.1585
1.1585
1.1585
1.1585
1.1585
1.1585
1.1585
1.1585
1.1585
1.1585
1.1585
1.1585
1.1585
1.1585
1.1585
1.1585
1.1585
1.1585
1.1585
1.1585
1.1585
1.1585
1.1585
1.1585
1.1585
1.1585
1.1585
1.1585
1.1585
1.1585
1.1585
1.1585
1.1585
1.1585
1.1585
1.1585
1.1585
1.1585
1.1585
1.1585
1.1585
1.1585
1.1585
1.1585
1.1585
1.1585
1.1585
1.1585
1.1585
1.1585
1.1585
1.1585
1.1585
1.1585
1.1585
1.1585
1.1585
1.1585
1.1585
1.1585
1.1585
1.1585
1.1585
1.1585
1.1585
1.1585
1.1585
1.1585
1.1585
1.1585
1.1585
1.1585
1.1585
1.1585
1.1585
1.1585
1.1585
1.1585
1.1585
1.1585
1.1585
1.1585
1.1585
1.1585
1.1585
1.1585
1.1585
1.1585
1.1585
1.1585
1.1585
1.1585
1.1585
1.1585
1.1585
1.1585
1.1585
1.1585
1.1585
1.1585
1.1585
1.1585
1.1585
1.1585
1.1585
1.1585
1.1585
1.1585
1.1585
1.1585
1.1585
1.1585
1.1585
1.1585
1.1585
1.1585
1.1585
1.1585
1.1585
1.1585
1.1585
1.1585
1.1585
1.1585
1.1585
1.1585
1.1585
1.1585
1.1585
1.1585
1.1585
1.1585
1.1585
1.1585
1.1585
1.1585
1.1585
1.15849
1.15845
1.15846
1.15848
1.15849
1.15849
1.15849
1.15849
1.15849
1.15849
1.15849
1.15849
1.15849
1.15849
1.15849
1.15849
1.15849
1.15849
1.15849
1.15849
1.15849
1.15849
1.15849
1.15849
1.15849
1.15849
1.15849
1.15849
1.15849
1.15849
1.15849
1.15849
1.15849
1.15849
1.15849
1.15849
1.15849
1.15849
1.15849
1.15849
1.15849
1.15849
1.15849
1.15849
1.15849
1.15849
1.15849
1.15849
1.15849
1.15849
1.15849
1.15849
1.15849
1.15849
1.15849
1.15849
1.15849
1.15849
1.15849
1.15849
1.15849
1.15849
1.15849
1.15849
1.15849
1.15849
1.15849
1.15849
1.15849
1.15849
1.15849
1.15849
1.15849
1.15849
1.15849
1.15849
1.15849
1.15849
1.15849
1.15849
1.15849
1.15849
1.15849
1.15849
1.15849
1.15849
1.15849
1.15849
1.15849
1.15849
1.15849
1.15849
1.15849
1.15849
1.15849
1.15849
1.15849
1.15849
1.15849
1.15849
1.15849
1.15849
1.15849
1.15849
1.15849
1.15849
1.15849
1.15849
1.15849
1.15849
1.15849
1.15849
1.15849
1.15849
1.15849
1.15849
1.15849
1.15849
1.15849
1.15849
1.15849
1.15849
1.15849
1.15849
1.15849
1.15849
1.15849
1.15849
1.15849
1.15849
1.15849
1.15849
1.15849
1.15849
1.15849
1.15849
1.15849
1.15849
1.15849
1.15849
1.15849
1.15849
1.15849
1.15849
1.15849
1.15849
1.15849
1.15849
1.15849
1.15849
1.15849
1.15849
1.15849
1.15849
1.15849
1.15849
1.15849
1.15849
1.15849
1.15849
1.15849
1.15849
1.15849
1.15849
1.15849
1.15849
1.15849
1.15849
1.15849
1.15849
1.15849
1.15849
1.15849
1.15849
1.15849
1.15849
1.15849
1.15849
1.15849
1.15849
1.15849
1.15849
1.15849
1.15849
1.15849
1.15849
1.15849
1.15849
1.15849
1.15849
1.15849
1.15849
1.15849
1.15849
1.15849
1.15849
1.15849
1.15849
1.15849
1.15849
1.1585
1.15867
1.15865
1.1586
1.15853
1.15849
1.15848
1.15848
1.15848
1.15849
1.15849
1.15849
1.15849
1.15849
1.15849
1.15849
1.15849
1.15849
1.15848
1.15848
1.15848
1.15848
1.15848
1.15848
1.15848
1.15848
1.15849
1.15849
1.15849
1.15849
1.15849
1.15849
1.15849
1.15849
1.15849
1.15849
1.15849
1.15849
1.15849
1.15849
1.15849
1.15849
1.15849
1.15849
1.15849
1.15849
1.15849
1.15849
1.15849
1.15849
1.15849
1.15849
1.15849
1.15849
1.15849
1.15849
1.15849
1.15849
1.15849
1.15849
1.15849
1.15849
1.15849
1.15849
1.15849
1.15849
1.15849
1.15849
1.15849
1.15849
1.15849
1.15849
1.15849
1.15849
1.15849
1.15849
1.15849
1.15849
1.15849
1.15849
1.15849
1.15849
1.15849
1.15849
1.15849
1.15849
1.15849
1.15849
1.15849
1.15849
1.15849
1.15849
1.15849
1.15849
1.15849
1.15849
1.15849
1.15849
1.15849
1.15849
1.15849
1.15849
1.15849
1.15849
1.15849
1.15849
1.15849
1.15849
1.15849
1.15849
1.15849
1.15849
1.15849
1.15849
1.15849
1.15849
1.15849
1.15849
1.15849
1.15849
1.15849
1.15849
1.15849
1.15849
1.15849
1.15849
1.15849
1.15849
1.15849
1.15849
1.15849
1.15849
1.15849
1.15849
1.15849
1.15849
1.15849
1.15849
1.15849
1.15849
1.15849
1.15849
1.15849
1.15849
1.15849
1.15849
1.15849
1.15849
1.15849
1.15849
1.15849
1.15849
1.15849
1.15849
1.15849
1.15849
1.15849
1.15849
1.15849
1.15849
1.15849
1.15849
1.15849
1.15849
1.15849
1.15849
1.15849
1.15849
1.15849
1.15849
1.15849
1.15849
1.15849
1.15849
1.15849
1.15849
1.15849
1.15849
1.15849
1.15849
1.15849
1.15849
1.15849
1.15849
1.15849
1.15849
1.15849
1.15849
1.15849
1.15849
1.15849
1.15849
1.15849
1.15849
1.15849
1.15849
1.15849
1.15849
1.15849
1.15849
1.15828
1.15804
1.15783
1.15784
1.15817
1.15842
1.1585
1.15851
1.15851
1.1585
1.15849
1.15849
1.15848
1.15848
1.15848
1.15847
1.15847
1.15846
1.15845
1.15845
1.15844
1.15843
1.15843
1.15843
1.15844
1.15845
1.15847
1.15848
1.15848
1.15848
1.15848
1.15848
1.15848
1.15848
1.15848
1.15848
1.15848
1.15848
1.15848
1.15848
1.15848
1.15848
1.15848
1.15848
1.15848
1.15848
1.15848
1.15848
1.15848
1.15848
1.15848
1.15848
1.15848
1.15848
1.15848
1.15848
1.15848
1.15848
1.15848
1.15848
1.15848
1.15848
1.15848
1.15848
1.15848
1.15848
1.15848
1.15848
1.15848
1.15848
1.15848
1.15848
1.15848
1.15848
1.15848
1.15848
1.15848
1.15848
1.15848
1.15848
1.15848
1.15848
1.15848
1.15848
1.15848
1.15848
1.15848
1.15848
1.15848
1.15848
1.15848
1.15848
1.15848
1.15848
1.15848
1.15848
1.15848
1.15848
1.15848
1.15848
1.15848
1.15848
1.15848
1.15848
1.15848
1.15848
1.15848
1.15848
1.15848
1.15848
1.15848
1.15848
1.15848
1.15848
1.15848
1.15848
1.15848
1.15848
1.15848
1.15848
1.15848
1.15848
1.15848
1.15848
1.15848
1.15848
1.15848
1.15848
1.15848
1.15848
1.15848
1.15848
1.15848
1.15848
1.15848
1.15848
1.15848
1.15848
1.15848
1.15848
1.15848
1.15848
1.15848
1.15848
1.15848
1.15848
1.15848
1.15848
1.15848
1.15848
1.15848
1.15848
1.15848
1.15848
1.15848
1.15848
1.15848
1.15848
1.15848
1.15848
1.15848
1.15848
1.15848
1.15848
1.15848
1.15848
1.15848
1.15848
1.15848
1.15848
1.15848
1.15848
1.15848
1.15848
1.15848
1.15848
1.15848
1.15848
1.15848
1.15848
1.15848
1.15848
1.15848
1.15848
1.15848
1.15848
1.15848
1.15848
1.15848
1.15848
1.15848
1.15848
1.15848
1.15848
1.15848
1.15848
1.15848
1.15848
1.15848
1.15848
1.15859
1.16126
1.16083
1.16098
1.15971
1.15875
1.15842
1.15832
1.15833
1.15836
1.15839
1.15842
1.15843
1.15843
1.15843
1.15841
1.15839
1.15836
1.15832
1.15827
1.15823
1.15819
1.15818
1.15819
1.15823
1.15829
1.15836
1.15842
1.15845
1.15847
1.15848
1.15848
1.15848
1.15848
1.15848
1.15848
1.15848
1.15848
1.15848
1.15848
1.15848
1.15848
1.15848
1.15848
1.15848
1.15848
1.15848
1.15848
1.15848
1.15848
1.15848
1.15848
1.15848
1.15848
1.15848
1.15848
1.15848
1.15848
1.15848
1.15848
1.15848
1.15848
1.15848
1.15848
1.15848
1.15848
1.15848
1.15848
1.15848
1.15848
1.15848
1.15848
1.15848
1.15848
1.15848
1.15848
1.15848
1.15848
1.15848
1.15848
1.15848
1.15848
1.15848
1.15848
1.15848
1.15848
1.15848
1.15848
1.15848
1.15848
1.15848
1.15848
1.15848
1.15848
1.15848
1.15848
1.15848
1.15848
1.15848
1.15848
1.15848
1.15848
1.15848
1.15848
1.15848
1.15848
1.15848
1.15848
1.15848
1.15848
1.15848
1.15848
1.15848
1.15848
1.15848
1.15848
1.15848
1.15848
1.15848
1.15848
1.15848
1.15848
1.15848
1.15848
1.15848
1.15848
1.15848
1.15848
1.15848
1.15848
1.15848
1.15848
1.15848
1.15848
1.15848
1.15848
1.15848
1.15848
1.15848
1.15848
1.15848
1.15848
1.15848
1.15848
1.15848
1.15848
1.15848
1.15848
1.15848
1.15848
1.15848
1.15848
1.15848
1.15848
1.15848
1.15848
1.15848
1.15848
1.15848
1.15848
1.15848
1.15848
1.15848
1.15848
1.15848
1.15848
1.15848
1.15848
1.15848
1.15848
1.15848
1.15848
1.15848
1.15848
1.15848
1.15848
1.15848
1.15848
1.15848
1.15848
1.15848
1.15848
1.15848
1.15848
1.15848
1.15848
1.15848
1.15848
1.15848
1.15848
1.15848
1.15848
1.15848
1.15848
1.15848
1.15848
1.15848
1.15848
1.15848
1.15848
1.1575
1.15309
1.15542
1.1534
1.1544
1.15669
1.15841
1.15902
1.15908
1.15897
1.15881
1.15867
1.15853
1.15841
1.1583
1.15818
1.15807
1.15793
1.15777
1.1576
1.15744
1.1573
1.15723
1.15724
1.15735
1.15756
1.15783
1.1581
1.15831
1.15842
1.15846
1.15847
1.15847
1.15847
1.15847
1.15847
1.15847
1.15847
1.15847
1.15847
1.15847
1.15847
1.15847
1.15847
1.15847
1.15847
1.15847
1.15847
1.15847
1.15847
1.15847
1.15847
1.15847
1.15847
1.15847
1.15847
1.15847
1.15847
1.15847
1.15847
1.15847
1.15847
1.15847
1.15847
1.15847
1.15847
1.15847
1.15847
1.15847
1.15847
1.15847
1.15847
1.15847
1.15847
1.15847
1.15847
1.15847
1.15847
1.15847
1.15847
1.15847
1.15847
1.15847
1.15847
1.15847
1.15847
1.15847
1.15847
1.15847
1.15847
1.15847
1.15847
1.15847
1.15847
1.15847
1.15847
1.15847
1.15847
1.15847
1.15847
1.15847
1.15847
1.15847
1.15847
1.15847
1.15847
1.15847
1.15847
1.15847
1.15847
1.15847
1.15847
1.15847
1.15847
1.15847
1.15847
1.15847
1.15847
1.15847
1.15847
1.15847
1.15847
1.15847
1.15847
1.15847
1.15847
1.15847
1.15847
1.15847
1.15847
1.15847
1.15847
1.15847
1.15847
1.15847
1.15847
1.15847
1.15847
1.15847
1.15847
1.15847
1.15847
1.15847
1.15847
1.15847
1.15847
1.15847
1.15847
1.15847
1.15847
1.15847
1.15847
1.15847
1.15847
1.15847
1.15847
1.15847
1.15847
1.15847
1.15847
1.15847
1.15847
1.15847
1.15847
1.15847
1.15847
1.15847
1.15847
1.15847
1.15847
1.15847
1.15847
1.15847
1.15847
1.15847
1.15847
1.15847
1.15847
1.15847
1.15847
1.15847
1.15847
1.15847
1.15847
1.15847
1.15847
1.15847
1.15847
1.15847
1.15847
1.15847
1.15847
1.15847
1.15847
1.15847
1.15847
1.15847
1.15847
1.15847
1.15847
1.16837
1.16718
1.16809
1.1651
1.16387
1.16079
1.15811
1.15706
1.15662
1.15653
1.15662
1.15679
1.15697
1.15712
1.15719
1.15714
1.15696
1.15665
1.15623
1.15574
1.15527
1.15487
1.15461
1.15455
1.15474
1.1552
1.15592
1.15681
1.15762
1.15815
1.15838
1.15845
1.15847
1.15847
1.15847
1.15847
1.15847
1.15847
1.15847
1.15847
1.15847
1.15847
1.15847
1.15847
1.15847
1.15847
1.15847
1.15847
1.15847
1.15847
1.15847
1.15847
1.15847
1.15847
1.15847
1.15847
1.15847
1.15847
1.15847
1.15847
1.15847
1.15847
1.15847
1.15847
1.15847
1.15847
1.15847
1.15847
1.15847
1.15847
1.15847
1.15847
1.15847
1.15847
1.15847
1.15847
1.15847
1.15847
1.15847
1.15847
1.15847
1.15847
1.15847
1.15847
1.15847
1.15847
1.15847
1.15847
1.15847
1.15847
1.15847
1.15847
1.15847
1.15847
1.15847
1.15847
1.15847
1.15847
1.15847
1.15847
1.15847
1.15847
1.15847
1.15847
1.15847
1.15847
1.15847
1.15847
1.15847
1.15847
1.15847
1.15847
1.15847
1.15847
1.15847
1.15847
1.15847
1.15847
1.15847
1.15847
1.15847
1.15847
1.15847
1.15847
1.15847
1.15847
1.15847
1.15847
1.15847
1.15847
1.15847
1.15847
1.15847
1.15847
1.15847
1.15847
1.15847
1.15847
1.15847
1.15847
1.15847
1.15847
1.15847
1.15847
1.15847
1.15847
1.15847
1.15847
1.15847
1.15847
1.15847
1.15847
1.15847
1.15847
1.15847
1.15847
1.15847
1.15847
1.15847
1.15847
1.15847
1.15847
1.15847
1.15847
1.15847
1.15847
1.15847
1.15847
1.15847
1.15847
1.15847
1.15847
1.15847
1.15847
1.15847
1.15847
1.15847
1.15847
1.15847
1.15847
1.15847
1.15847
1.15847
1.15847
1.15847
1.15847
1.15847
1.15847
1.15847
1.15847
1.15847
1.15847
1.15847
1.15847
1.15847
1.15847
1.15847
1.15847
1.15847
1.15847
1.13914
1.14059
1.14041
1.14175
1.14342
1.14854
1.15643
1.16115
1.16178
1.16106
1.16026
1.15951
1.15872
1.15788
1.15699
1.15605
1.15508
1.15407
1.15305
1.15204
1.15109
1.15026
1.14962
1.14927
1.14931
1.14983
1.15101
1.15293
1.15521
1.15704
1.15801
1.15836
1.15845
1.15846
1.15847
1.15847
1.15847
1.15847
1.15847
1.15847
1.15847
1.15847
1.15847
1.15847
1.15847
1.15847
1.15847
1.15847
1.15847
1.15847
1.15847
1.15847
1.15847
1.15847
1.15847
1.15847
1.15847
1.15847
1.15847
1.15847
1.15847
1.15847
1.15847
1.15847
1.15847
1.15847
1.15847
1.15847
1.15847
1.15847
1.15847
1.15847
1.15847
1.15847
1.15847
1.15847
1.15847
1.15847
1.15847
1.15847
1.15847
1.15847
1.15847
1.15847
1.15847
1.15847
1.15847
1.15847
1.15847
1.15847
1.15847
1.15847
1.15847
1.15847
1.15847
1.15847
1.15847
1.15847
1.15847
1.15847
1.15847
1.15847
1.15847
1.15847
1.15847
1.15847
1.15847
1.15847
1.15847
1.15847
1.15847
1.15847
1.15847
1.15847
1.15847
1.15847
1.15847
1.15847
1.15847
1.15847
1.15847
1.15847
1.15847
1.15847
1.15847
1.15847
1.15847
1.15847
1.15847
1.15847
1.15847
1.15847
1.15847
1.15847
1.15847
1.15847
1.15847
1.15847
1.15847
1.15847
1.15847
1.15847
1.15847
1.15847
1.15847
1.15847
1.15847
1.15847
1.15847
1.15847
1.15847
1.15847
1.15847
1.15847
1.15847
1.15847
1.15847
1.15847
1.15847
1.15847
1.15847
1.15847
1.15847
1.15847
1.15847
1.15847
1.15847
1.15847
1.15847
1.15847
1.15847
1.15847
1.15847
1.15847
1.15847
1.15847
1.15847
1.15847
1.15847
1.15847
1.15847
1.15847
1.15847
1.15847
1.15847
1.15847
1.15847
1.15847
1.15847
1.15847
1.15847
1.15847
1.15847
1.15847
1.15847
1.15847
1.15847
1.15847
1.15847
1.15847
1.13938
1.13945
1.13932
1.13969
1.13977
1.14065
1.14254
1.14398
1.14496
1.14573
1.14665
1.14788
1.14932
1.15072
1.15178
1.15236
1.15241
1.15205
1.1514
1.1506
1.1497
1.14879
1.14784
1.14664
1.14497
1.14328
1.14293
1.14503
1.14924
1.15372
1.1567
1.15798
1.15836
1.15845
1.15846
1.15846
1.15846
1.15846
1.15846
1.15846
1.15846
1.15846
1.15846
1.15846
1.15846
1.15846
1.15846
1.15846
1.15846
1.15846
1.15846
1.15846
1.15846
1.15846
1.15846
1.15846
1.15846
1.15846
1.15846
1.15846
1.15846
1.15846
1.15846
1.15846
1.15846
1.15846
1.15846
1.15846
1.15846
1.15846
1.15846
1.15846
1.15846
1.15846
1.15846
1.15846
1.15846
1.15846
1.15846
1.15846
1.15846
1.15846
1.15846
1.15846
1.15846
1.15846
1.15846
1.15846
1.15846
1.15846
1.15846
1.15846
1.15846
1.15846
1.15846
1.15846
1.15846
1.15846
1.15846
1.15846
1.15846
1.15846
1.15846
1.15846
1.15846
1.15846
1.15846
1.15846
1.15846
1.15846
1.15846
1.15846
1.15846
1.15846
1.15846
1.15846
1.15846
1.15846
1.15846
1.15846
1.15846
1.15846
1.15846
1.15846
1.15846
1.15846
1.15846
1.15846
1.15846
1.15846
1.15846
1.15846
1.15846
1.15846
1.15846
1.15846
1.15846
1.15846
1.15846
1.15846
1.15846
1.15846
1.15846
1.15846
1.15846
1.15846
1.15846
1.15846
1.15846
1.15846
1.15846
1.15846
1.15846
1.15846
1.15846
1.15846
1.15846
1.15846
1.15846
1.15846
1.15846
1.15846
1.15846
1.15846
1.15846
1.15846
1.15846
1.15846
1.15846
1.15846
1.15846
1.15846
1.15846
1.15846
1.15846
1.15846
1.15846
1.15846
1.15846
1.15846
1.15846
1.15846
1.15846
1.15846
1.15846
1.15846
1.15846
1.15846
1.15846
1.15846
1.15846
1.15846
1.15846
1.15846
1.15846
1.15846
1.15846
1.15846
1.15846
1.15846
1.13937
1.13941
1.13935
1.13941
1.13939
1.13943
1.13968
1.13995
1.14019
1.14042
1.14066
1.14093
1.14126
1.14163
1.14203
1.14243
1.14274
1.14289
1.14287
1.14261
1.1421
1.14156
1.14132
1.14149
1.14168
1.14106
1.13941
1.13852
1.14131
1.14757
1.15356
1.15689
1.1581
1.15839
1.15845
1.15846
1.15846
1.15846
1.15846
1.15846
1.15846
1.15846
1.15846
1.15846
1.15846
1.15846
1.15846
1.15846
1.15846
1.15846
1.15846
1.15846
1.15846
1.15846
1.15846
1.15846
1.15846
1.15846
1.15846
1.15846
1.15846
1.15846
1.15846
1.15846
1.15846
1.15846
1.15846
1.15846
1.15846
1.15846
1.15846
1.15846
1.15846
1.15846
1.15846
1.15846
1.15846
1.15846
1.15846
1.15846
1.15846
1.15846
1.15846
1.15846
1.15846
1.15846
1.15846
1.15846
1.15846
1.15846
1.15846
1.15846
1.15846
1.15846
1.15846
1.15846
1.15846
1.15846
1.15846
1.15846
1.15846
1.15846
1.15846
1.15846
1.15846
1.15846
1.15846
1.15846
1.15846
1.15846
1.15846
1.15846
1.15846
1.15846
1.15846
1.15846
1.15846
1.15846
1.15846
1.15846
1.15846
1.15846
1.15846
1.15846
1.15846
1.15846
1.15846
1.15846
1.15846
1.15846
1.15846
1.15846
1.15846
1.15846
1.15846
1.15846
1.15846
1.15846
1.15846
1.15846
1.15846
1.15846
1.15846
1.15846
1.15846
1.15846
1.15846
1.15846
1.15846
1.15846
1.15846
1.15846
1.15846
1.15846
1.15846
1.15846
1.15846
1.15846
1.15846
1.15846
1.15846
1.15846
1.15846
1.15846
1.15846
1.15846
1.15846
1.15846
1.15846
1.15846
1.15846
1.15846
1.15846
1.15846
1.15846
1.15846
1.15846
1.15846
1.15846
1.15846
1.15846
1.15846
1.15846
1.15846
1.15846
1.15846
1.15846
1.15846
1.15846
1.15846
1.15846
1.15846
1.15846
1.15846
1.15846
1.15846
1.15846
1.15846
1.15846
1.15846
1.13937
1.13938
1.13938
1.13937
1.13937
1.13936
1.13938
1.13941
1.13944
1.13946
1.13949
1.13951
1.13953
1.13957
1.13961
1.13965
1.13969
1.13972
1.13973
1.1397
1.13963
1.13962
1.13967
1.13966
1.13937
1.1387
1.13798
1.13818
1.14054
1.14533
1.15106
1.15545
1.15761
1.15829
1.15843
1.15845
1.15845
1.15845
1.15845
1.15845
1.15845
1.15845
1.15845
1.15845
1.15845
1.15845
1.15845
1.15845
1.15845
1.15845
1.15845
1.15845
1.15845
1.15845
1.15845
1.15845
1.15845
1.15845
1.15845
1.15845
1.15845
1.15845
1.15845
1.15845
1.15845
1.15845
1.15845
1.15845
1.15845
1.15845
1.15845
1.15845
1.15845
1.15845
1.15845
1.15845
1.15845
1.15845
1.15845
1.15845
1.15845
1.15845
1.15845
1.15845
1.15845
1.15845
1.15845
1.15845
1.15845
1.15845
1.15845
1.15845
1.15845
1.15845
1.15845
1.15845
1.15845
1.15845
1.15845
1.15845
1.15845
1.15845
1.15845
1.15845
1.15845
1.15845
1.15845
1.15845
1.15845
1.15845
1.15845
1.15845
1.15845
1.15845
1.15845
1.15845
1.15845
1.15845
1.15845
1.15845
1.15845
1.15845
1.15845
1.15845
1.15845
1.15845
1.15845
1.15845
1.15845
1.15845
1.15845
1.15845
1.15845
1.15845
1.15845
1.15845
1.15845
1.15845
1.15845
1.15845
1.15845
1.15845
1.15845
1.15845
1.15845
1.15845
1.15845
1.15845
1.15845
1.15845
1.15845
1.15845
1.15845
1.15845
1.15845
1.15845
1.15845
1.15845
1.15845
1.15845
1.15845
1.15845
1.15845
1.15845
1.15845
1.15845
1.15845
1.15845
1.15845
1.15845
1.15845
1.15845
1.15845
1.15845
1.15845
1.15845
1.15845
1.15845
1.15845
1.15845
1.15845
1.15845
1.15845
1.15845
1.15845
1.15845
1.15845
1.15845
1.15845
1.15845
1.15845
1.15845
1.15845
1.15845
1.15845
1.15845
1.15845
1.15845
1.15845
1.15845
)
;

boundaryField
{
    inletTop
    {
        type            calculated;
        value           nonuniform List<scalar> 4(1.13937 1.13938 1.13939 1.13939);
    }
    inletBottom
    {
        type            calculated;
        value           nonuniform List<scalar> 4(1.1586 1.15861 1.15861 1.15862);
    }
    outletTop
    {
        type            calculated;
        value           nonuniform List<scalar> 4(1.15847 1.15846 1.15846 1.15845);
    }
    walls
    {
        type            calculated;
        value           nonuniform List<scalar> 
464
(
1.16837
1.1575
1.15859
1.15828
1.1585
1.15849
1.15849
1.1585
1.1585
1.15851
1.15851
1.15852
1.15852
1.15853
1.15853
1.15853
1.15854
1.15854
1.15855
1.15855
1.15856
1.15856
1.15856
1.15857
1.15857
1.15858
1.15858
1.15859
1.15859
1.1586
1.1586
1.1586
1.15845
1.15845
1.15845
1.15845
1.15845
1.15845
1.15845
1.15845
1.15845
1.15845
1.15845
1.15845
1.15845
1.15845
1.15845
1.15845
1.15845
1.15845
1.15845
1.15845
1.15845
1.15845
1.15845
1.15845
1.15845
1.15845
1.15845
1.15845
1.15845
1.15845
1.15845
1.15845
1.15845
1.15845
1.15845
1.15845
1.15845
1.15845
1.15845
1.15845
1.15845
1.15845
1.15845
1.15845
1.15845
1.15845
1.15845
1.15845
1.15845
1.15845
1.15845
1.15845
1.15845
1.15845
1.15845
1.15845
1.15845
1.15845
1.15845
1.15845
1.15845
1.15845
1.15845
1.15845
1.15845
1.15845
1.15845
1.15845
1.15845
1.15845
1.15845
1.15845
1.15845
1.15845
1.15845
1.15845
1.15845
1.15845
1.15845
1.15845
1.15845
1.15845
1.15845
1.15845
1.15845
1.15845
1.15845
1.15845
1.15845
1.15845
1.15845
1.15845
1.15845
1.15845
1.15845
1.15845
1.15845
1.15845
1.15845
1.15845
1.15845
1.15845
1.15845
1.15845
1.15845
1.15845
1.15845
1.15845
1.15845
1.15845
1.15845
1.15845
1.15845
1.15845
1.15845
1.15845
1.15845
1.15845
1.15845
1.15845
1.15845
1.15845
1.15845
1.15845
1.15845
1.15845
1.15845
1.15845
1.15845
1.15845
1.15845
1.15845
1.15845
1.15845
1.15845
1.15845
1.15845
1.15845
1.15845
1.15845
1.15845
1.15845
1.15845
1.15845
1.15845
1.15845
1.15845
1.15845
1.15845
1.15845
1.15845
1.15845
1.15845
1.15845
1.15845
1.15845
1.15845
1.15845
1.15845
1.15845
1.15845
1.15845
1.15845
1.15845
1.15845
1.15843
1.15829
1.15761
1.15545
1.15105
1.14533
1.14054
1.13818
1.13797
1.1387
1.13937
1.13966
1.13967
1.13961
1.13963
1.13969
1.13973
1.13972
1.13969
1.13965
1.13961
1.13956
1.13953
1.13951
1.13948
1.13946
1.13944
1.1394
1.13937
1.13936
1.13936
1.13937
1.13938
1.13938
1.13937
1.15862
1.15862
1.15862
1.15862
1.15862
1.15862
1.15862
1.15862
1.15862
1.15862
1.15863
1.15863
1.15863
1.15862
1.15862
1.15862
1.15862
1.15862
1.15862
1.15862
1.15862
1.15862
1.15862
1.15862
1.15862
1.15862
1.15862
1.15862
1.15862
1.15862
1.15862
1.15862
1.15862
1.15862
1.15862
1.15862
1.15862
1.15862
1.15862
1.15862
1.15862
1.15862
1.15862
1.15862
1.15862
1.15862
1.15862
1.15862
1.15862
1.15862
1.15862
1.15862
1.15862
1.15862
1.15862
1.15862
1.15862
1.15862
1.15862
1.15862
1.15862
1.15862
1.15862
1.15862
1.15862
1.15862
1.15862
1.15862
1.15862
1.15862
1.15862
1.15862
1.15862
1.15862
1.15862
1.15862
1.15862
1.15862
1.15862
1.15862
1.15862
1.15862
1.15862
1.15862
1.15862
1.15862
1.15862
1.15862
1.15862
1.15862
1.15862
1.15862
1.15862
1.15862
1.15862
1.15862
1.15862
1.15862
1.15862
1.15862
1.15862
1.15862
1.15862
1.15862
1.15862
1.15862
1.15862
1.15862
1.15862
1.15862
1.15862
1.15862
1.15862
1.15862
1.15862
1.15862
1.15862
1.15862
1.15862
1.15862
1.15862
1.15862
1.15862
1.15862
1.15862
1.15862
1.15862
1.15862
1.15862
1.15862
1.15862
1.15862
1.15862
1.15862
1.15862
1.15862
1.15862
1.15862
1.15862
1.15862
1.15862
1.15862
1.15862
1.15862
1.15862
1.15862
1.15862
1.15862
1.15862
1.15862
1.15862
1.15862
1.15862
1.15862
1.15862
1.15862
1.15862
1.15862
1.15862
1.15862
1.15862
1.15862
1.15862
1.15862
1.15862
1.15862
1.15862
1.15862
1.15862
1.15862
1.15862
1.15862
1.15862
1.15862
1.15862
1.15862
1.15862
1.15862
1.15862
1.15862
1.15862
1.15862
1.15862
1.15862
1.15862
1.15862
1.15862
1.15862
1.15862
1.15863
1.15862
1.15863
1.15862
1.15863
1.15862
1.15863
1.15862
1.15863
1.15862
1.15863
1.15861
1.1586
1.1586
1.15859
1.15859
1.15858
1.15858
1.15858
1.15857
1.15857
1.15856
1.15856
1.15855
1.15855
1.15854
1.15854
1.15854
1.15853
1.15853
1.15852
1.15852
1.15851
1.15851
1.15851
1.1585
1.1585
1.15849
1.15849
1.15848
1.15848
1.15847
1.15847
)
;
    }
    front
    {
        type            empty;
    }
    back
    {
        type            empty;
    }
    outletBottom
    {
        type            calculated;
        value           nonuniform List<scalar> 4(1.15862 1.15862 1.15862 1.15861);
    }
}


// ************************************************************************* //
