/*--------------------------------*- C++ -*----------------------------------*\
  =========                 |
  \\      /  F ield         | OpenFOAM: The Open Source CFD Toolbox
   \\    /   O peration     | Website:  https://openfoam.org
    \\  /    A nd           | Version:  dev
     \\/     M anipulation  |
\*---------------------------------------------------------------------------*/
FoamFile
{
    version     2.0;
    format      ascii;
    class       volScalarField;
    location    "19";
    object      T;
}
// * * * * * * * * * * * * * * * * * * * * * * * * * * * * * * * * * * * * * //

dimensions      [0 0 0 1 0 0 0];

internalField   nonuniform List<scalar> 
8000
(
300
300
300
300
300
300
300
300
300
300
300
300
300
300
300
300
300
300
300
300
300
300
300
300
300
300
300
300
300
300
300
300
300
300
300
300
300
300
300
300
300
300
300
300
300
300
300
300
300
300
299.999
300
300
300
299.999
300
300
300
299.999
299.999
299.999
300
299.999
299.999
299.999
300
299.999
299.998
299.999
299.999
299.999
299.998
300
299.999
299.999
299.998
300
299.999
299.999
299.998
300
299.999
299.999
299.998
300
299.999
299.999
299.998
300
299.999
299.999
299.998
300
299.999
299.999
299.998
300
299.999
299.999
299.998
300
299.999
299.999
299.998
300
299.999
299.999
299.998
300
299.999
299.999
299.998
300
299.999
299.999
299.998
300
299.999
299.999
299.998
300
299.999
299.999
299.998
300
299.999
299.999
299.998
300
299.999
299.999
299.998
300
299.999
299.999
299.998
300
299.999
299.999
299.998
300
299.999
299.999
299.998
300
299.999
299.999
299.998
300
299.999
299.999
299.998
300
299.999
299.999
299.998
300
299.999
299.999
299.998
300
299.999
299.999
299.998
300
299.999
299.999
299.998
300
299.999
299.999
299.998
300
299.999
299.999
299.998
300
299.999
299.999
299.998
300
299.999
299.999
299.998
300
299.999
299.999
299.998
300
299.999
299.999
299.998
300
299.999
299.999
299.998
300
299.999
299.999
299.998
300
299.999
299.999
299.998
300
299.999
299.999
299.998
300
299.999
299.999
299.998
300
299.999
299.999
299.998
300
299.999
299.999
299.998
300
299.999
299.999
299.998
300
299.999
299.999
299.998
300
299.999
299.999
299.998
300
299.999
299.999
299.998
300
299.999
299.999
299.998
300
299.999
299.999
299.998
300
299.999
299.999
299.998
300
299.999
299.999
299.998
300
299.999
299.999
299.998
300
299.999
299.999
299.998
300
299.999
299.999
299.998
300
299.999
299.999
299.998
300
299.999
299.999
299.998
300
299.999
299.999
299.998
300
299.999
299.999
299.998
300
299.999
299.999
299.998
300
299.999
299.999
299.998
300
299.999
299.999
299.998
300
299.999
299.999
299.998
300
299.999
299.999
299.998
300
299.999
299.999
299.998
300
299.999
299.999
299.998
300
299.999
299.999
299.998
300
299.999
299.999
299.998
300
299.999
299.999
299.998
300
299.999
299.999
299.998
300
299.999
299.999
299.998
300
299.999
299.999
299.998
300
299.999
299.999
299.998
300
299.999
299.999
299.998
300
299.999
299.999
299.998
300
299.999
299.999
299.998
300
299.999
299.999
299.998
300
299.999
299.999
299.998
300
299.999
299.999
299.998
300
299.999
299.999
299.998
300
299.999
299.999
299.998
300
299.999
299.999
299.998
300
299.999
299.999
299.998
300
299.999
299.999
299.998
300
299.999
299.999
299.998
300
299.999
299.999
299.998
300
299.999
299.999
299.998
300
299.999
299.999
299.998
300
299.999
299.999
299.998
300
299.999
299.999
299.998
300
299.999
299.999
299.998
300
299.999
299.999
299.998
300
299.999
299.999
299.998
300
299.999
299.999
299.998
300
299.999
299.999
299.998
300
299.999
299.999
299.998
300
299.999
299.999
299.998
300
299.999
299.999
299.998
300
299.999
299.999
299.998
300
299.999
299.999
299.998
300
299.999
299.999
299.998
300
299.999
299.999
299.998
300
299.999
299.999
299.998
300
299.999
299.999
299.998
300
299.999
299.999
299.998
300
299.999
299.999
299.998
300
299.999
299.999
299.998
300
299.999
299.999
299.998
300
299.999
299.999
299.998
300
299.999
299.999
299.998
300
299.999
299.999
299.998
300
299.999
299.999
299.998
300
299.999
299.999
299.998
300
299.999
299.999
299.998
300
299.999
299.999
299.998
300
299.999
299.999
299.998
300
299.999
299.999
299.998
300
299.999
299.999
299.998
300
299.999
299.999
299.998
300
299.999
299.999
299.998
300
299.999
299.999
299.998
300
299.999
299.999
299.998
300
299.999
299.999
299.998
300
299.999
299.999
299.998
300
299.999
299.999
299.998
300
299.999
299.999
299.998
300
299.999
299.999
299.998
300
299.999
299.999
299.998
300
299.999
299.999
299.998
300
299.999
299.999
299.998
300
299.999
299.999
299.998
300
299.999
299.999
299.998
300
299.999
299.999
299.998
300
299.999
299.999
299.998
300
299.999
299.999
299.998
300
299.999
299.999
299.998
300
299.999
299.999
299.998
300
299.999
299.999
299.998
300
299.999
299.999
299.998
300
299.999
299.999
299.998
300
299.999
299.999
299.998
300
299.999
299.999
299.998
300
299.999
299.999
299.998
300
299.999
299.999
299.998
300
299.999
299.999
299.998
300
299.999
299.999
299.998
300
299.999
299.999
299.998
300
299.999
299.999
299.998
300
299.999
299.999
299.998
300
299.999
299.999
299.998
300
299.999
299.999
299.998
300
299.999
299.999
299.998
300
299.999
299.999
299.998
300
299.999
299.999
299.998
300
299.999
299.999
299.998
300
299.999
299.999
299.998
300
299.999
299.999
299.998
300
299.999
299.999
299.998
300
299.999
299.999
299.998
300
299.999
299.999
299.998
300
299.999
299.999
299.998
300
299.999
299.999
299.998
300
299.999
299.999
299.998
300
299.999
299.999
299.998
300
299.999
299.999
299.998
300
299.999
299.999
299.998
300
299.999
299.999
299.998
300
299.999
299.999
299.998
300
299.999
299.999
299.998
300
299.999
299.998
299.998
300
299.999
299.999
299.998
300
299.999
299.998
299.998
299.999
299.999
299.999
299.998
300
299.999
299.998
299.998
299.999
299.999
299.999
299.998
300
299.999
299.998
299.998
299.999
299.999
299.998
299.998
300
299.999
299.998
299.998
299.999
299.999
299.998
299.998
300
299.999
299.998
299.998
299.999
299.999
299.998
299.998
300
299.999
299.998
299.998
299.999
299.999
299.998
299.997
300
299.999
299.998
299.997
299.999
299.999
299.998
299.997
300
299.999
299.998
299.997
299.999
299.998
299.998
299.997
300
299.999
299.998
299.997
299.999
299.998
299.997
299.996
299.997
299.997
299.997
299.997
299.997
299.997
299.997
299.997
299.998
299.998
299.998
299.999
299.999
299.999
299.999
299.998
299.998
299.998
299.998
299.998
299.998
299.998
299.998
299.998
299.998
299.997
299.997
299.997
299.997
299.997
299.997
299.997
299.997
299.997
299.997
299.997
299.997
299.997
299.997
299.997
299.997
299.997
299.997
299.997
299.997
299.997
299.997
299.997
299.997
299.997
299.997
299.997
299.997
299.997
299.997
299.997
299.997
299.997
299.997
299.997
299.997
299.997
299.997
299.997
299.997
299.997
299.997
299.997
299.997
299.997
299.997
299.997
299.997
299.997
299.997
299.997
299.997
299.997
299.997
299.997
299.997
299.997
299.997
299.997
299.997
299.997
299.997
299.997
299.997
299.997
299.997
299.997
299.997
299.997
299.997
299.997
299.997
299.997
299.997
299.997
299.997
299.997
299.997
299.997
299.997
299.997
299.997
299.997
299.997
299.997
299.997
299.997
299.997
299.997
299.997
299.997
299.997
299.997
299.997
299.997
299.997
299.997
299.997
299.997
299.997
299.997
299.997
299.997
299.997
299.997
299.997
299.997
299.997
299.997
299.997
299.997
299.997
299.997
299.997
299.997
299.997
299.997
299.997
299.997
299.997
299.997
299.997
299.997
299.997
299.997
299.997
299.997
299.997
299.997
299.997
299.997
299.997
299.997
299.997
299.997
299.997
299.997
299.997
299.997
299.997
299.997
299.997
299.997
299.997
299.997
299.997
299.997
299.997
299.997
299.997
299.997
299.997
299.997
299.997
299.997
299.997
299.997
299.997
299.997
299.997
299.997
299.997
299.997
299.997
299.997
299.997
299.997
299.997
299.997
299.997
299.997
299.997
299.996
299.996
299.996
299.997
299.997
299.997
299.997
299.997
299.998
299.998
299.999
299.999
299.999
299.998
299.998
299.998
299.999
299.998
299.998
299.998
299.998
299.997
299.997
299.997
299.997
299.997
299.997
299.997
299.997
299.997
299.997
299.997
299.997
299.997
299.997
299.997
299.997
299.997
299.997
299.997
299.997
299.997
299.997
299.997
299.997
299.997
299.997
299.997
299.997
299.997
299.997
299.997
299.997
299.997
299.997
299.997
299.997
299.997
299.997
299.997
299.997
299.997
299.997
299.997
299.997
299.997
299.997
299.997
299.997
299.997
299.997
299.997
299.997
299.997
299.997
299.997
299.997
299.997
299.997
299.997
299.997
299.997
299.997
299.997
299.997
299.997
299.997
299.997
299.997
299.997
299.997
299.997
299.997
299.997
299.997
299.997
299.997
299.997
299.997
299.997
299.997
299.997
299.997
299.997
299.997
299.997
299.997
299.997
299.997
299.997
299.997
299.997
299.997
299.997
299.997
299.997
299.997
299.997
299.997
299.997
299.997
299.997
299.997
299.997
299.997
299.997
299.997
299.997
299.997
299.997
299.997
299.997
299.997
299.997
299.997
299.997
299.997
299.997
299.997
299.997
299.997
299.997
299.997
299.997
299.997
299.997
299.997
299.997
299.997
299.997
299.997
299.997
299.997
299.997
299.997
299.997
299.997
299.997
299.997
299.997
299.997
299.997
299.997
299.997
299.997
299.997
299.997
299.997
299.997
299.997
299.997
299.997
299.997
299.997
299.997
299.997
299.997
299.997
299.997
299.997
299.997
299.997
299.997
299.997
299.997
299.997
299.997
299.997
299.997
299.997
299.996
299.997
299.996
299.996
299.996
299.996
299.996
299.996
299.996
299.996
299.996
299.996
299.995
299.996
299.996
299.996
299.996
299.997
299.998
299.998
299.998
299.998
299.998
299.998
299.998
299.998
299.998
299.998
299.998
299.997
299.997
299.997
299.997
299.997
299.996
299.996
299.996
299.996
299.996
299.996
299.996
299.996
299.996
299.996
299.996
299.996
299.996
299.996
299.996
299.996
299.996
299.996
299.996
299.996
299.996
299.996
299.996
299.996
299.996
299.996
299.996
299.996
299.996
299.996
299.996
299.996
299.996
299.996
299.996
299.996
299.996
299.996
299.996
299.996
299.996
299.996
299.996
299.996
299.996
299.996
299.996
299.996
299.996
299.996
299.996
299.996
299.996
299.996
299.996
299.996
299.996
299.996
299.996
299.996
299.996
299.996
299.996
299.996
299.996
299.996
299.996
299.996
299.996
299.996
299.996
299.996
299.996
299.996
299.996
299.996
299.996
299.996
299.996
299.996
299.996
299.996
299.996
299.996
299.996
299.996
299.996
299.996
299.996
299.996
299.996
299.996
299.996
299.996
299.996
299.996
299.996
299.996
299.996
299.996
299.996
299.996
299.996
299.996
299.996
299.996
299.996
299.996
299.996
299.996
299.996
299.996
299.996
299.996
299.996
299.996
299.996
299.996
299.996
299.996
299.996
299.996
299.996
299.996
299.996
299.996
299.996
299.996
299.996
299.996
299.996
299.996
299.996
299.996
299.996
299.996
299.996
299.996
299.996
299.996
299.996
299.996
299.996
299.996
299.996
299.996
299.996
299.996
299.996
299.996
299.996
299.996
299.996
299.996
299.996
299.996
299.996
299.996
299.996
299.996
299.996
299.996
299.996
299.996
299.996
299.996
299.996
299.996
299.996
299.996
299.996
299.996
299.995
299.995
299.995
299.995
299.995
299.995
299.995
299.996
299.996
299.996
299.996
299.997
299.997
299.998
299.998
299.997
299.996
299.996
299.997
299.997
299.998
299.998
299.997
299.997
299.996
299.996
299.996
299.996
299.996
299.996
299.996
299.996
299.996
299.996
299.996
299.996
299.996
299.996
299.996
299.996
299.996
299.996
299.996
299.996
299.996
299.996
299.996
299.996
299.996
299.996
299.996
299.996
299.996
299.996
299.996
299.996
299.996
299.996
299.996
299.996
299.996
299.996
299.996
299.996
299.996
299.996
299.996
299.996
299.996
299.996
299.996
299.996
299.996
299.996
299.996
299.996
299.996
299.996
299.996
299.996
299.996
299.996
299.996
299.996
299.996
299.996
299.996
299.996
299.996
299.996
299.996
299.996
299.996
299.996
299.996
299.996
299.996
299.996
299.996
299.996
299.996
299.996
299.996
299.996
299.996
299.996
299.996
299.996
299.996
299.996
299.996
299.996
299.996
299.996
299.996
299.996
299.996
299.996
299.996
299.996
299.996
299.996
299.996
299.996
299.996
299.996
299.996
299.996
299.996
299.996
299.996
299.996
299.996
299.996
299.996
299.996
299.996
299.996
299.996
299.996
299.996
299.996
299.996
299.996
299.996
299.996
299.996
299.996
299.996
299.996
299.996
299.996
299.996
299.996
299.996
299.996
299.996
299.996
299.996
299.996
299.996
299.996
299.996
299.996
299.996
299.996
299.996
299.996
299.996
299.996
299.996
299.996
299.996
299.996
299.996
299.996
299.996
299.996
299.996
299.996
299.996
299.996
299.996
299.996
299.995
299.995
299.995
299.995
299.995
299.995
299.995
299.995
299.995
299.995
299.995
299.995
299.995
299.995
299.995
299.995
299.995
299.995
299.995
299.995
299.995
299.994
299.994
299.995
299.995
299.995
299.995
299.996
299.996
299.997
299.997
299.996
299.996
299.996
299.997
299.997
299.997
299.997
299.997
299.996
299.996
299.996
299.995
299.995
299.995
299.995
299.995
299.995
299.995
299.995
299.995
299.995
299.995
299.995
299.995
299.995
299.995
299.995
299.995
299.995
299.995
299.995
299.995
299.995
299.995
299.995
299.995
299.995
299.995
299.995
299.995
299.995
299.995
299.995
299.995
299.995
299.995
299.995
299.995
299.995
299.995
299.995
299.995
299.995
299.995
299.995
299.995
299.995
299.995
299.995
299.995
299.995
299.995
299.995
299.995
299.995
299.995
299.995
299.995
299.995
299.995
299.995
299.995
299.995
299.995
299.995
299.995
299.995
299.995
299.995
299.995
299.995
299.995
299.995
299.995
299.995
299.995
299.995
299.995
299.995
299.995
299.995
299.995
299.995
299.995
299.995
299.995
299.995
299.995
299.995
299.995
299.995
299.995
299.995
299.995
299.995
299.995
299.995
299.995
299.995
299.995
299.995
299.995
299.995
299.995
299.995
299.995
299.995
299.995
299.995
299.995
299.995
299.995
299.995
299.995
299.995
299.995
299.995
299.995
299.995
299.995
299.995
299.995
299.995
299.995
299.995
299.995
299.995
299.995
299.995
299.995
299.995
299.995
299.995
299.995
299.995
299.995
299.995
299.995
299.995
299.995
299.995
299.995
299.995
299.995
299.995
299.995
299.995
299.995
299.995
299.995
299.995
299.995
299.995
299.995
299.995
299.995
299.995
299.995
299.995
299.995
299.995
299.995
299.995
299.995
299.995
299.995
299.995
299.995
299.995
299.995
299.995
299.995
299.995
299.994
299.994
299.994
299.994
299.994
299.994
299.994
299.994
299.994
299.995
299.995
299.995
299.995
299.995
299.996
299.996
299.997
299.997
299.996
299.996
299.997
299.997
299.997
299.996
299.996
299.995
299.995
299.995
299.995
299.995
299.995
299.995
299.995
299.995
299.995
299.995
299.995
299.995
299.995
299.995
299.994
299.994
299.994
299.994
299.994
299.994
299.994
299.994
299.994
299.994
299.994
299.994
299.994
299.994
299.994
299.994
299.994
299.994
299.994
299.994
299.994
299.994
299.994
299.994
299.994
299.994
299.994
299.994
299.994
299.994
299.994
299.994
299.994
299.994
299.994
299.994
299.994
299.994
299.994
299.994
299.994
299.994
299.994
299.994
299.994
299.994
299.994
299.994
299.994
299.994
299.994
299.994
299.994
299.994
299.994
299.994
299.994
299.994
299.994
299.994
299.994
299.994
299.994
299.994
299.994
299.994
299.994
299.994
299.994
299.994
299.994
299.994
299.994
299.994
299.994
299.994
299.994
299.994
299.994
299.994
299.994
299.994
299.994
299.994
299.994
299.994
299.994
299.994
299.994
299.994
299.994
299.994
299.994
299.994
299.994
299.994
299.994
299.994
299.994
299.994
299.994
299.994
299.994
299.994
299.994
299.994
299.994
299.994
299.994
299.994
299.994
299.994
299.994
299.994
299.994
299.994
299.994
299.994
299.994
299.994
299.994
299.994
299.994
299.994
299.994
299.994
299.994
299.994
299.994
299.994
299.994
299.994
299.994
299.994
299.994
299.994
299.994
299.994
299.994
299.994
299.994
299.994
299.994
299.994
299.994
299.994
299.994
299.994
299.994
299.994
299.994
299.994
299.994
299.994
299.994
299.994
299.994
299.994
299.994
299.994
299.994
299.994
299.994
299.994
299.994
299.993
299.993
299.993
299.993
299.994
299.994
299.994
299.994
299.994
299.995
299.995
299.996
299.996
299.996
299.996
299.996
299.996
299.996
299.995
299.995
299.995
299.994
299.994
299.994
299.994
299.994
299.994
299.994
299.994
299.994
299.994
299.994
299.994
299.994
299.994
299.994
299.994
299.994
299.994
299.994
299.994
299.994
299.994
299.994
299.994
299.994
299.994
299.994
299.994
299.994
299.994
299.994
299.994
299.994
299.994
299.994
299.994
299.994
299.994
299.994
299.994
299.994
299.994
299.994
299.994
299.994
299.994
299.994
299.994
299.994
299.994
299.994
299.994
299.994
299.994
299.994
299.994
299.994
299.994
299.994
299.994
299.994
299.994
299.994
299.994
299.994
299.994
299.994
299.994
299.994
299.994
299.994
299.994
299.994
299.994
299.994
299.994
299.994
299.994
299.994
299.994
299.994
299.994
299.994
299.994
299.994
299.994
299.994
299.994
299.994
299.994
299.994
299.994
299.994
299.994
299.994
299.994
299.994
299.994
299.994
299.994
299.994
299.994
299.994
299.994
299.994
299.994
299.994
299.994
299.994
299.994
299.994
299.994
299.994
299.994
299.994
299.994
299.994
299.994
299.994
299.994
299.994
299.994
299.994
299.994
299.994
299.994
299.994
299.994
299.994
299.994
299.994
299.994
299.994
299.994
299.994
299.994
299.994
299.994
299.994
299.994
299.994
299.994
299.994
299.994
299.994
299.994
299.994
299.994
299.994
299.994
299.994
299.994
299.994
299.994
299.994
299.994
299.994
299.994
299.994
299.994
299.994
299.994
299.994
299.994
299.994
299.994
299.994
299.994
299.994
299.993
299.993
299.993
299.993
299.993
299.993
299.993
299.993
299.993
299.993
299.993
299.993
299.993
299.993
299.993
299.993
299.993
299.993
299.994
299.994
299.994
299.995
299.995
299.995
299.995
299.995
299.995
299.994
299.994
299.994
299.994
299.994
299.994
299.994
299.994
299.994
299.994
299.993
299.993
299.993
299.993
299.993
299.993
299.993
299.993
299.993
299.993
299.993
299.993
299.993
299.993
299.993
299.993
299.993
299.993
299.993
299.993
299.993
299.993
299.993
299.993
299.993
299.993
299.993
299.993
299.993
299.993
299.993
299.993
299.993
299.993
299.993
299.993
299.993
299.993
299.993
299.993
299.993
299.993
299.993
299.993
299.993
299.993
299.993
299.993
299.993
299.993
299.993
299.993
299.993
299.993
299.993
299.993
299.993
299.993
299.993
299.993
299.993
299.993
299.993
299.993
299.993
299.993
299.993
299.993
299.993
299.993
299.993
299.993
299.993
299.993
299.993
299.993
299.993
299.993
299.993
299.993
299.993
299.993
299.993
299.993
299.993
299.993
299.993
299.993
299.993
299.993
299.993
299.993
299.993
299.993
299.993
299.993
299.993
299.993
299.993
299.993
299.993
299.993
299.993
299.993
299.993
299.993
299.993
299.993
299.993
299.993
299.993
299.993
299.993
299.993
299.993
299.993
299.993
299.993
299.993
299.993
299.993
299.993
299.993
299.993
299.993
299.993
299.993
299.993
299.993
299.993
299.993
299.993
299.993
299.993
299.993
299.993
299.993
299.993
299.993
299.993
299.993
299.993
299.993
299.993
299.993
299.993
299.993
299.993
299.993
299.993
299.993
299.993
299.993
299.993
299.993
299.993
299.993
299.993
299.993
299.993
299.993
299.993
299.993
299.993
299.993
299.993
299.993
299.993
299.993
299.993
299.993
299.992
299.992
299.992
299.992
299.992
299.992
299.993
299.993
299.993
299.993
299.993
299.993
299.993
299.994
299.994
299.994
299.994
299.994
299.994
299.993
299.993
299.993
299.993
299.993
299.993
299.993
299.993
299.993
299.993
299.993
299.993
299.993
299.993
299.993
299.993
299.993
299.993
299.993
299.993
299.993
299.993
299.993
299.993
299.993
299.993
299.993
299.993
299.993
299.993
299.993
299.993
299.993
299.993
299.993
299.993
299.993
299.993
299.993
299.993
299.993
299.993
299.993
299.993
299.993
299.993
299.993
299.993
299.993
299.993
299.993
299.993
299.993
299.993
299.993
299.993
299.993
299.993
299.993
299.993
299.993
299.993
299.993
299.993
299.993
299.993
299.993
299.993
299.993
299.993
299.993
299.993
299.993
299.993
299.993
299.993
299.993
299.993
299.993
299.993
299.993
299.993
299.993
299.993
299.993
299.993
299.993
299.993
299.993
299.993
299.993
299.993
299.993
299.993
299.993
299.993
299.993
299.993
299.993
299.993
299.993
299.993
299.993
299.993
299.993
299.993
299.993
299.993
299.993
299.993
299.993
299.993
299.993
299.993
299.993
299.993
299.993
299.993
299.993
299.993
299.993
299.993
299.993
299.993
299.993
299.993
299.993
299.993
299.993
299.993
299.993
299.993
299.993
299.993
299.993
299.993
299.993
299.993
299.993
299.993
299.993
299.993
299.993
299.993
299.993
299.993
299.993
299.993
299.993
299.993
299.993
299.993
299.993
299.993
299.993
299.993
299.993
299.993
299.993
299.993
299.993
299.993
299.993
299.993
299.992
299.992
299.992
299.992
299.992
299.992
299.992
299.992
299.992
299.992
299.992
299.992
299.992
299.992
299.992
299.992
299.992
299.992
299.992
299.992
299.992
299.992
299.992
299.992
299.992
299.992
299.992
299.992
299.992
299.993
299.993
299.993
299.993
299.993
299.993
299.993
299.993
299.993
299.993
299.993
299.992
299.992
299.992
299.992
299.992
299.992
299.992
299.992
299.992
299.992
299.992
299.992
299.992
299.992
299.992
299.992
299.992
299.992
299.992
299.992
299.992
299.992
299.992
299.992
299.992
299.992
299.992
299.992
299.992
299.992
299.992
299.992
299.992
299.992
299.992
299.992
299.992
299.992
299.992
299.992
299.992
299.992
299.992
299.992
299.992
299.992
299.992
299.992
299.992
299.992
299.992
299.992
299.992
299.992
299.992
299.992
299.992
299.992
299.992
299.992
299.992
299.992
299.992
299.992
299.992
299.992
299.992
299.992
299.992
299.992
299.992
299.992
299.992
299.992
299.992
299.992
299.992
299.992
299.992
299.992
299.992
299.992
299.992
299.992
299.992
299.992
299.992
299.992
299.992
299.992
299.992
299.992
299.992
299.992
299.992
299.992
299.992
299.992
299.992
299.992
299.992
299.992
299.992
299.992
299.992
299.992
299.992
299.992
299.992
299.992
299.992
299.992
299.992
299.992
299.992
299.992
299.992
299.992
299.992
299.992
299.992
299.992
299.992
299.992
299.992
299.992
299.992
299.992
299.992
299.992
299.992
299.992
299.992
299.992
299.992
299.992
299.992
299.992
299.992
299.992
299.992
299.992
299.992
299.992
299.992
299.992
299.992
299.992
299.992
299.992
299.992
299.992
299.992
299.992
299.992
299.992
299.992
299.992
299.992
299.992
299.992
299.992
299.992
299.992
299.992
299.992
299.992
299.992
299.992
299.992
299.992
299.992
299.992
299.992
299.992
299.991
299.991
299.991
299.991
299.991
299.991
299.991
299.991
299.992
299.992
299.992
299.992
299.992
299.992
299.992
299.992
299.992
299.992
299.992
299.992
299.992
299.992
299.992
299.992
299.992
299.992
299.992
299.992
299.992
299.992
299.992
299.992
299.992
299.992
299.992
299.992
299.992
299.992
299.992
299.992
299.992
299.991
299.991
299.991
299.991
299.991
299.991
299.991
299.991
299.991
299.991
299.991
299.991
299.991
299.991
299.991
299.991
299.991
299.991
299.991
299.991
299.991
299.991
299.991
299.991
299.991
299.991
299.991
299.991
299.991
299.991
299.991
299.991
299.991
299.991
299.991
299.991
299.991
299.991
299.991
299.991
299.991
299.991
299.991
299.991
299.991
299.991
299.991
299.991
299.991
299.991
299.991
299.991
299.991
299.991
299.991
299.991
299.991
299.991
299.991
299.991
299.991
299.991
299.991
299.991
299.991
299.991
299.991
299.991
299.991
299.991
299.991
299.991
299.991
299.991
299.991
299.991
299.991
299.991
299.991
299.991
299.991
299.991
299.991
299.991
299.991
299.991
299.991
299.991
299.991
299.991
299.991
299.991
299.991
299.991
299.991
299.991
299.991
299.991
299.991
299.991
299.991
299.991
299.991
299.991
299.991
299.991
299.991
299.991
299.991
299.991
299.991
299.991
299.991
299.991
299.991
299.991
299.991
299.991
299.991
299.991
299.991
299.991
299.991
299.991
299.991
299.991
299.991
299.991
299.991
299.991
299.991
299.991
299.991
299.991
299.991
299.991
299.991
299.991
299.991
299.991
299.991
299.991
299.991
299.991
299.991
299.991
299.991
299.991
299.991
299.991
299.991
299.991
299.991
299.991
299.991
299.991
299.991
299.991
299.991
299.991
299.991
299.991
299.991
299.991
299.991
299.991
299.991
299.991
299.991
299.991
299.991
299.991
299.991
299.991
299.991
299.991
299.991
299.991
299.991
299.991
299.991
299.991
299.991
299.991
299.991
299.991
299.991
299.991
299.991
299.991
299.991
299.991
299.991
299.991
299.991
299.991
299.991
299.991
299.991
299.991
299.991
299.991
299.991
299.991
299.991
299.991
299.991
299.991
299.991
299.991
299.991
299.991
299.991
299.991
299.991
299.991
299.991
299.991
299.991
299.991
299.991
299.991
299.991
299.991
299.991
299.991
299.991
299.991
299.991
299.991
299.991
299.991
299.991
299.991
299.991
299.991
299.991
299.991
299.991
299.991
299.991
299.991
299.991
299.991
299.991
299.991
299.991
299.991
299.991
299.991
299.991
299.991
299.991
299.991
299.991
299.991
299.991
299.991
299.991
299.991
299.991
299.991
299.991
299.991
299.991
299.991
299.991
299.991
299.991
299.991
299.991
299.991
299.991
299.991
299.991
299.991
299.991
299.991
299.991
299.991
299.991
299.991
299.991
299.991
299.991
299.991
299.991
299.991
299.991
299.991
299.991
299.991
299.991
299.991
299.991
299.991
299.991
299.991
299.991
299.991
299.991
299.991
299.991
299.991
299.991
299.991
299.991
299.991
299.991
299.991
299.991
299.991
299.991
299.991
299.991
299.991
299.991
299.991
299.991
299.991
299.991
299.991
299.991
299.991
299.991
299.991
299.991
299.991
299.991
299.991
299.991
299.991
299.991
299.991
299.991
299.991
299.991
299.991
299.991
299.991
299.991
299.991
299.991
299.991
299.991
299.991
299.991
299.991
299.991
299.991
299.991
299.991
299.991
299.991
299.99
299.99
299.99
299.99
299.99
299.99
299.99
299.99
299.99
299.99
299.99
299.99
299.99
299.99
299.99
299.99
299.99
299.991
299.991
299.991
299.991
299.991
299.991
299.991
299.991
299.991
299.991
299.991
299.991
299.991
299.991
299.991
299.991
299.991
299.991
299.99
299.99
299.99
299.99
299.99
299.99
299.99
299.99
299.99
299.99
299.99
299.99
299.99
299.99
299.99
299.99
299.99
299.99
299.99
299.99
299.99
299.99
299.99
299.99
299.99
299.99
299.99
299.99
299.99
299.99
299.99
299.99
299.99
299.99
299.99
299.99
299.99
299.99
299.99
299.99
299.99
299.99
299.99
299.99
299.99
299.99
299.99
299.99
299.99
299.99
299.99
299.99
299.99
299.99
299.99
299.99
299.99
299.99
299.99
299.99
299.99
299.99
299.99
299.99
299.99
299.99
299.99
299.99
299.99
299.99
299.99
299.99
299.99
299.99
299.99
299.99
299.99
299.99
299.99
299.99
299.99
299.99
299.99
299.99
299.99
299.99
299.99
299.99
299.99
299.99
299.99
299.99
299.99
299.99
299.99
299.99
299.99
299.99
299.99
299.99
299.99
299.99
299.99
299.99
299.99
299.99
299.99
299.99
299.99
299.99
299.99
299.99
299.99
299.99
299.99
299.99
299.99
299.99
299.99
299.99
299.99
299.99
299.99
299.99
299.99
299.99
299.99
299.99
299.99
299.99
299.99
299.99
299.99
299.99
299.99
299.99
299.99
299.99
299.99
299.99
299.99
299.99
299.99
299.99
299.99
299.99
299.99
299.99
299.99
299.99
299.99
299.99
299.99
299.99
299.99
299.99
299.99
299.99
299.99
299.99
299.99
299.99
299.99
299.99
299.99
299.99
299.99
299.99
299.99
299.99
299.99
299.99
299.99
299.99
299.99
299.99
299.99
299.99
299.99
299.99
299.99
299.99
299.99
299.99
299.99
299.99
299.99
299.99
299.99
299.99
299.99
299.99
299.99
299.99
299.99
299.99
299.99
299.99
299.99
299.99
299.99
299.99
299.99
299.99
299.99
299.99
299.99
299.99
299.99
299.99
299.99
299.99
299.99
299.99
299.99
299.99
299.99
299.99
299.99
299.99
299.99
299.99
299.99
299.99
299.99
299.99
299.99
299.99
299.99
299.99
299.99
299.99
299.99
299.99
299.99
299.99
299.99
299.99
299.99
299.99
299.99
299.99
299.99
299.99
299.99
299.99
299.99
299.99
299.99
299.99
299.99
299.99
299.99
299.99
299.99
299.99
299.99
299.99
299.99
299.99
299.99
299.99
299.99
299.99
299.99
299.99
299.99
299.99
299.99
299.99
299.99
299.99
299.99
299.99
299.99
299.99
299.99
299.99
299.99
299.99
299.99
299.99
299.99
299.99
299.99
299.99
299.99
299.99
299.99
299.99
299.99
299.99
299.99
299.99
299.99
299.99
299.99
299.99
299.99
299.99
299.99
299.99
299.99
299.99
299.99
299.99
299.99
299.99
299.99
299.99
299.99
299.99
299.99
299.99
299.99
299.99
299.99
299.99
299.99
299.99
299.99
299.99
299.99
299.99
299.99
299.99
299.99
299.99
299.99
299.99
299.99
299.99
299.99
299.99
299.99
299.99
299.99
299.99
299.99
299.99
299.99
299.99
299.99
299.99
299.99
299.99
299.99
299.99
299.99
299.99
299.99
299.99
299.99
299.99
299.99
299.99
299.99
299.99
299.989
299.989
299.989
299.989
299.989
299.989
299.989
299.989
299.989
299.989
299.989
299.989
299.989
299.989
299.989
299.989
299.989
299.989
299.989
299.989
299.989
299.989
299.989
299.989
299.989
299.989
299.989
299.989
299.989
299.989
299.989
299.989
299.989
299.989
299.989
299.989
299.989
299.989
299.989
299.989
299.989
299.989
299.989
299.989
299.989
299.989
299.989
299.989
299.989
299.989
299.989
299.989
299.989
299.989
299.989
299.989
299.989
299.989
299.989
299.989
299.989
299.989
299.989
299.989
299.989
299.989
299.989
299.989
299.989
299.989
299.989
299.989
299.989
299.989
299.989
299.989
299.989
299.989
299.989
299.989
299.989
299.989
299.989
299.989
299.989
299.989
299.989
299.989
299.989
299.989
299.989
299.989
299.989
299.989
299.989
299.989
299.989
299.989
299.989
299.989
299.989
299.989
299.989
299.989
299.989
299.989
299.989
299.989
299.989
299.989
299.989
299.989
299.989
299.989
299.989
299.989
299.989
299.989
299.989
299.989
299.989
299.989
299.989
299.989
299.989
299.989
299.989
299.989
299.989
299.989
299.989
299.989
299.989
299.989
299.989
299.989
299.989
299.989
299.989
299.989
299.989
299.989
299.989
299.989
299.989
299.989
299.989
299.989
299.989
299.989
299.989
299.989
299.989
299.989
299.989
299.989
299.989
299.989
299.989
299.989
299.989
299.989
299.989
299.989
299.989
299.989
299.989
299.989
299.989
299.989
299.989
299.989
299.989
299.989
299.989
299.989
299.989
299.989
299.989
299.989
299.989
299.989
299.989
299.989
299.989
299.989
299.989
299.989
299.989
299.989
299.989
299.989
299.989
299.989
299.989
299.989
299.989
299.989
299.989
299.989
299.989
299.989
299.989
299.989
299.989
299.989
299.989
299.989
299.989
299.989
299.989
299.989
299.989
299.989
299.989
299.989
299.989
299.989
299.989
299.989
299.989
299.989
299.989
299.989
299.989
299.989
299.989
299.989
299.989
299.989
299.989
299.989
299.989
299.989
299.989
299.989
299.989
299.989
299.989
299.989
299.989
299.989
299.989
299.989
299.989
299.989
299.989
299.989
299.989
299.989
299.989
299.989
299.989
299.989
299.988
299.988
299.988
299.988
299.988
299.988
299.988
299.988
299.988
299.988
299.988
299.988
299.988
299.988
299.988
299.988
299.988
299.988
299.988
299.988
299.988
299.988
299.988
299.988
299.988
299.988
299.988
299.988
299.988
299.988
299.988
299.988
299.988
299.988
299.989
299.989
299.989
299.989
299.989
299.989
299.989
299.989
299.989
299.989
299.989
299.989
299.989
299.989
299.989
299.989
299.989
299.989
299.989
299.989
299.989
299.989
299.989
299.989
299.989
299.989
299.989
299.989
299.989
299.989
299.989
299.989
299.989
299.989
299.989
299.989
299.989
299.989
299.989
299.989
299.989
299.989
299.989
299.989
299.989
299.989
299.989
299.989
299.989
299.989
299.989
299.989
299.989
299.989
299.989
299.989
299.989
299.989
299.989
299.989
299.989
299.989
299.989
299.989
299.989
299.989
299.989
299.989
299.989
299.989
299.989
299.989
299.989
299.989
299.989
299.989
299.989
299.989
299.989
299.989
299.989
299.989
299.989
299.989
299.989
299.989
299.989
299.989
299.989
299.989
299.989
299.989
299.988
299.988
299.988
299.988
299.988
299.988
299.988
299.988
299.988
299.988
299.988
299.988
299.988
299.988
299.988
299.988
299.988
299.988
299.988
299.988
299.988
299.988
299.988
299.988
299.988
299.988
299.988
299.988
299.988
299.988
299.988
299.988
299.988
299.988
299.988
299.988
299.988
299.988
299.988
299.988
299.988
299.988
299.988
299.988
299.988
299.988
299.988
299.988
299.988
299.988
299.988
299.988
299.988
299.988
299.988
299.988
299.988
299.988
299.988
299.988
299.988
299.988
299.988
299.988
299.988
299.988
299.988
299.988
299.988
299.988
299.988
299.988
299.988
299.988
299.988
299.988
299.988
299.988
299.988
299.988
299.988
299.988
299.988
299.988
299.988
299.988
299.988
299.988
299.988
299.988
299.988
299.988
299.988
299.988
299.988
299.988
299.988
299.988
299.988
299.988
299.988
299.988
299.988
299.988
299.988
299.988
299.988
299.988
299.988
299.988
299.988
299.988
299.988
299.988
299.988
299.988
299.988
299.988
299.988
299.988
299.988
299.988
299.988
299.988
299.988
299.988
299.988
299.988
299.988
299.988
299.988
299.988
299.988
299.988
299.988
299.988
299.988
299.988
299.988
299.988
299.988
299.988
299.988
299.988
299.988
299.988
299.988
299.988
299.988
299.988
299.988
299.988
299.988
299.988
299.988
299.988
299.988
299.988
299.988
299.988
299.988
299.988
299.988
299.988
299.988
299.988
299.988
299.988
299.988
299.988
299.988
299.988
299.988
299.988
299.988
299.988
299.988
299.988
299.988
299.988
299.988
299.988
299.988
299.988
299.988
299.988
299.988
299.988
299.988
299.988
299.988
299.988
299.988
299.988
299.988
299.988
299.988
299.988
299.988
299.988
299.988
299.988
299.988
299.988
299.988
299.988
299.988
299.988
299.988
299.988
299.988
299.988
299.988
299.988
299.988
299.988
299.988
299.988
299.988
299.988
299.988
299.988
299.988
299.988
299.988
299.988
299.988
299.988
299.988
299.988
299.988
299.988
299.987
299.987
299.987
299.987
299.987
299.987
299.987
299.987
299.987
299.988
299.988
299.988
299.988
299.988
299.988
299.988
299.988
299.988
299.988
299.988
299.988
299.988
299.988
299.988
299.988
299.988
299.988
299.987
299.987
299.987
299.987
299.987
299.987
299.987
299.987
299.987
299.987
299.987
299.987
299.987
299.987
299.987
299.987
299.987
299.987
299.987
299.987
299.987
299.987
299.987
299.987
299.987
299.987
299.987
299.987
299.987
299.987
299.987
299.987
299.987
299.987
299.987
299.987
299.987
299.987
299.987
299.987
299.987
299.987
299.987
299.987
299.987
299.987
299.987
299.987
299.987
299.987
299.987
299.987
299.987
299.987
299.987
299.987
299.987
299.987
299.987
299.987
299.987
299.987
299.987
299.987
299.987
299.987
299.987
299.987
299.987
299.987
299.987
299.987
299.987
299.987
299.987
299.987
299.987
299.987
299.987
299.987
299.987
299.987
299.987
299.987
299.987
299.987
299.987
299.987
299.987
299.987
299.987
299.987
299.987
299.987
299.987
299.987
299.987
299.987
299.987
299.987
299.987
299.987
299.987
299.987
299.987
299.987
299.987
299.987
299.987
299.987
299.987
299.987
299.987
299.987
299.987
299.987
299.987
299.987
299.987
299.987
299.987
299.987
299.987
299.987
299.987
299.987
299.987
299.987
299.987
299.987
299.987
299.987
299.987
299.987
299.987
299.987
299.987
299.987
299.987
299.987
299.987
299.987
299.987
299.987
299.987
299.987
299.987
299.987
299.987
299.987
299.987
299.987
299.987
299.987
299.987
299.987
299.987
299.987
299.987
299.987
299.987
299.987
299.987
299.987
299.987
299.987
299.987
299.987
299.987
299.987
299.987
299.987
299.987
299.987
299.987
299.987
299.987
299.987
299.987
299.987
299.987
299.987
299.987
299.987
299.987
299.987
299.987
299.987
299.987
299.987
299.987
299.987
299.987
299.987
299.987
299.987
299.987
299.987
299.987
299.987
299.987
299.987
299.987
299.987
299.987
299.987
299.987
299.987
299.987
299.987
299.987
299.987
299.987
299.987
299.987
299.987
299.987
299.987
299.987
299.987
299.987
299.987
299.987
299.987
299.987
299.987
299.987
299.987
299.987
299.987
299.987
299.987
299.987
299.987
299.987
299.987
299.987
299.987
299.987
299.987
299.987
299.987
299.987
299.987
299.987
299.987
299.987
299.987
299.987
299.987
299.987
299.987
299.987
299.987
299.987
299.987
299.987
299.987
299.987
299.987
299.987
299.987
299.987
299.987
299.987
299.987
299.987
299.987
299.987
299.987
299.987
299.987
299.987
299.987
299.987
299.987
299.987
299.987
299.987
299.987
299.987
299.987
299.987
299.987
299.987
299.987
299.987
299.987
299.987
299.987
299.987
299.987
299.987
299.987
299.987
299.987
299.987
299.987
299.987
299.987
299.987
299.987
299.987
299.987
299.987
299.987
299.987
299.987
299.987
299.987
299.987
299.987
299.987
299.987
299.987
299.987
299.987
299.987
299.987
299.987
299.987
299.987
299.987
299.987
299.987
299.987
299.987
299.987
299.987
299.987
299.987
299.987
299.987
299.987
299.987
299.987
299.987
299.987
299.987
299.987
299.987
299.987
299.987
299.987
299.987
299.987
299.987
299.987
299.987
299.987
299.987
299.987
299.987
299.987
299.987
299.987
299.987
299.987
299.987
299.987
299.987
299.987
299.987
299.987
299.987
299.987
299.986
299.986
299.986
299.986
299.986
299.986
299.986
299.986
299.986
299.986
299.986
299.986
299.986
299.986
299.986
299.986
299.986
299.986
299.986
299.986
299.986
299.986
299.986
299.986
299.986
299.986
299.986
299.986
299.986
299.986
299.986
299.986
299.986
299.986
299.986
299.986
299.986
299.986
299.986
299.986
299.986
299.986
299.986
299.986
299.986
299.986
299.986
299.986
299.986
299.986
299.986
299.986
299.986
299.986
299.986
299.986
299.986
299.986
299.986
299.986
299.986
299.986
299.986
299.986
299.986
299.986
299.986
299.986
299.986
299.986
299.986
299.986
299.986
299.986
299.986
299.986
299.986
299.986
299.986
299.986
299.986
299.986
299.986
299.986
299.986
299.986
299.986
299.986
299.986
299.986
299.986
299.986
299.986
299.986
299.986
299.986
299.986
299.986
299.986
299.986
299.986
299.986
299.986
299.986
299.986
299.986
299.986
299.986
299.986
299.986
299.986
299.986
299.986
299.986
299.986
299.986
299.986
299.986
299.986
299.986
299.986
299.986
299.986
299.986
299.986
299.986
299.986
299.986
299.986
299.986
299.986
299.986
299.986
299.986
299.986
299.986
299.986
299.986
299.986
299.986
299.986
299.986
299.986
299.986
299.986
299.986
299.986
299.986
299.986
299.986
299.986
299.986
299.986
299.986
299.986
299.986
299.986
299.986
299.986
299.986
299.986
299.986
299.986
299.986
299.986
299.986
299.986
299.986
299.986
299.986
299.986
299.986
299.986
299.986
299.986
299.986
299.986
299.986
299.986
299.986
299.986
299.986
299.986
299.986
299.986
299.986
299.986
299.986
299.986
299.986
299.986
299.986
299.986
299.986
299.986
299.986
299.986
299.986
299.986
299.986
299.986
299.986
299.986
299.986
299.986
299.986
299.986
299.986
299.986
299.986
299.986
299.986
299.986
299.986
299.986
299.986
299.986
299.986
299.986
299.986
299.986
299.986
299.986
299.986
299.986
299.986
299.986
299.986
299.986
299.986
299.986
299.986
299.986
299.986
299.986
299.986
299.986
299.986
299.986
299.986
299.986
299.986
299.986
299.986
299.986
299.986
299.986
299.985
299.985
299.985
299.985
299.985
299.985
299.985
299.985
299.985
299.985
299.985
299.985
299.985
299.985
299.985
299.985
299.985
299.985
299.985
299.985
299.985
299.985
299.985
299.985
299.985
299.985
299.986
299.986
299.986
299.986
299.986
299.986
299.986
299.986
299.986
299.986
299.986
299.986
299.986
299.986
299.986
299.986
299.986
299.986
299.986
299.986
299.986
299.986
299.986
299.986
299.986
299.986
299.986
299.986
299.986
299.986
299.986
299.986
299.986
299.986
299.986
299.986
299.986
299.986
299.986
299.986
299.986
299.986
299.986
299.986
299.986
299.986
299.986
299.986
299.986
299.986
299.986
299.986
299.986
299.986
299.986
299.986
299.986
299.986
299.986
299.986
299.986
299.986
299.986
299.986
299.986
299.986
299.986
299.986
299.986
299.986
299.986
299.986
299.986
299.986
299.986
299.986
299.986
299.986
299.986
299.986
299.986
299.986
299.986
299.986
299.986
299.986
299.986
299.986
299.986
299.986
299.986
299.986
299.986
299.986
299.986
299.986
299.986
299.986
299.986
299.986
299.986
299.986
299.986
299.986
299.986
299.986
299.986
299.986
299.986
299.986
299.986
299.986
299.986
299.986
299.985
299.985
299.985
299.985
299.985
299.985
299.985
299.985
299.985
299.985
299.985
299.985
299.985
299.985
299.985
299.985
299.985
299.985
299.985
299.985
299.985
299.985
299.985
299.985
299.985
299.985
299.985
299.985
299.985
299.985
299.985
299.985
299.985
299.985
299.985
299.985
299.985
299.985
299.985
299.985
299.985
299.985
299.985
299.985
299.985
299.985
299.985
299.985
299.985
299.985
299.985
299.985
299.985
299.985
299.985
299.985
299.985
299.985
299.985
299.985
299.985
299.985
299.985
299.985
299.985
299.985
299.985
299.985
299.985
299.985
299.985
299.985
299.985
299.985
299.985
299.985
299.985
299.985
299.985
299.985
299.985
299.985
299.985
299.985
299.985
299.985
299.985
299.985
299.985
299.985
299.985
299.985
299.985
299.985
299.985
299.985
299.985
299.985
299.985
299.985
299.985
299.985
299.985
299.985
299.985
299.985
299.985
299.985
299.985
299.985
299.985
299.985
299.985
299.985
299.985
299.985
299.985
299.985
299.985
299.985
299.985
299.985
299.985
299.985
299.985
299.985
299.985
299.985
299.985
299.985
299.985
299.985
299.985
299.985
299.985
299.985
299.985
299.985
299.985
299.985
299.985
299.985
299.985
299.985
299.985
299.985
299.985
299.985
299.985
299.985
299.985
299.985
299.985
299.985
299.985
299.985
299.985
299.985
299.985
299.985
299.985
299.985
299.985
299.985
299.985
299.985
299.985
299.985
299.985
299.985
299.985
299.985
299.985
299.985
299.985
299.985
299.985
299.985
299.985
299.985
299.985
299.985
299.985
299.985
299.985
299.985
299.985
299.985
299.985
299.985
299.985
299.985
299.985
299.985
299.985
299.985
299.985
299.985
299.985
299.985
299.985
299.985
299.985
299.985
299.985
299.985
299.985
299.985
299.985
299.985
299.985
299.985
299.985
299.985
299.985
299.985
299.985
299.985
299.985
299.985
299.985
299.985
299.985
299.985
299.985
299.985
299.985
299.985
299.985
299.985
299.985
299.985
299.985
299.985
299.985
299.985
299.985
299.985
299.985
299.985
299.984
299.984
299.984
299.984
299.984
299.984
299.984
299.984
299.984
299.984
299.984
299.984
299.984
299.984
299.984
299.984
299.984
299.984
299.984
299.984
299.984
299.984
299.984
299.984
299.984
299.984
299.984
299.984
299.984
299.984
299.984
299.984
299.984
299.984
299.984
299.984
299.984
299.984
299.984
299.984
299.984
299.984
299.984
299.984
299.984
299.984
299.984
299.984
299.984
299.984
299.984
299.984
299.984
299.984
299.984
299.984
299.984
299.984
299.984
299.984
299.984
299.984
299.984
299.984
299.984
299.984
299.984
299.984
299.984
299.984
299.984
299.984
299.984
299.984
299.984
299.984
299.984
299.984
299.984
299.984
299.984
299.984
299.984
299.984
299.984
299.984
299.984
299.984
299.984
299.984
299.984
299.984
299.984
299.984
299.984
299.984
299.984
299.984
299.984
299.984
299.984
299.984
299.984
299.984
299.984
299.984
299.984
299.984
299.984
299.984
299.984
299.984
299.984
299.984
299.984
299.984
299.984
299.984
299.984
299.984
299.984
299.984
299.984
299.984
299.984
299.984
299.984
299.984
299.984
299.984
299.984
299.984
299.984
299.984
299.984
299.984
299.984
299.984
299.984
299.984
299.984
299.984
299.984
299.984
299.984
299.984
299.984
299.984
299.984
299.984
299.984
299.984
299.984
299.984
299.984
299.984
299.984
299.984
299.984
299.984
299.984
299.984
299.984
299.984
299.984
299.984
299.984
299.984
299.984
299.984
299.984
299.984
299.984
299.984
299.984
299.984
299.984
299.984
299.984
299.984
299.984
299.984
299.984
299.984
299.984
299.984
299.984
299.984
299.984
299.984
299.984
299.984
299.984
299.984
299.984
299.984
299.984
299.984
299.984
299.984
299.984
299.984
299.984
299.984
299.984
299.984
299.984
299.984
299.984
299.984
299.984
299.984
299.984
299.984
299.984
299.984
299.984
299.984
299.984
299.984
299.984
299.984
299.984
299.984
299.984
299.984
299.984
299.984
299.984
299.984
299.984
299.984
299.984
299.984
299.984
299.984
299.984
299.984
299.984
299.984
299.984
299.984
299.984
299.984
299.984
299.984
299.984
299.984
299.984
299.984
299.984
299.984
299.984
299.984
299.984
299.984
299.984
299.984
299.984
299.984
299.984
299.984
299.984
299.984
299.984
299.984
299.984
299.984
299.984
299.984
299.984
299.984
299.984
299.984
299.984
299.984
299.984
299.984
299.984
299.984
299.984
299.984
299.984
299.984
299.984
299.984
299.984
299.984
299.984
299.984
299.984
299.984
299.984
299.984
299.984
299.984
299.984
299.984
299.984
299.984
299.984
299.984
299.984
299.984
299.984
299.984
299.984
299.984
299.984
299.984
299.984
299.984
299.984
299.984
299.984
299.984
299.984
299.984
299.984
299.984
299.984
299.984
299.984
299.984
299.984
299.984
299.984
299.984
299.984
299.984
299.984
299.984
299.984
299.984
299.984
299.984
299.984
299.984
299.984
299.984
299.984
299.984
299.984
299.984
299.984
299.984
299.984
299.984
299.984
299.984
299.984
299.984
299.984
299.984
299.984
299.984
299.984
299.984
299.984
299.984
299.984
299.984
299.984
299.984
299.984
299.984
299.984
299.984
299.984
299.984
299.984
299.984
299.984
299.984
299.984
299.984
299.984
299.984
299.984
299.984
299.984
299.984
299.984
299.984
299.984
299.984
299.984
299.984
299.983
299.983
299.983
299.983
299.984
299.984
299.983
299.983
299.983
299.983
299.983
299.983
299.983
299.983
299.983
299.983
299.983
299.983
299.983
299.983
299.983
299.983
299.983
299.983
299.983
299.983
299.983
299.983
299.983
299.983
299.983
299.983
299.983
299.983
299.983
299.983
299.983
299.983
299.983
299.983
299.983
299.983
299.983
299.983
299.983
299.983
299.983
299.983
299.983
299.983
299.983
299.983
299.983
299.983
299.983
299.983
299.983
299.983
299.983
299.983
299.983
299.983
299.983
299.983
299.983
299.983
299.983
299.983
299.983
299.983
299.983
299.983
299.983
299.983
299.983
299.983
299.983
299.983
299.983
299.983
299.983
299.983
299.983
299.983
299.983
299.983
299.983
299.983
299.983
299.983
299.983
299.983
299.983
299.983
299.983
299.983
299.983
299.983
299.983
299.983
299.983
299.983
299.983
299.983
299.983
299.983
299.983
299.983
299.983
299.983
299.983
299.983
299.983
299.983
299.983
299.983
299.983
299.983
299.983
299.983
299.983
299.983
299.983
299.983
299.983
299.983
299.983
299.983
299.983
299.983
299.983
299.983
299.983
299.983
299.983
299.983
299.983
299.983
299.983
299.983
299.983
299.983
299.983
299.983
299.983
299.983
299.983
299.983
299.983
299.983
299.983
299.983
299.983
299.983
299.983
299.983
299.983
299.983
299.983
299.983
299.983
299.983
299.983
299.983
299.983
299.983
299.983
299.983
299.983
299.983
299.983
299.983
299.983
299.983
299.983
299.983
299.983
299.983
299.983
299.983
299.983
299.983
299.983
299.983
299.983
299.983
299.983
299.983
299.983
299.983
299.983
299.983
299.983
299.983
299.983
299.983
299.983
299.983
299.983
299.983
299.983
299.971
299.98
299.981
299.979
299.978
299.982
299.983
299.983
299.983
299.983
299.983
299.983
299.983
299.983
299.983
299.983
299.983
299.983
299.983
299.983
299.983
299.983
299.983
299.983
299.983
299.983
299.983
299.983
299.983
299.983
299.982
299.982
299.982
299.982
299.982
299.982
299.982
299.982
299.982
299.982
299.982
299.982
299.983
299.983
299.983
299.982
299.982
299.982
299.982
299.982
299.982
299.982
299.982
299.983
299.983
299.983
299.983
299.983
299.983
299.983
299.983
299.983
299.983
299.983
299.983
299.983
299.983
299.983
299.983
299.983
299.983
299.983
299.983
299.983
299.983
299.983
299.983
299.983
299.983
299.983
299.983
299.983
299.983
299.983
299.983
299.983
299.983
299.983
299.983
299.983
299.983
299.983
299.983
299.983
299.983
299.983
299.983
299.983
299.983
299.983
299.983
299.983
299.983
299.983
299.983
299.983
299.983
299.983
299.983
299.983
299.983
299.983
299.983
299.983
299.983
299.983
299.983
299.983
299.983
299.983
299.983
299.983
299.983
299.983
299.983
299.983
299.983
299.983
299.983
299.983
299.983
299.983
299.983
299.983
299.983
299.983
299.983
299.983
299.983
299.983
299.983
299.983
299.983
299.983
299.983
299.983
299.983
299.983
299.983
299.983
299.983
299.983
299.983
299.983
299.983
299.983
299.983
299.983
299.983
299.983
299.983
299.983
299.983
299.983
299.983
299.983
299.983
299.983
299.983
299.983
299.983
299.983
299.983
299.983
299.983
299.983
299.983
299.983
299.983
299.983
299.983
299.983
299.983
299.982
299.982
299.982
299.982
299.982
299.982
299.982
299.982
299.982
299.982
299.982
299.982
299.982
299.982
299.982
299.982
299.979
299.86
299.959
299.983
300.018
300.031
299.989
299.98
299.98
299.981
299.981
299.982
299.982
299.982
299.982
299.982
299.982
299.982
299.982
299.982
299.982
299.982
299.982
299.982
299.982
299.982
299.982
299.982
299.982
299.982
299.982
299.982
299.982
299.982
299.982
299.982
299.982
299.982
299.982
299.982
299.982
299.983
299.983
299.983
299.983
299.983
299.983
299.983
299.982
299.982
299.982
299.982
299.982
299.982
299.982
299.982
299.982
299.982
299.982
299.982
299.982
299.982
299.982
299.982
299.982
299.982
299.982
299.982
299.982
299.982
299.982
299.982
299.982
299.982
299.982
299.982
299.982
299.982
299.982
299.982
299.982
299.982
299.982
299.982
299.982
299.982
299.982
299.982
299.982
299.982
299.982
299.982
299.982
299.982
299.982
299.982
299.982
299.982
299.982
299.982
299.982
299.982
299.982
299.982
299.982
299.982
299.982
299.982
299.982
299.982
299.982
299.982
299.982
299.982
299.982
299.982
299.982
299.982
299.982
299.982
299.982
299.982
299.982
299.982
299.982
299.982
299.982
299.982
299.982
299.982
299.982
299.982
299.982
299.982
299.982
299.982
299.982
299.982
299.982
299.982
299.982
299.982
299.982
299.982
299.982
299.982
299.982
299.982
299.982
299.982
299.982
299.982
299.982
299.982
299.982
299.982
299.982
299.982
299.982
299.982
299.982
299.982
299.982
299.982
299.982
299.982
299.982
299.982
299.982
299.982
299.982
299.982
299.982
299.982
299.982
299.982
299.982
299.982
299.982
299.982
299.982
299.982
299.982
299.982
299.982
299.982
299.982
299.982
299.982
299.982
299.982
299.982
299.982
299.982
299.982
299.982
299.982
299.982
299.982
299.982
299.971
299.432
299.807
299.947
299.73
299.689
299.952
299.993
299.989
299.987
299.986
299.985
299.984
299.983
299.982
299.982
299.982
299.982
299.981
299.981
299.981
299.981
299.981
299.981
299.981
299.981
299.981
299.981
299.981
299.981
299.981
299.981
299.982
299.982
299.982
299.982
299.983
299.983
299.984
299.984
299.985
299.986
299.987
299.988
299.989
299.989
299.988
299.987
299.986
299.984
299.983
299.982
299.981
299.981
299.981
299.981
299.981
299.981
299.981
299.981
299.981
299.981
299.981
299.981
299.981
299.981
299.981
299.981
299.981
299.981
299.981
299.981
299.981
299.981
299.981
299.981
299.981
299.981
299.981
299.981
299.981
299.981
299.981
299.981
299.981
299.981
299.981
299.981
299.981
299.981
299.981
299.981
299.981
299.981
299.981
299.981
299.981
299.981
299.981
299.981
299.981
299.981
299.981
299.981
299.981
299.981
299.981
299.981
299.981
299.981
299.981
299.981
299.981
299.981
299.981
299.981
299.981
299.981
299.981
299.981
299.981
299.981
299.981
299.981
299.981
299.981
299.981
299.981
299.981
299.981
299.981
299.981
299.981
299.981
299.981
299.981
299.981
299.981
299.981
299.981
299.981
299.981
299.981
299.981
299.981
299.981
299.981
299.981
299.981
299.981
299.981
299.981
299.981
299.981
299.981
299.981
299.981
299.981
299.981
299.981
299.981
299.981
299.981
299.981
299.981
299.981
299.981
299.981
299.981
299.981
299.981
299.981
299.981
299.981
299.981
299.981
299.981
299.981
299.981
299.981
299.981
299.981
299.981
299.981
299.981
299.981
299.981
299.981
299.981
299.981
299.981
299.981
299.981
299.981
299.981
299.981
299.981
299.981
299.981
299.981
299.955
298.924
299.597
299.328
300.434
300.599
300.136
299.933
299.955
299.962
299.963
299.966
299.97
299.973
299.976
299.977
299.979
299.98
299.98
299.981
299.981
299.982
299.982
299.982
299.982
299.982
299.983
299.983
299.983
299.983
299.983
299.983
299.984
299.984
299.985
299.986
299.988
299.99
299.993
299.997
300.002
300.007
300.012
300.017
300.02
300.022
300.02
300.015
300.007
299.999
299.991
299.985
299.982
299.981
299.981
299.981
299.981
299.981
299.981
299.981
299.981
299.981
299.981
299.981
299.981
299.981
299.981
299.981
299.981
299.981
299.981
299.981
299.981
299.981
299.981
299.981
299.981
299.981
299.981
299.981
299.981
299.981
299.981
299.981
299.981
299.981
299.981
299.981
299.981
299.981
299.981
299.981
299.981
299.981
299.981
299.981
299.981
299.981
299.981
299.981
299.981
299.981
299.981
299.981
299.981
299.981
299.981
299.981
299.981
299.981
299.981
299.981
299.981
299.981
299.981
299.981
299.981
299.981
299.981
299.981
299.981
299.981
299.981
299.981
299.981
299.981
299.981
299.981
299.981
299.981
299.981
299.981
299.981
299.981
299.981
299.981
299.981
299.981
299.981
299.981
299.981
299.981
299.981
299.981
299.981
299.981
299.981
299.981
299.981
299.981
299.981
299.981
299.981
299.981
299.981
299.981
299.981
299.981
299.981
299.981
299.981
299.981
299.981
299.981
299.981
299.981
299.981
299.981
299.981
299.981
299.981
299.981
299.981
299.981
299.981
299.981
299.981
299.981
299.981
299.981
299.981
299.981
299.981
299.981
299.981
299.981
299.981
299.981
299.981
299.981
299.981
299.981
299.981
299.981
299.981
299.981
299.981
299.981
299.981
299.981
299.05
298.821
299.424
297.846
299.252
299.623
299.772
300.115
300.032
300.028
300.043
300.041
300.028
300.014
300.003
299.996
299.991
299.987
299.984
299.982
299.98
299.978
299.978
299.977
299.977
299.978
299.978
299.98
299.981
299.983
299.985
299.988
299.991
299.996
300.001
300.008
300.016
300.025
300.038
300.052
300.069
300.088
300.109
300.128
300.143
300.152
300.15
300.135
300.109
300.074
300.039
300.01
299.992
299.984
299.981
299.98
299.98
299.98
299.98
299.98
299.98
299.98
299.98
299.98
299.98
299.98
299.98
299.98
299.98
299.98
299.98
299.98
299.98
299.98
299.98
299.98
299.98
299.98
299.98
299.98
299.98
299.98
299.98
299.98
299.98
299.98
299.98
299.98
299.98
299.98
299.98
299.98
299.98
299.98
299.98
299.98
299.98
299.98
299.98
299.98
299.98
299.98
299.98
299.98
299.98
299.98
299.98
299.98
299.98
299.98
299.98
299.98
299.98
299.98
299.98
299.98
299.98
299.98
299.98
299.98
299.98
299.98
299.98
299.98
299.98
299.98
299.98
299.98
299.98
299.98
299.98
299.98
299.98
299.98
299.98
299.98
299.98
299.98
299.98
299.98
299.98
299.98
299.98
299.98
299.98
299.98
299.98
299.98
299.98
299.98
299.98
299.98
299.98
299.98
299.98
299.98
299.98
299.98
299.98
299.98
299.98
299.98
299.98
299.98
299.98
299.98
299.98
299.98
299.98
299.98
299.98
299.98
299.98
299.98
299.98
299.98
299.98
299.98
299.98
299.98
299.98
299.98
299.98
299.98
299.98
299.98
299.98
299.98
299.98
299.98
299.98
299.98
299.98
299.98
299.98
299.98
299.98
299.98
299.98
299.98
298.891
300.371
299.852
302.196
299.917
300.608
300.695
299.787
299.844
299.81
299.785
299.785
299.832
299.874
299.905
299.929
299.947
299.962
299.973
299.984
299.993
300.001
300.008
300.015
300.021
300.026
300.031
300.035
300.039
300.043
300.047
300.052
300.059
300.067
300.079
300.095
300.117
300.145
300.18
300.223
300.273
300.33
300.389
300.448
300.499
300.533
300.542
300.516
300.452
300.354
300.237
300.126
300.045
300.002
299.985
299.981
299.98
299.98
299.98
299.98
299.98
299.98
299.98
299.98
299.98
299.98
299.98
299.98
299.98
299.98
299.98
299.98
299.98
299.98
299.98
299.98
299.98
299.98
299.98
299.98
299.98
299.98
299.98
299.98
299.98
299.98
299.98
299.98
299.98
299.98
299.98
299.98
299.98
299.98
299.98
299.98
299.98
299.98
299.98
299.98
299.98
299.98
299.98
299.98
299.98
299.98
299.98
299.98
299.98
299.98
299.98
299.98
299.98
299.98
299.98
299.98
299.98
299.98
299.98
299.98
299.98
299.98
299.98
299.98
299.98
299.98
299.98
299.98
299.98
299.98
299.98
299.98
299.98
299.98
299.98
299.98
299.98
299.98
299.98
299.98
299.98
299.98
299.98
299.98
299.98
299.98
299.98
299.98
299.98
299.98
299.98
299.98
299.98
299.98
299.98
299.98
299.98
299.98
299.98
299.98
299.98
299.98
299.98
299.98
299.98
299.98
299.98
299.98
299.98
299.98
299.98
299.98
299.98
299.98
299.98
299.98
299.98
299.98
299.98
299.98
299.98
299.98
299.98
299.98
299.98
299.98
299.98
299.98
299.98
299.98
299.98
299.98
299.98
299.98
299.98
299.98
299.98
299.98
299.98
299.98
300.467
299.376
299.209
298.888
298.705
298.388
298.799
299.421
299.984
299.513
300.294
300.323
300.292
300.267
300.245
300.223
300.201
300.178
300.155
300.131
300.109
300.09
300.074
300.065
300.061
300.062
300.065
300.07
300.077
300.087
300.102
300.123
300.152
300.188
300.234
300.29
300.357
300.436
300.527
300.629
300.741
300.863
300.99
301.117
301.238
301.337
301.397
301.391
301.298
301.109
300.841
300.536
300.265
300.09
300.012
299.986
299.98
299.979
299.979
299.979
299.979
299.979
299.979
299.979
299.979
299.979
299.979
299.979
299.979
299.979
299.979
299.979
299.979
299.979
299.979
299.979
299.979
299.979
299.979
299.979
299.979
299.979
299.979
299.979
299.979
299.979
299.979
299.979
299.979
299.979
299.979
299.979
299.979
299.979
299.979
299.979
299.979
299.979
299.979
299.979
299.979
299.979
299.979
299.979
299.979
299.979
299.979
299.979
299.979
299.979
299.979
299.979
299.979
299.979
299.979
299.979
299.979
299.979
299.979
299.979
299.979
299.979
299.979
299.979
299.979
299.979
299.979
299.979
299.979
299.979
299.979
299.979
299.979
299.979
299.979
299.979
299.979
299.979
299.979
299.979
299.979
299.979
299.979
299.979
299.979
299.979
299.979
299.979
299.979
299.979
299.979
299.979
299.979
299.979
299.979
299.979
299.979
299.979
299.979
299.979
299.979
299.979
299.979
299.979
299.979
299.979
299.979
299.979
299.979
299.979
299.979
299.979
299.979
299.979
299.979
299.979
299.979
299.979
299.979
299.979
299.979
299.979
299.979
299.979
299.979
299.979
299.979
299.979
299.979
299.979
299.979
299.979
299.979
299.979
299.979
299.979
299.979
299.979
299.979
299.979
304.986
304.861
304.838
304.776
304.751
304.861
304.423
302.825
300.224
298.921
299.674
300.084
300.136
300.144
300.157
300.174
300.186
300.187
300.178
300.169
300.176
300.212
300.278
300.358
300.433
300.491
300.533
300.563
300.589
300.615
300.644
300.677
300.716
300.762
300.816
300.877
300.949
301.033
301.129
301.239
301.365
301.507
301.668
301.851
302.061
302.294
302.522
302.683
302.696
302.516
302.137
301.575
300.927
300.404
300.12
300.014
299.986
299.98
299.979
299.979
299.978
299.978
299.979
299.979
299.979
299.979
299.979
299.979
299.979
299.979
299.979
299.979
299.979
299.979
299.979
299.979
299.979
299.979
299.979
299.979
299.979
299.979
299.979
299.979
299.979
299.979
299.979
299.979
299.979
299.979
299.979
299.979
299.979
299.979
299.979
299.979
299.979
299.979
299.979
299.979
299.979
299.979
299.979
299.979
299.979
299.979
299.979
299.979
299.979
299.979
299.979
299.979
299.979
299.979
299.979
299.979
299.979
299.979
299.979
299.979
299.979
299.979
299.979
299.979
299.979
299.979
299.979
299.979
299.979
299.979
299.979
299.979
299.979
299.979
299.979
299.979
299.979
299.979
299.979
299.979
299.979
299.979
299.979
299.979
299.979
299.979
299.979
299.979
299.979
299.979
299.979
299.979
299.979
299.979
299.979
299.979
299.979
299.979
299.979
299.979
299.979
299.979
299.979
299.979
299.979
299.979
299.979
299.979
299.979
299.979
299.979
299.979
299.979
299.979
299.979
299.979
299.979
299.978
299.978
299.978
299.978
299.978
299.978
299.978
299.978
299.978
299.978
299.978
299.978
299.978
299.978
299.978
299.978
299.978
299.978
299.978
299.978
299.978
299.979
299.979
305.034
304.982
304.997
305.016
304.941
305.063
304.881
304.989
304.17
304.111
303.998
303.95
303.927
303.899
303.86
303.819
303.782
303.74
303.693
303.643
303.537
303.294
302.922
302.516
302.158
301.874
301.649
301.473
301.335
301.224
301.135
301.069
301.031
301.024
301.051
301.108
301.192
301.299
301.424
301.564
301.714
301.868
302.026
302.189
302.357
302.512
302.624
302.714
302.914
303.301
303.58
303.275
302.322
301.211
300.452
300.113
300.007
299.983
299.979
299.978
299.978
299.978
299.978
299.978
299.978
299.978
299.978
299.978
299.978
299.978
299.978
299.978
299.978
299.978
299.978
299.978
299.978
299.978
299.978
299.978
299.978
299.978
299.978
299.978
299.978
299.978
299.978
299.978
299.978
299.978
299.978
299.978
299.978
299.978
299.978
299.978
299.978
299.978
299.978
299.978
299.978
299.978
299.978
299.978
299.978
299.978
299.978
299.978
299.978
299.978
299.978
299.978
299.978
299.978
299.978
299.978
299.978
299.978
299.978
299.978
299.978
299.978
299.978
299.978
299.978
299.978
299.978
299.978
299.978
299.978
299.978
299.978
299.978
299.978
299.978
299.978
299.978
299.978
299.978
299.978
299.978
299.978
299.978
299.978
299.978
299.978
299.978
299.978
299.978
299.978
299.978
299.978
299.978
299.978
299.978
299.978
299.978
299.978
299.978
299.978
299.978
299.978
299.978
299.978
299.978
299.978
299.978
299.978
299.978
299.978
299.978
299.978
299.978
299.978
299.978
299.978
299.978
299.978
299.978
299.978
299.978
299.978
299.978
299.978
299.978
299.978
299.978
299.978
299.978
299.978
299.978
299.978
299.978
299.978
299.978
299.978
299.978
299.978
299.978
299.978
305.024
304.989
304.995
305.011
304.968
305.031
304.959
305.034
304.952
304.916
304.895
304.882
304.872
304.863
304.856
304.848
304.838
304.827
304.814
304.792
304.756
304.702
304.628
304.542
304.461
304.401
304.365
304.344
304.333
304.326
304.312
304.276
304.208
304.108
303.993
303.88
303.785
303.72
303.693
303.706
303.751
303.819
303.902
304.011
304.158
304.318
304.418
304.399
304.335
304.419
304.686
304.731
303.977
302.517
301.145
300.364
300.071
299.995
299.98
299.978
299.977
299.977
299.977
299.977
299.977
299.977
299.977
299.977
299.977
299.977
299.977
299.977
299.977
299.977
299.977
299.977
299.977
299.977
299.977
299.977
299.977
299.977
299.977
299.977
299.977
299.977
299.977
299.977
299.977
299.977
299.977
299.977
299.977
299.977
299.977
299.977
299.977
299.977
299.977
299.977
299.977
299.977
299.977
299.977
299.977
299.977
299.977
299.977
299.977
299.977
299.977
299.977
299.977
299.977
299.977
299.977
299.977
299.977
299.977
299.977
299.977
299.977
299.977
299.977
299.977
299.977
299.977
299.977
299.977
299.977
299.977
299.977
299.977
299.977
299.977
299.977
299.977
299.977
299.977
299.977
299.977
299.977
299.977
299.977
299.977
299.977
299.977
299.977
299.977
299.977
299.977
299.977
299.977
299.977
299.977
299.977
299.977
299.977
299.977
299.977
299.977
299.977
299.977
299.977
299.977
299.977
299.977
299.977
299.977
299.977
299.977
299.977
299.977
299.977
299.977
299.977
299.977
299.977
299.977
299.977
299.977
299.977
299.977
299.977
299.977
299.977
299.977
299.977
299.977
299.977
299.977
299.977
299.977
299.977
299.977
299.977
299.977
299.977
299.977
299.977
305.003
305
304.998
305.002
304.995
305.003
304.996
305.002
305
304.998
304.997
304.996
304.995
304.994
304.993
304.992
304.991
304.99
304.988
304.985
304.981
304.975
304.967
304.957
304.948
304.94
304.935
304.932
304.929
304.925
304.918
304.909
304.895
304.878
304.86
304.845
304.834
304.829
304.832
304.847
304.874
304.906
304.93
304.942
304.948
304.962
304.993
305.04
305.102
305.181
305.228
305.057
304.408
303.208
301.797
300.718
300.186
300.018
299.983
299.978
299.977
299.977
299.977
299.977
299.977
299.977
299.977
299.977
299.977
299.977
299.977
299.977
299.977
299.977
299.977
299.977
299.977
299.977
299.977
299.977
299.977
299.977
299.977
299.977
299.977
299.977
299.977
299.977
299.977
299.977
299.977
299.977
299.977
299.977
299.977
299.977
299.977
299.977
299.977
299.977
299.977
299.977
299.977
299.977
299.977
299.977
299.977
299.977
299.977
299.977
299.977
299.977
299.977
299.977
299.977
299.977
299.977
299.977
299.977
299.977
299.977
299.977
299.977
299.977
299.977
299.977
299.977
299.977
299.977
299.977
299.977
299.977
299.977
299.977
299.977
299.977
299.977
299.977
299.977
299.977
299.977
299.977
299.977
299.977
299.977
299.977
299.977
299.977
299.977
299.977
299.977
299.977
299.977
299.977
299.977
299.977
299.977
299.977
299.977
299.977
299.977
299.977
299.977
299.977
299.977
299.977
299.977
299.977
299.977
299.977
299.977
299.977
299.977
299.977
299.977
299.977
299.977
299.977
299.977
299.977
299.977
299.977
299.977
299.977
299.977
299.977
299.977
299.977
299.977
299.977
299.977
299.977
299.977
299.977
299.977
299.977
299.977
299.977
299.977
299.977
)
;

boundaryField
{
    inletTop
    {
        type            fixedValue;
        value           uniform 305;
    }
    inletBottom
    {
        type            fixedValue;
        value           uniform 300;
    }
    outletTop
    {
        type            inletOutlet;
        inletValue      uniform 300;
        value           nonuniform List<scalar> 4(299.979 299.978 299.977 299.977);
    }
    walls
    {
        type            zeroGradient;
    }
    front
    {
        type            empty;
    }
    back
    {
        type            empty;
    }
    outletBottom
    {
        type            inletOutlet;
        inletValue      uniform 300;
        value           nonuniform List<scalar> 4(299.999 299.998 299.997 299.996);
    }
}


// ************************************************************************* //
