/*--------------------------------*- C++ -*----------------------------------*\
  =========                 |
  \\      /  F ield         | OpenFOAM: The Open Source CFD Toolbox
   \\    /   O peration     | Website:  https://openfoam.org
    \\  /    A nd           | Version:  dev
     \\/     M anipulation  |
\*---------------------------------------------------------------------------*/
FoamFile
{
    version     2.0;
    format      ascii;
    class       volScalarField;
    location    "19";
    object      thermo:pSatH2O;
}
// * * * * * * * * * * * * * * * * * * * * * * * * * * * * * * * * * * * * * //

dimensions      [1 -1 -2 0 0 0 0];

internalField   nonuniform List<scalar> 
8000
(
3525.68
3525.69
3525.69
3525.69
3525.68
3525.68
3525.68
3525.68
3525.69
3525.69
3525.69
3525.67
3525.68
3525.69
3525.7
3525.66
3525.68
3525.69
3525.7
3525.63
3525.69
3525.7
3525.7
3525.61
3525.68
3525.69
3525.69
3525.6
3525.69
3525.68
3525.7
3525.58
3525.68
3525.69
3525.71
3525.6
3525.67
3525.66
3525.67
3525.62
3525.69
3525.65
3525.67
3525.68
3525.66
3525.63
3525.64
3525.74
3525.65
3525.6
3525.49
3525.73
3525.67
3525.63
3525.39
3525.61
3525.61
3525.67
3525.41
3525.47
3525.51
3525.66
3525.46
3525.39
3525.49
3525.62
3525.47
3525.36
3525.54
3525.58
3525.46
3525.35
3525.58
3525.55
3525.44
3525.33
3525.61
3525.53
3525.43
3525.32
3525.61
3525.53
3525.42
3525.31
3525.62
3525.52
3525.41
3525.3
3525.62
3525.52
3525.41
3525.29
3525.62
3525.52
3525.4
3525.29
3525.62
3525.52
3525.4
3525.28
3525.62
3525.51
3525.4
3525.28
3525.61
3525.51
3525.4
3525.28
3525.61
3525.51
3525.4
3525.28
3525.61
3525.51
3525.4
3525.28
3525.61
3525.51
3525.39
3525.27
3525.61
3525.51
3525.39
3525.27
3525.61
3525.51
3525.39
3525.27
3525.61
3525.51
3525.39
3525.27
3525.61
3525.51
3525.39
3525.27
3525.61
3525.51
3525.39
3525.27
3525.61
3525.51
3525.39
3525.27
3525.61
3525.51
3525.39
3525.27
3525.61
3525.51
3525.39
3525.27
3525.61
3525.51
3525.39
3525.27
3525.61
3525.51
3525.39
3525.27
3525.61
3525.51
3525.39
3525.26
3525.61
3525.51
3525.39
3525.26
3525.61
3525.51
3525.39
3525.26
3525.61
3525.51
3525.39
3525.26
3525.61
3525.51
3525.39
3525.26
3525.61
3525.51
3525.39
3525.26
3525.61
3525.51
3525.39
3525.26
3525.61
3525.51
3525.39
3525.26
3525.61
3525.51
3525.39
3525.26
3525.61
3525.51
3525.38
3525.26
3525.61
3525.51
3525.38
3525.26
3525.61
3525.51
3525.38
3525.26
3525.61
3525.51
3525.38
3525.26
3525.61
3525.51
3525.38
3525.26
3525.61
3525.51
3525.38
3525.26
3525.61
3525.51
3525.38
3525.26
3525.61
3525.51
3525.38
3525.26
3525.61
3525.51
3525.38
3525.26
3525.61
3525.51
3525.38
3525.26
3525.61
3525.51
3525.38
3525.26
3525.61
3525.51
3525.38
3525.26
3525.61
3525.51
3525.38
3525.26
3525.61
3525.51
3525.38
3525.26
3525.61
3525.51
3525.38
3525.26
3525.61
3525.51
3525.38
3525.26
3525.61
3525.51
3525.38
3525.26
3525.61
3525.51
3525.38
3525.26
3525.61
3525.51
3525.38
3525.26
3525.61
3525.51
3525.38
3525.26
3525.61
3525.51
3525.38
3525.26
3525.61
3525.5
3525.38
3525.26
3525.61
3525.5
3525.38
3525.26
3525.61
3525.5
3525.38
3525.26
3525.61
3525.5
3525.38
3525.26
3525.61
3525.5
3525.38
3525.26
3525.61
3525.5
3525.38
3525.26
3525.61
3525.5
3525.38
3525.26
3525.61
3525.5
3525.38
3525.26
3525.61
3525.5
3525.38
3525.26
3525.61
3525.5
3525.38
3525.26
3525.61
3525.5
3525.38
3525.26
3525.61
3525.5
3525.38
3525.26
3525.61
3525.5
3525.38
3525.26
3525.61
3525.5
3525.38
3525.26
3525.61
3525.5
3525.38
3525.26
3525.61
3525.5
3525.38
3525.26
3525.61
3525.5
3525.38
3525.26
3525.61
3525.5
3525.38
3525.26
3525.61
3525.5
3525.38
3525.26
3525.61
3525.5
3525.38
3525.26
3525.61
3525.5
3525.38
3525.26
3525.61
3525.5
3525.38
3525.26
3525.61
3525.5
3525.38
3525.26
3525.61
3525.5
3525.38
3525.26
3525.61
3525.5
3525.38
3525.26
3525.61
3525.5
3525.38
3525.26
3525.61
3525.5
3525.38
3525.26
3525.61
3525.5
3525.38
3525.26
3525.61
3525.5
3525.38
3525.26
3525.61
3525.5
3525.38
3525.26
3525.61
3525.5
3525.38
3525.26
3525.61
3525.5
3525.38
3525.26
3525.61
3525.5
3525.38
3525.26
3525.61
3525.5
3525.38
3525.26
3525.61
3525.5
3525.38
3525.26
3525.61
3525.5
3525.38
3525.26
3525.61
3525.5
3525.38
3525.26
3525.61
3525.5
3525.38
3525.26
3525.61
3525.5
3525.38
3525.26
3525.61
3525.5
3525.38
3525.26
3525.61
3525.5
3525.38
3525.26
3525.61
3525.5
3525.38
3525.26
3525.61
3525.5
3525.38
3525.26
3525.61
3525.51
3525.38
3525.26
3525.61
3525.51
3525.38
3525.26
3525.61
3525.51
3525.38
3525.26
3525.61
3525.51
3525.38
3525.26
3525.61
3525.51
3525.38
3525.26
3525.61
3525.51
3525.38
3525.26
3525.61
3525.51
3525.38
3525.26
3525.61
3525.51
3525.38
3525.26
3525.61
3525.51
3525.38
3525.26
3525.61
3525.51
3525.38
3525.26
3525.61
3525.51
3525.38
3525.26
3525.61
3525.51
3525.38
3525.26
3525.61
3525.51
3525.38
3525.26
3525.61
3525.51
3525.38
3525.26
3525.61
3525.51
3525.39
3525.26
3525.61
3525.51
3525.39
3525.26
3525.61
3525.51
3525.39
3525.26
3525.61
3525.51
3525.39
3525.26
3525.61
3525.51
3525.39
3525.26
3525.61
3525.51
3525.39
3525.26
3525.61
3525.51
3525.39
3525.26
3525.61
3525.51
3525.39
3525.26
3525.61
3525.51
3525.39
3525.26
3525.61
3525.51
3525.39
3525.26
3525.61
3525.51
3525.39
3525.26
3525.61
3525.51
3525.39
3525.26
3525.61
3525.51
3525.39
3525.26
3525.61
3525.51
3525.39
3525.26
3525.61
3525.51
3525.39
3525.26
3525.61
3525.51
3525.39
3525.26
3525.61
3525.51
3525.39
3525.26
3525.61
3525.51
3525.39
3525.26
3525.61
3525.51
3525.39
3525.26
3525.61
3525.51
3525.39
3525.26
3525.61
3525.51
3525.39
3525.26
3525.61
3525.51
3525.39
3525.26
3525.61
3525.51
3525.39
3525.26
3525.61
3525.51
3525.39
3525.26
3525.61
3525.51
3525.39
3525.26
3525.61
3525.51
3525.39
3525.26
3525.61
3525.51
3525.39
3525.26
3525.61
3525.51
3525.39
3525.26
3525.61
3525.51
3525.39
3525.26
3525.61
3525.51
3525.38
3525.26
3525.61
3525.51
3525.38
3525.26
3525.61
3525.51
3525.38
3525.26
3525.61
3525.51
3525.38
3525.26
3525.61
3525.51
3525.38
3525.26
3525.61
3525.51
3525.38
3525.26
3525.61
3525.51
3525.38
3525.26
3525.61
3525.51
3525.38
3525.26
3525.61
3525.51
3525.38
3525.26
3525.61
3525.51
3525.38
3525.26
3525.61
3525.51
3525.38
3525.26
3525.61
3525.51
3525.38
3525.26
3525.61
3525.51
3525.38
3525.26
3525.61
3525.5
3525.38
3525.26
3525.61
3525.5
3525.38
3525.26
3525.61
3525.5
3525.38
3525.26
3525.61
3525.5
3525.38
3525.26
3525.61
3525.5
3525.38
3525.26
3525.61
3525.5
3525.38
3525.25
3525.61
3525.5
3525.38
3525.25
3525.61
3525.5
3525.38
3525.25
3525.61
3525.5
3525.38
3525.25
3525.61
3525.5
3525.38
3525.25
3525.61
3525.5
3525.38
3525.25
3525.61
3525.5
3525.37
3525.25
3525.6
3525.5
3525.38
3525.24
3525.63
3525.5
3525.37
3525.25
3525.58
3525.5
3525.38
3525.23
3525.64
3525.5
3525.36
3525.25
3525.57
3525.49
3525.38
3525.22
3525.65
3525.5
3525.35
3525.24
3525.56
3525.49
3525.37
3525.21
3525.66
3525.5
3525.33
3525.24
3525.55
3525.48
3525.37
3525.19
3525.66
3525.5
3525.32
3525.22
3525.55
3525.46
3525.36
3525.18
3525.66
3525.5
3525.3
3525.2
3525.55
3525.43
3525.34
3525.16
3525.65
3525.5
3525.27
3525.16
3525.55
3525.4
3525.3
3525.13
3525.63
3525.49
3525.25
3525.09
3525.55
3525.36
3525.22
3525.08
3525.6
3525.44
3525.21
3525
3525.55
3525.31
3525.09
3524.95
3525.12
3525.1
3525.09
3525.09
3525.08
3525.07
3525.08
3525.14
3525.21
3525.22
3525.23
3525.39
3525.54
3525.51
3525.4
3525.33
3525.3
3525.26
3525.23
3525.21
3525.19
3525.19
3525.18
3525.17
3525.17
3525.16
3525.16
3525.16
3525.16
3525.15
3525.15
3525.15
3525.15
3525.15
3525.15
3525.15
3525.15
3525.14
3525.14
3525.14
3525.14
3525.14
3525.14
3525.14
3525.14
3525.14
3525.14
3525.14
3525.14
3525.14
3525.14
3525.14
3525.14
3525.14
3525.14
3525.14
3525.14
3525.14
3525.14
3525.14
3525.14
3525.14
3525.14
3525.14
3525.14
3525.14
3525.14
3525.14
3525.14
3525.14
3525.14
3525.14
3525.14
3525.14
3525.14
3525.14
3525.14
3525.14
3525.14
3525.14
3525.14
3525.14
3525.14
3525.14
3525.14
3525.14
3525.14
3525.14
3525.14
3525.14
3525.14
3525.14
3525.14
3525.14
3525.14
3525.14
3525.14
3525.14
3525.14
3525.14
3525.14
3525.14
3525.14
3525.14
3525.14
3525.14
3525.14
3525.14
3525.14
3525.14
3525.14
3525.14
3525.14
3525.14
3525.14
3525.14
3525.14
3525.14
3525.14
3525.14
3525.14
3525.14
3525.14
3525.14
3525.14
3525.14
3525.14
3525.14
3525.14
3525.14
3525.14
3525.14
3525.14
3525.14
3525.14
3525.14
3525.14
3525.14
3525.14
3525.14
3525.14
3525.14
3525.14
3525.14
3525.14
3525.14
3525.14
3525.14
3525.14
3525.14
3525.14
3525.14
3525.14
3525.14
3525.14
3525.14
3525.14
3525.14
3525.14
3525.14
3525.14
3525.14
3525.14
3525.14
3525.14
3525.14
3525.14
3525.14
3525.14
3525.13
3525.13
3525.13
3525.13
3525.13
3525.13
3525.13
3525.13
3525.13
3525.12
3525.12
3525.12
3525.12
3525.11
3525.12
3525.1
3525.11
3525.09
3525.1
3525.07
3525.09
3525.06
3525.07
3525.04
3525.03
3525.01
3524.98
3524.97
3524.9
3524.87
3524.85
3524.99
3525.01
3525.04
3525.06
3525.12
3525.21
3525.3
3525.4
3525.47
3525.38
3525.22
3525.23
3525.35
3525.38
3525.35
3525.3
3525.23
3525.17
3525.12
3525.1
3525.08
3525.07
3525.06
3525.06
3525.05
3525.05
3525.04
3525.04
3525.04
3525.03
3525.03
3525.03
3525.03
3525.03
3525.03
3525.02
3525.02
3525.02
3525.02
3525.02
3525.02
3525.02
3525.02
3525.02
3525.02
3525.02
3525.02
3525.02
3525.02
3525.02
3525.02
3525.02
3525.02
3525.02
3525.02
3525.02
3525.02
3525.02
3525.02
3525.02
3525.02
3525.02
3525.02
3525.02
3525.02
3525.02
3525.02
3525.02
3525.02
3525.02
3525.02
3525.02
3525.02
3525.02
3525.02
3525.02
3525.02
3525.02
3525.02
3525.02
3525.02
3525.02
3525.02
3525.02
3525.02
3525.02
3525.02
3525.02
3525.02
3525.02
3525.02
3525.02
3525.02
3525.02
3525.02
3525.02
3525.02
3525.02
3525.02
3525.02
3525.02
3525.02
3525.02
3525.02
3525.02
3525.02
3525.02
3525.02
3525.02
3525.02
3525.02
3525.02
3525.02
3525.02
3525.02
3525.02
3525.02
3525.02
3525.02
3525.02
3525.02
3525.02
3525.02
3525.02
3525.02
3525.02
3525.02
3525.02
3525.02
3525.02
3525.02
3525.02
3525.02
3525.02
3525.02
3525.02
3525.02
3525.02
3525.02
3525.02
3525.02
3525.02
3525.02
3525.02
3525.02
3525.02
3525.02
3525.02
3525.02
3525.02
3525.02
3525.02
3525.02
3525.02
3525.02
3525.02
3525.02
3525.02
3525.02
3525.02
3525.02
3525.02
3525.02
3525.02
3525.01
3525.01
3525.01
3525.01
3525.01
3525.01
3525.01
3525.01
3525.01
3525.01
3525.01
3525
3525
3525
3525
3525
3524.99
3524.99
3524.99
3524.98
3524.98
3524.97
3524.98
3524.95
3524.96
3524.94
3524.94
3524.92
3524.91
3524.9
3524.86
3524.86
3524.8
3524.8
3524.76
3524.74
3524.86
3524.86
3524.89
3524.93
3525.02
3525.18
3525.32
3525.36
3525.34
3525.27
3525.17
3525.19
3525.28
3525.31
3525.29
3525.23
3525.14
3525.06
3525.01
3524.98
3524.97
3524.95
3524.94
3524.94
3524.93
3524.93
3524.92
3524.92
3524.92
3524.91
3524.91
3524.91
3524.91
3524.91
3524.9
3524.9
3524.9
3524.9
3524.9
3524.9
3524.9
3524.9
3524.9
3524.9
3524.9
3524.89
3524.89
3524.89
3524.89
3524.89
3524.89
3524.89
3524.89
3524.89
3524.89
3524.89
3524.89
3524.89
3524.89
3524.89
3524.89
3524.89
3524.89
3524.89
3524.89
3524.89
3524.89
3524.89
3524.89
3524.89
3524.89
3524.89
3524.89
3524.89
3524.89
3524.89
3524.89
3524.89
3524.89
3524.9
3524.9
3524.9
3524.9
3524.9
3524.9
3524.9
3524.9
3524.9
3524.9
3524.9
3524.9
3524.9
3524.9
3524.9
3524.9
3524.9
3524.9
3524.9
3524.9
3524.9
3524.9
3524.9
3524.9
3524.9
3524.9
3524.9
3524.9
3524.9
3524.9
3524.9
3524.9
3524.9
3524.9
3524.9
3524.9
3524.9
3524.9
3524.9
3524.9
3524.9
3524.9
3524.9
3524.9
3524.9
3524.9
3524.9
3524.9
3524.9
3524.9
3524.9
3524.9
3524.9
3524.9
3524.9
3524.9
3524.9
3524.9
3524.9
3524.9
3524.9
3524.9
3524.9
3524.9
3524.9
3524.9
3524.9
3524.9
3524.9
3524.9
3524.9
3524.9
3524.9
3524.9
3524.9
3524.9
3524.9
3524.89
3524.89
3524.89
3524.89
3524.89
3524.89
3524.89
3524.89
3524.89
3524.89
3524.89
3524.89
3524.89
3524.89
3524.89
3524.89
3524.88
3524.88
3524.88
3524.88
3524.88
3524.88
3524.87
3524.87
3524.87
3524.86
3524.86
3524.86
3524.85
3524.85
3524.84
3524.84
3524.82
3524.82
3524.8
3524.79
3524.78
3524.75
3524.75
3524.7
3524.7
3524.66
3524.64
3524.64
3524.76
3524.78
3524.81
3524.87
3524.98
3525.14
3525.26
3525.2
3525.06
3524.96
3524.94
3525.02
3525.13
3525.2
3525.19
3525.12
3525.02
3524.94
3524.89
3524.86
3524.85
3524.83
3524.83
3524.82
3524.81
3524.81
3524.8
3524.8
3524.79
3524.79
3524.79
3524.79
3524.79
3524.78
3524.78
3524.78
3524.78
3524.78
3524.78
3524.78
3524.77
3524.77
3524.77
3524.77
3524.77
3524.77
3524.77
3524.77
3524.77
3524.77
3524.77
3524.77
3524.77
3524.77
3524.77
3524.77
3524.77
3524.77
3524.77
3524.77
3524.77
3524.77
3524.77
3524.77
3524.77
3524.77
3524.77
3524.77
3524.77
3524.77
3524.77
3524.77
3524.77
3524.77
3524.77
3524.77
3524.77
3524.77
3524.77
3524.77
3524.77
3524.77
3524.77
3524.77
3524.77
3524.77
3524.77
3524.77
3524.77
3524.77
3524.77
3524.77
3524.77
3524.77
3524.77
3524.77
3524.77
3524.77
3524.77
3524.77
3524.77
3524.77
3524.77
3524.77
3524.77
3524.77
3524.77
3524.77
3524.77
3524.77
3524.77
3524.77
3524.77
3524.77
3524.77
3524.77
3524.77
3524.77
3524.77
3524.77
3524.77
3524.77
3524.77
3524.77
3524.77
3524.77
3524.77
3524.77
3524.77
3524.77
3524.77
3524.77
3524.77
3524.77
3524.77
3524.77
3524.77
3524.77
3524.77
3524.77
3524.77
3524.77
3524.77
3524.77
3524.77
3524.77
3524.77
3524.77
3524.77
3524.77
3524.77
3524.77
3524.77
3524.77
3524.77
3524.77
3524.77
3524.77
3524.77
3524.77
3524.77
3524.77
3524.77
3524.77
3524.77
3524.77
3524.77
3524.77
3524.77
3524.76
3524.76
3524.76
3524.76
3524.76
3524.76
3524.76
3524.75
3524.75
3524.75
3524.75
3524.74
3524.74
3524.73
3524.73
3524.73
3524.72
3524.71
3524.7
3524.7
3524.69
3524.67
3524.67
3524.64
3524.64
3524.6
3524.6
3524.56
3524.55
3524.54
3524.52
3524.6
3524.62
3524.64
3524.69
3524.79
3524.95
3525.09
3525.07
3524.93
3524.84
3524.86
3524.96
3525.08
3525.13
3525.08
3524.97
3524.87
3524.8
3524.76
3524.74
3524.73
3524.71
3524.71
3524.7
3524.69
3524.69
3524.68
3524.68
3524.67
3524.67
3524.67
3524.67
3524.66
3524.66
3524.66
3524.66
3524.66
3524.66
3524.65
3524.65
3524.65
3524.65
3524.65
3524.65
3524.65
3524.65
3524.65
3524.65
3524.65
3524.65
3524.65
3524.65
3524.65
3524.65
3524.65
3524.65
3524.65
3524.65
3524.65
3524.65
3524.65
3524.65
3524.65
3524.65
3524.65
3524.65
3524.65
3524.65
3524.65
3524.65
3524.65
3524.65
3524.65
3524.65
3524.65
3524.65
3524.65
3524.65
3524.65
3524.65
3524.65
3524.65
3524.65
3524.65
3524.65
3524.65
3524.65
3524.65
3524.65
3524.65
3524.65
3524.65
3524.65
3524.65
3524.65
3524.65
3524.65
3524.65
3524.65
3524.65
3524.65
3524.65
3524.65
3524.65
3524.65
3524.65
3524.65
3524.65
3524.65
3524.65
3524.65
3524.65
3524.65
3524.65
3524.65
3524.65
3524.65
3524.65
3524.65
3524.65
3524.65
3524.65
3524.65
3524.65
3524.65
3524.65
3524.65
3524.65
3524.65
3524.65
3524.65
3524.65
3524.65
3524.65
3524.65
3524.65
3524.65
3524.65
3524.65
3524.65
3524.65
3524.65
3524.65
3524.65
3524.65
3524.65
3524.65
3524.65
3524.65
3524.65
3524.65
3524.65
3524.65
3524.65
3524.65
3524.65
3524.65
3524.65
3524.65
3524.65
3524.65
3524.65
3524.65
3524.65
3524.65
3524.64
3524.64
3524.64
3524.64
3524.64
3524.64
3524.64
3524.64
3524.64
3524.63
3524.63
3524.63
3524.63
3524.62
3524.62
3524.62
3524.61
3524.61
3524.6
3524.6
3524.59
3524.59
3524.58
3524.57
3524.56
3524.55
3524.53
3524.53
3524.5
3524.5
3524.46
3524.46
3524.43
3524.42
3524.42
3524.56
3524.56
3524.58
3524.62
3524.68
3524.8
3524.94
3525.01
3524.96
3524.92
3524.94
3525
3525.03
3524.99
3524.89
3524.78
3524.71
3524.66
3524.63
3524.62
3524.6
3524.59
3524.58
3524.58
3524.57
3524.56
3524.56
3524.56
3524.55
3524.55
3524.55
3524.54
3524.54
3524.54
3524.54
3524.54
3524.53
3524.53
3524.53
3524.53
3524.53
3524.53
3524.53
3524.53
3524.53
3524.53
3524.53
3524.53
3524.52
3524.52
3524.52
3524.52
3524.52
3524.52
3524.52
3524.52
3524.52
3524.52
3524.53
3524.53
3524.53
3524.53
3524.53
3524.53
3524.53
3524.53
3524.53
3524.53
3524.53
3524.53
3524.53
3524.53
3524.53
3524.53
3524.53
3524.53
3524.53
3524.53
3524.53
3524.53
3524.53
3524.53
3524.53
3524.53
3524.53
3524.53
3524.53
3524.53
3524.53
3524.53
3524.53
3524.53
3524.53
3524.53
3524.53
3524.53
3524.53
3524.53
3524.53
3524.53
3524.53
3524.53
3524.53
3524.53
3524.53
3524.53
3524.53
3524.53
3524.53
3524.53
3524.53
3524.53
3524.53
3524.53
3524.53
3524.53
3524.53
3524.53
3524.53
3524.53
3524.53
3524.53
3524.53
3524.53
3524.53
3524.53
3524.53
3524.53
3524.53
3524.53
3524.53
3524.53
3524.53
3524.53
3524.53
3524.53
3524.53
3524.53
3524.53
3524.53
3524.53
3524.53
3524.53
3524.53
3524.53
3524.53
3524.53
3524.53
3524.53
3524.53
3524.53
3524.53
3524.53
3524.53
3524.53
3524.53
3524.53
3524.53
3524.53
3524.53
3524.53
3524.52
3524.52
3524.52
3524.52
3524.52
3524.52
3524.52
3524.52
3524.52
3524.52
3524.51
3524.51
3524.51
3524.51
3524.51
3524.5
3524.5
3524.5
3524.5
3524.49
3524.49
3524.48
3524.48
3524.47
3524.47
3524.46
3524.45
3524.44
3524.44
3524.42
3524.41
3524.39
3524.39
3524.36
3524.36
3524.33
3524.32
3524.32
3524.31
3524.37
3524.4
3524.42
3524.45
3524.51
3524.58
3524.7
3524.81
3524.86
3524.87
3524.88
3524.88
3524.84
3524.76
3524.67
3524.6
3524.55
3524.53
3524.51
3524.49
3524.48
3524.47
3524.46
3524.45
3524.45
3524.44
3524.44
3524.43
3524.43
3524.43
3524.42
3524.42
3524.42
3524.42
3524.41
3524.41
3524.41
3524.41
3524.41
3524.41
3524.41
3524.41
3524.4
3524.4
3524.4
3524.4
3524.4
3524.4
3524.4
3524.4
3524.4
3524.4
3524.4
3524.4
3524.4
3524.4
3524.4
3524.4
3524.4
3524.4
3524.4
3524.4
3524.4
3524.4
3524.4
3524.4
3524.4
3524.4
3524.4
3524.4
3524.4
3524.4
3524.41
3524.41
3524.41
3524.41
3524.41
3524.41
3524.41
3524.41
3524.41
3524.41
3524.41
3524.41
3524.41
3524.41
3524.41
3524.41
3524.41
3524.41
3524.41
3524.41
3524.41
3524.41
3524.41
3524.41
3524.41
3524.41
3524.41
3524.41
3524.41
3524.41
3524.41
3524.41
3524.41
3524.41
3524.41
3524.41
3524.41
3524.41
3524.41
3524.41
3524.41
3524.41
3524.41
3524.41
3524.41
3524.41
3524.41
3524.41
3524.41
3524.41
3524.41
3524.41
3524.41
3524.41
3524.41
3524.41
3524.41
3524.41
3524.41
3524.41
3524.41
3524.41
3524.41
3524.41
3524.41
3524.41
3524.41
3524.41
3524.41
3524.41
3524.41
3524.41
3524.41
3524.41
3524.41
3524.41
3524.41
3524.41
3524.41
3524.41
3524.41
3524.41
3524.41
3524.41
3524.4
3524.4
3524.4
3524.4
3524.4
3524.4
3524.4
3524.4
3524.4
3524.4
3524.4
3524.4
3524.4
3524.39
3524.39
3524.39
3524.39
3524.39
3524.39
3524.38
3524.38
3524.38
3524.37
3524.37
3524.37
3524.36
3524.36
3524.35
3524.35
3524.34
3524.34
3524.32
3524.32
3524.3
3524.3
3524.28
3524.28
3524.25
3524.25
3524.23
3524.22
3524.21
3524.2
3524.21
3524.31
3524.31
3524.32
3524.34
3524.37
3524.42
3524.48
3524.56
3524.62
3524.65
3524.65
3524.63
3524.58
3524.52
3524.47
3524.44
3524.41
3524.39
3524.38
3524.37
3524.36
3524.35
3524.34
3524.33
3524.33
3524.32
3524.32
3524.31
3524.31
3524.3
3524.3
3524.3
3524.3
3524.29
3524.29
3524.29
3524.29
3524.29
3524.29
3524.28
3524.28
3524.28
3524.28
3524.28
3524.28
3524.28
3524.28
3524.28
3524.28
3524.28
3524.28
3524.28
3524.28
3524.28
3524.28
3524.28
3524.28
3524.28
3524.28
3524.28
3524.28
3524.28
3524.28
3524.28
3524.28
3524.28
3524.28
3524.28
3524.28
3524.28
3524.28
3524.28
3524.28
3524.28
3524.28
3524.28
3524.28
3524.28
3524.28
3524.28
3524.28
3524.28
3524.28
3524.28
3524.28
3524.28
3524.28
3524.28
3524.28
3524.28
3524.29
3524.29
3524.29
3524.29
3524.29
3524.29
3524.29
3524.29
3524.29
3524.29
3524.29
3524.29
3524.29
3524.29
3524.29
3524.29
3524.29
3524.29
3524.29
3524.29
3524.29
3524.29
3524.29
3524.29
3524.29
3524.29
3524.29
3524.29
3524.29
3524.29
3524.29
3524.29
3524.29
3524.29
3524.29
3524.29
3524.29
3524.29
3524.29
3524.29
3524.29
3524.29
3524.29
3524.29
3524.29
3524.29
3524.29
3524.29
3524.29
3524.29
3524.29
3524.29
3524.29
3524.29
3524.29
3524.29
3524.29
3524.29
3524.29
3524.28
3524.28
3524.28
3524.28
3524.28
3524.28
3524.28
3524.28
3524.28
3524.28
3524.28
3524.28
3524.28
3524.28
3524.28
3524.28
3524.28
3524.28
3524.27
3524.27
3524.27
3524.27
3524.27
3524.27
3524.26
3524.26
3524.26
3524.26
3524.25
3524.25
3524.25
3524.24
3524.24
3524.23
3524.23
3524.22
3524.22
3524.21
3524.2
3524.19
3524.19
3524.17
3524.17
3524.15
3524.15
3524.13
3524.12
3524.11
3524.1
3524.1
3524.09
3524.17
3524.18
3524.19
3524.21
3524.23
3524.26
3524.3
3524.34
3524.38
3524.4
3524.41
3524.39
3524.37
3524.34
3524.31
3524.29
3524.28
3524.26
3524.25
3524.24
3524.23
3524.22
3524.21
3524.21
3524.2
3524.2
3524.19
3524.19
3524.18
3524.18
3524.18
3524.18
3524.17
3524.17
3524.17
3524.17
3524.16
3524.16
3524.16
3524.16
3524.16
3524.16
3524.16
3524.16
3524.16
3524.16
3524.16
3524.16
3524.16
3524.16
3524.16
3524.16
3524.16
3524.16
3524.16
3524.16
3524.16
3524.16
3524.16
3524.16
3524.16
3524.16
3524.16
3524.16
3524.16
3524.16
3524.16
3524.16
3524.16
3524.16
3524.16
3524.16
3524.16
3524.16
3524.16
3524.16
3524.16
3524.16
3524.16
3524.16
3524.16
3524.16
3524.16
3524.16
3524.16
3524.16
3524.16
3524.16
3524.16
3524.16
3524.16
3524.16
3524.16
3524.16
3524.16
3524.16
3524.16
3524.16
3524.16
3524.16
3524.16
3524.16
3524.16
3524.16
3524.16
3524.16
3524.16
3524.16
3524.16
3524.16
3524.16
3524.16
3524.16
3524.16
3524.16
3524.16
3524.16
3524.16
3524.16
3524.16
3524.16
3524.16
3524.16
3524.16
3524.16
3524.16
3524.16
3524.16
3524.16
3524.16
3524.16
3524.16
3524.16
3524.16
3524.16
3524.16
3524.16
3524.16
3524.16
3524.16
3524.16
3524.16
3524.16
3524.16
3524.16
3524.16
3524.16
3524.16
3524.16
3524.16
3524.16
3524.16
3524.16
3524.16
3524.16
3524.16
3524.16
3524.16
3524.16
3524.16
3524.16
3524.16
3524.16
3524.16
3524.15
3524.15
3524.15
3524.15
3524.15
3524.15
3524.15
3524.15
3524.14
3524.14
3524.14
3524.14
3524.13
3524.13
3524.13
3524.12
3524.12
3524.12
3524.11
3524.11
3524.1
3524.09
3524.09
3524.08
3524.07
3524.06
3524.06
3524.04
3524.04
3524.02
3524.01
3524
3523.99
3523.99
3523.98
3523.99
3524.06
3524.07
3524.07
3524.09
3524.1
3524.12
3524.15
3524.17
3524.19
3524.21
3524.21
3524.2
3524.19
3524.18
3524.17
3524.15
3524.14
3524.13
3524.12
3524.11
3524.1
3524.1
3524.09
3524.08
3524.08
3524.07
3524.07
3524.07
3524.06
3524.06
3524.06
3524.05
3524.05
3524.05
3524.05
3524.04
3524.04
3524.04
3524.04
3524.04
3524.04
3524.04
3524.03
3524.03
3524.03
3524.03
3524.03
3524.03
3524.03
3524.03
3524.03
3524.03
3524.03
3524.03
3524.03
3524.03
3524.03
3524.03
3524.03
3524.03
3524.03
3524.03
3524.04
3524.04
3524.04
3524.04
3524.04
3524.04
3524.04
3524.04
3524.04
3524.04
3524.04
3524.04
3524.04
3524.04
3524.04
3524.04
3524.04
3524.04
3524.04
3524.04
3524.04
3524.04
3524.04
3524.04
3524.04
3524.04
3524.04
3524.04
3524.04
3524.04
3524.04
3524.04
3524.04
3524.04
3524.04
3524.04
3524.04
3524.04
3524.04
3524.04
3524.04
3524.04
3524.04
3524.04
3524.04
3524.04
3524.04
3524.04
3524.04
3524.04
3524.04
3524.04
3524.04
3524.04
3524.04
3524.04
3524.04
3524.04
3524.04
3524.04
3524.04
3524.04
3524.04
3524.04
3524.04
3524.04
3524.04
3524.04
3524.04
3524.04
3524.04
3524.04
3524.04
3524.04
3524.04
3524.04
3524.04
3524.04
3524.04
3524.04
3524.04
3524.04
3524.04
3524.04
3524.04
3524.04
3524.04
3524.04
3524.04
3524.04
3524.04
3524.04
3524.04
3524.04
3524.04
3524.04
3524.04
3524.04
3524.04
3524.03
3524.03
3524.03
3524.03
3524.03
3524.03
3524.03
3524.03
3524.03
3524.02
3524.02
3524.02
3524.02
3524.02
3524.01
3524.01
3524.01
3524
3524
3524
3523.99
3523.99
3523.98
3523.98
3523.97
3523.96
3523.96
3523.95
3523.94
3523.93
3523.93
3523.91
3523.91
3523.89
3523.89
3523.88
3523.87
3523.87
3523.87
3523.94
3523.95
3523.95
3523.96
3523.97
3523.99
3524
3524.02
3524.03
3524.04
3524.05
3524.05
3524.04
3524.03
3524.03
3524.02
3524.01
3524
3523.99
3523.98
3523.98
3523.97
3523.97
3523.96
3523.95
3523.95
3523.95
3523.94
3523.94
3523.93
3523.93
3523.93
3523.93
3523.92
3523.92
3523.92
3523.92
3523.92
3523.92
3523.91
3523.91
3523.91
3523.91
3523.91
3523.91
3523.91
3523.91
3523.91
3523.91
3523.91
3523.91
3523.91
3523.91
3523.91
3523.91
3523.91
3523.91
3523.91
3523.91
3523.91
3523.91
3523.91
3523.91
3523.91
3523.91
3523.91
3523.91
3523.91
3523.91
3523.92
3523.92
3523.92
3523.92
3523.92
3523.92
3523.92
3523.92
3523.92
3523.92
3523.92
3523.92
3523.92
3523.92
3523.92
3523.92
3523.92
3523.92
3523.92
3523.92
3523.92
3523.92
3523.92
3523.92
3523.92
3523.92
3523.92
3523.92
3523.92
3523.92
3523.92
3523.92
3523.92
3523.92
3523.92
3523.92
3523.92
3523.92
3523.92
3523.92
3523.92
3523.92
3523.92
3523.92
3523.92
3523.92
3523.92
3523.92
3523.92
3523.92
3523.92
3523.92
3523.92
3523.92
3523.92
3523.92
3523.92
3523.92
3523.92
3523.92
3523.92
3523.92
3523.92
3523.92
3523.92
3523.92
3523.92
3523.92
3523.92
3523.92
3523.92
3523.92
3523.92
3523.92
3523.92
3523.92
3523.92
3523.92
3523.92
3523.92
3523.92
3523.92
3523.92
3523.92
3523.92
3523.92
3523.92
3523.92
3523.92
3523.91
3523.91
3523.91
3523.91
3523.91
3523.91
3523.91
3523.91
3523.91
3523.91
3523.9
3523.9
3523.9
3523.9
3523.9
3523.9
3523.89
3523.89
3523.89
3523.89
3523.88
3523.88
3523.87
3523.87
3523.87
3523.86
3523.86
3523.85
3523.84
3523.84
3523.83
3523.82
3523.81
3523.8
3523.8
3523.79
3523.78
3523.77
3523.76
3523.76
3523.75
3523.76
3523.82
3523.83
3523.83
3523.84
3523.85
3523.86
3523.87
3523.88
3523.89
3523.9
3523.9
3523.9
3523.9
3523.9
3523.89
3523.88
3523.88
3523.87
3523.86
3523.86
3523.85
3523.85
3523.84
3523.83
3523.83
3523.83
3523.82
3523.82
3523.81
3523.81
3523.81
3523.81
3523.8
3523.8
3523.8
3523.8
3523.79
3523.79
3523.79
3523.79
3523.79
3523.79
3523.79
3523.79
3523.79
3523.79
3523.79
3523.79
3523.78
3523.78
3523.79
3523.79
3523.79
3523.79
3523.79
3523.79
3523.79
3523.79
3523.79
3523.79
3523.79
3523.79
3523.79
3523.79
3523.79
3523.79
3523.79
3523.79
3523.79
3523.79
3523.79
3523.79
3523.79
3523.79
3523.79
3523.79
3523.79
3523.79
3523.8
3523.8
3523.8
3523.8
3523.8
3523.8
3523.8
3523.8
3523.8
3523.8
3523.8
3523.8
3523.8
3523.8
3523.8
3523.8
3523.8
3523.8
3523.8
3523.8
3523.8
3523.8
3523.8
3523.8
3523.8
3523.8
3523.8
3523.8
3523.8
3523.8
3523.8
3523.8
3523.8
3523.8
3523.8
3523.8
3523.8
3523.8
3523.8
3523.8
3523.8
3523.8
3523.8
3523.8
3523.8
3523.8
3523.8
3523.8
3523.8
3523.8
3523.8
3523.8
3523.8
3523.8
3523.8
3523.8
3523.8
3523.8
3523.8
3523.8
3523.8
3523.8
3523.8
3523.8
3523.8
3523.8
3523.8
3523.8
3523.8
3523.8
3523.8
3523.8
3523.8
3523.8
3523.8
3523.79
3523.79
3523.79
3523.79
3523.79
3523.79
3523.79
3523.79
3523.79
3523.79
3523.79
3523.79
3523.79
3523.79
3523.78
3523.78
3523.78
3523.78
3523.78
3523.78
3523.77
3523.77
3523.77
3523.77
3523.76
3523.76
3523.76
3523.75
3523.75
3523.74
3523.74
3523.73
3523.73
3523.72
3523.72
3523.71
3523.7
3523.69
3523.69
3523.68
3523.67
3523.66
3523.66
3523.65
3523.65
3523.65
3523.65
3523.7
3523.71
3523.71
3523.72
3523.72
3523.73
3523.74
3523.75
3523.75
3523.76
3523.76
3523.76
3523.76
3523.76
3523.76
3523.75
3523.75
3523.74
3523.74
3523.73
3523.72
3523.72
3523.71
3523.71
3523.71
3523.7
3523.7
3523.69
3523.69
3523.69
3523.68
3523.68
3523.68
3523.68
3523.67
3523.67
3523.67
3523.67
3523.67
3523.67
3523.67
3523.66
3523.66
3523.66
3523.66
3523.66
3523.66
3523.66
3523.66
3523.66
3523.66
3523.66
3523.66
3523.66
3523.66
3523.66
3523.66
3523.66
3523.67
3523.67
3523.67
3523.67
3523.67
3523.67
3523.67
3523.67
3523.67
3523.67
3523.67
3523.67
3523.67
3523.67
3523.67
3523.67
3523.67
3523.67
3523.67
3523.67
3523.67
3523.67
3523.67
3523.67
3523.67
3523.67
3523.67
3523.67
3523.67
3523.67
3523.67
3523.67
3523.67
3523.67
3523.67
3523.67
3523.67
3523.68
3523.68
3523.68
3523.68
3523.68
3523.68
3523.68
3523.68
3523.68
3523.68
3523.68
3523.68
3523.68
3523.68
3523.68
3523.68
3523.68
3523.68
3523.68
3523.68
3523.68
3523.68
3523.68
3523.68
3523.68
3523.68
3523.68
3523.68
3523.68
3523.68
3523.68
3523.68
3523.68
3523.68
3523.68
3523.68
3523.68
3523.68
3523.68
3523.68
3523.68
3523.68
3523.68
3523.68
3523.68
3523.68
3523.68
3523.68
3523.68
3523.68
3523.67
3523.67
3523.67
3523.67
3523.67
3523.67
3523.67
3523.67
3523.67
3523.67
3523.67
3523.67
3523.67
3523.67
3523.67
3523.67
3523.67
3523.67
3523.67
3523.67
3523.66
3523.66
3523.66
3523.66
3523.66
3523.66
3523.66
3523.65
3523.65
3523.65
3523.65
3523.64
3523.64
3523.64
3523.63
3523.63
3523.63
3523.62
3523.62
3523.61
3523.61
3523.6
3523.6
3523.59
3523.58
3523.58
3523.57
3523.56
3523.55
3523.55
3523.54
3523.54
3523.54
3523.53
3523.54
3523.58
3523.59
3523.59
3523.59
3523.6
3523.6
3523.61
3523.62
3523.62
3523.63
3523.63
3523.63
3523.63
3523.63
3523.62
3523.62
3523.62
3523.61
3523.61
3523.6
3523.6
3523.59
3523.59
3523.58
3523.58
3523.58
3523.57
3523.57
3523.57
3523.56
3523.56
3523.56
3523.55
3523.55
3523.55
3523.55
3523.55
3523.54
3523.54
3523.54
3523.54
3523.54
3523.54
3523.54
3523.54
3523.54
3523.54
3523.54
3523.54
3523.54
3523.54
3523.54
3523.54
3523.54
3523.54
3523.54
3523.54
3523.54
3523.54
3523.54
3523.54
3523.54
3523.54
3523.55
3523.55
3523.55
3523.55
3523.55
3523.55
3523.55
3523.55
3523.55
3523.55
3523.55
3523.55
3523.55
3523.55
3523.55
3523.55
3523.55
3523.55
3523.55
3523.55
3523.55
3523.55
3523.55
3523.55
3523.55
3523.55
3523.55
3523.55
3523.55
3523.55
3523.55
3523.55
3523.55
3523.55
3523.55
3523.55
3523.55
3523.55
3523.55
3523.55
3523.55
3523.55
3523.55
3523.55
3523.55
3523.55
3523.55
3523.55
3523.55
3523.55
3523.55
3523.55
3523.55
3523.55
3523.55
3523.55
3523.55
3523.55
3523.55
3523.55
3523.55
3523.55
3523.55
3523.55
3523.55
3523.55
3523.55
3523.55
3523.55
3523.55
3523.55
3523.55
3523.55
3523.55
3523.55
3523.55
3523.55
3523.55
3523.55
3523.55
3523.55
3523.55
3523.55
3523.55
3523.55
3523.55
3523.55
3523.55
3523.55
3523.55
3523.55
3523.55
3523.55
3523.55
3523.55
3523.55
3523.55
3523.55
3523.55
3523.55
3523.54
3523.54
3523.54
3523.54
3523.54
3523.54
3523.54
3523.53
3523.53
3523.53
3523.53
3523.53
3523.52
3523.52
3523.52
3523.52
3523.51
3523.51
3523.5
3523.5
3523.5
3523.49
3523.49
3523.48
3523.48
3523.47
3523.46
3523.46
3523.45
3523.44
3523.44
3523.43
3523.43
3523.42
3523.42
3523.42
3523.42
3523.46
3523.46
3523.47
3523.47
3523.47
3523.48
3523.48
3523.49
3523.49
3523.49
3523.5
3523.5
3523.5
3523.5
3523.49
3523.49
3523.49
3523.48
3523.48
3523.47
3523.47
3523.47
3523.46
3523.46
3523.45
3523.45
3523.45
3523.44
3523.44
3523.44
3523.44
3523.43
3523.43
3523.43
3523.43
3523.42
3523.42
3523.42
3523.42
3523.42
3523.42
3523.42
3523.41
3523.41
3523.41
3523.41
3523.41
3523.41
3523.41
3523.41
3523.41
3523.41
3523.42
3523.42
3523.42
3523.42
3523.42
3523.42
3523.42
3523.42
3523.42
3523.42
3523.42
3523.42
3523.42
3523.42
3523.42
3523.42
3523.43
3523.43
3523.43
3523.43
3523.43
3523.43
3523.43
3523.43
3523.43
3523.43
3523.43
3523.43
3523.43
3523.43
3523.43
3523.43
3523.43
3523.43
3523.43
3523.43
3523.43
3523.43
3523.43
3523.43
3523.43
3523.43
3523.43
3523.43
3523.43
3523.43
3523.43
3523.43
3523.43
3523.43
3523.43
3523.43
3523.43
3523.43
3523.43
3523.43
3523.43
3523.43
3523.43
3523.43
3523.43
3523.43
3523.43
3523.43
3523.43
3523.43
3523.43
3523.43
3523.43
3523.43
3523.43
3523.43
3523.43
3523.43
3523.43
3523.43
3523.43
3523.43
3523.43
3523.43
3523.43
3523.43
3523.43
3523.43
3523.43
3523.43
3523.43
3523.43
3523.43
3523.43
3523.43
3523.43
3523.43
3523.43
3523.43
3523.43
3523.43
3523.43
3523.43
3523.43
3523.43
3523.43
3523.43
3523.43
3523.43
3523.43
3523.43
3523.43
3523.42
3523.42
3523.42
3523.42
3523.42
3523.42
3523.42
3523.42
3523.42
3523.41
3523.41
3523.41
3523.41
3523.41
3523.4
3523.4
3523.4
3523.4
3523.39
3523.39
3523.39
3523.38
3523.38
3523.38
3523.37
3523.37
3523.36
3523.36
3523.35
3523.35
3523.34
3523.33
3523.33
3523.32
3523.32
3523.31
3523.31
3523.31
3523.31
3523.31
3523.34
3523.34
3523.34
3523.35
3523.35
3523.35
3523.36
3523.36
3523.36
3523.36
3523.37
3523.37
3523.37
3523.36
3523.36
3523.36
3523.36
3523.35
3523.35
3523.35
3523.34
3523.34
3523.34
3523.33
3523.33
3523.33
3523.32
3523.32
3523.32
3523.31
3523.31
3523.31
3523.31
3523.3
3523.3
3523.3
3523.3
3523.3
3523.29
3523.29
3523.29
3523.29
3523.29
3523.29
3523.29
3523.29
3523.29
3523.29
3523.29
3523.29
3523.29
3523.29
3523.29
3523.29
3523.29
3523.29
3523.29
3523.3
3523.3
3523.3
3523.3
3523.3
3523.3
3523.3
3523.3
3523.3
3523.3
3523.3
3523.3
3523.3
3523.3
3523.3
3523.3
3523.31
3523.31
3523.31
3523.31
3523.31
3523.31
3523.31
3523.31
3523.31
3523.31
3523.31
3523.31
3523.31
3523.31
3523.31
3523.31
3523.31
3523.31
3523.31
3523.31
3523.31
3523.31
3523.31
3523.31
3523.31
3523.31
3523.31
3523.31
3523.31
3523.31
3523.31
3523.31
3523.31
3523.31
3523.31
3523.31
3523.31
3523.31
3523.31
3523.31
3523.31
3523.31
3523.31
3523.31
3523.31
3523.31
3523.31
3523.31
3523.31
3523.31
3523.31
3523.31
3523.31
3523.31
3523.31
3523.31
3523.31
3523.31
3523.31
3523.31
3523.31
3523.31
3523.31
3523.31
3523.31
3523.31
3523.31
3523.31
3523.31
3523.31
3523.31
3523.31
3523.31
3523.31
3523.31
3523.31
3523.31
3523.31
3523.31
3523.31
3523.31
3523.31
3523.31
3523.31
3523.3
3523.3
3523.3
3523.3
3523.3
3523.3
3523.3
3523.3
3523.3
3523.3
3523.3
3523.29
3523.29
3523.29
3523.29
3523.29
3523.29
3523.28
3523.28
3523.28
3523.28
3523.27
3523.27
3523.27
3523.26
3523.26
3523.25
3523.25
3523.25
3523.24
3523.24
3523.23
3523.23
3523.22
3523.22
3523.21
3523.21
3523.2
3523.2
3523.2
3523.19
3523.19
3523.2
3523.22
3523.22
3523.22
3523.22
3523.22
3523.23
3523.23
3523.23
3523.23
3523.24
3523.24
3523.24
3523.24
3523.24
3523.23
3523.23
3523.23
3523.23
3523.22
3523.22
3523.22
3523.21
3523.21
3523.21
3523.2
3523.2
3523.2
3523.19
3523.19
3523.19
3523.19
3523.18
3523.18
3523.18
3523.18
3523.17
3523.17
3523.17
3523.17
3523.17
3523.17
3523.17
3523.17
3523.17
3523.17
3523.17
3523.17
3523.17
3523.17
3523.17
3523.17
3523.17
3523.17
3523.17
3523.17
3523.17
3523.17
3523.17
3523.17
3523.17
3523.18
3523.18
3523.18
3523.18
3523.18
3523.18
3523.18
3523.18
3523.18
3523.18
3523.18
3523.18
3523.18
3523.18
3523.18
3523.18
3523.18
3523.18
3523.18
3523.18
3523.19
3523.19
3523.19
3523.19
3523.19
3523.19
3523.19
3523.19
3523.19
3523.19
3523.19
3523.19
3523.19
3523.19
3523.19
3523.19
3523.19
3523.19
3523.19
3523.19
3523.19
3523.19
3523.19
3523.19
3523.19
3523.19
3523.19
3523.19
3523.19
3523.19
3523.19
3523.19
3523.19
3523.19
3523.19
3523.19
3523.19
3523.19
3523.19
3523.19
3523.19
3523.19
3523.19
3523.19
3523.19
3523.19
3523.19
3523.19
3523.19
3523.19
3523.19
3523.19
3523.19
3523.19
3523.19
3523.19
3523.19
3523.19
3523.19
3523.19
3523.19
3523.19
3523.19
3523.19
3523.19
3523.19
3523.19
3523.19
3523.19
3523.19
3523.19
3523.19
3523.18
3523.18
3523.18
3523.18
3523.18
3523.18
3523.18
3523.18
3523.18
3523.18
3523.18
3523.18
3523.18
3523.18
3523.17
3523.17
3523.17
3523.17
3523.17
3523.17
3523.17
3523.16
3523.16
3523.16
3523.16
3523.15
3523.15
3523.15
3523.15
3523.14
3523.14
3523.13
3523.13
3523.13
3523.12
3523.12
3523.11
3523.11
3523.1
3523.1
3523.1
3523.09
3523.09
3523.08
3523.08
3523.08
3523.08
3523.08
3523.09
3523.1
3523.1
3523.1
3523.1
3523.1
3523.1
3523.11
3523.11
3523.11
3523.11
3523.11
3523.11
3523.11
3523.11
3523.1
3523.1
3523.1
3523.1
3523.09
3523.09
3523.09
3523.08
3523.08
3523.08
3523.08
3523.07
3523.07
3523.07
3523.06
3523.06
3523.06
3523.06
3523.05
3523.05
3523.05
3523.05
3523.05
3523.05
3523.04
3523.04
3523.04
3523.04
3523.04
3523.04
3523.04
3523.04
3523.04
3523.04
3523.04
3523.04
3523.04
3523.04
3523.05
3523.05
3523.05
3523.05
3523.05
3523.05
3523.05
3523.05
3523.05
3523.05
3523.06
3523.06
3523.06
3523.06
3523.06
3523.06
3523.06
3523.06
3523.06
3523.06
3523.06
3523.06
3523.06
3523.06
3523.06
3523.06
3523.06
3523.06
3523.06
3523.06
3523.06
3523.06
3523.06
3523.06
3523.06
3523.06
3523.06
3523.06
3523.06
3523.06
3523.06
3523.06
3523.06
3523.07
3523.07
3523.07
3523.07
3523.07
3523.07
3523.07
3523.07
3523.07
3523.07
3523.07
3523.07
3523.07
3523.07
3523.07
3523.07
3523.07
3523.07
3523.07
3523.07
3523.07
3523.07
3523.07
3523.07
3523.07
3523.07
3523.07
3523.07
3523.07
3523.07
3523.07
3523.07
3523.07
3523.07
3523.07
3523.07
3523.07
3523.07
3523.07
3523.07
3523.07
3523.07
3523.07
3523.07
3523.07
3523.07
3523.07
3523.07
3523.07
3523.06
3523.06
3523.06
3523.06
3523.06
3523.06
3523.06
3523.06
3523.06
3523.06
3523.06
3523.06
3523.06
3523.06
3523.06
3523.06
3523.06
3523.06
3523.06
3523.06
3523.05
3523.05
3523.05
3523.05
3523.05
3523.05
3523.05
3523.04
3523.04
3523.04
3523.04
3523.04
3523.03
3523.03
3523.03
3523.02
3523.02
3523.02
3523.01
3523.01
3523.01
3523
3523
3523
3522.99
3522.99
3522.98
3522.98
3522.98
3522.97
3522.97
3522.97
3522.97
3522.96
3522.97
3522.97
3522.97
3522.97
3522.97
3522.98
3522.98
3522.98
3522.98
3522.98
3522.98
3522.98
3522.98
3522.98
3522.98
3522.98
3522.98
3522.97
3522.97
3522.97
3522.97
3522.96
3522.96
3522.96
3522.96
3522.95
3522.95
3522.95
3522.94
3522.94
3522.94
3522.94
3522.93
3522.93
3522.93
3522.93
3522.93
3522.92
3522.92
3522.92
3522.92
3522.92
3522.92
3522.92
3522.92
3522.92
3522.92
3522.92
3522.92
3522.92
3522.92
3522.92
3522.92
3522.92
3522.92
3522.92
3522.92
3522.93
3522.93
3522.93
3522.93
3522.93
3522.93
3522.93
3522.93
3522.93
3522.93
3522.94
3522.94
3522.94
3522.94
3522.94
3522.94
3522.94
3522.94
3522.94
3522.94
3522.94
3522.94
3522.94
3522.94
3522.94
3522.94
3522.94
3522.94
3522.94
3522.94
3522.94
3522.94
3522.94
3522.94
3522.94
3522.94
3522.94
3522.94
3522.94
3522.94
3522.94
3522.94
3522.94
3522.94
3522.94
3522.94
3522.94
3522.94
3522.94
3522.94
3522.94
3522.94
3522.94
3522.94
3522.94
3522.94
3522.94
3522.94
3522.94
3522.94
3522.94
3522.94
3522.94
3522.94
3522.94
3522.94
3522.94
3522.94
3522.94
3522.94
3522.94
3522.94
3522.94
3522.94
3522.94
3522.94
3522.94
3522.94
3522.94
3522.94
3522.94
3522.94
3522.94
3522.94
3522.94
3522.94
3522.94
3522.94
3522.94
3522.94
3522.94
3522.94
3522.94
3522.94
3522.94
3522.94
3522.94
3522.94
3522.94
3522.94
3522.94
3522.94
3522.94
3522.94
3522.94
3522.94
3522.94
3522.93
3522.93
3522.93
3522.93
3522.93
3522.93
3522.93
3522.93
3522.92
3522.92
3522.92
3522.92
3522.92
3522.91
3522.91
3522.91
3522.91
3522.9
3522.9
3522.9
3522.9
3522.89
3522.89
3522.88
3522.88
3522.88
3522.87
3522.87
3522.87
3522.86
3522.86
3522.86
3522.85
3522.85
3522.85
3522.85
3522.85
3522.85
3522.85
3522.85
3522.85
3522.85
3522.85
3522.85
3522.85
3522.85
3522.85
3522.85
3522.85
3522.85
3522.85
3522.85
3522.85
3522.85
3522.85
3522.84
3522.84
3522.84
3522.84
3522.83
3522.83
3522.83
3522.82
3522.82
3522.82
3522.82
3522.81
3522.81
3522.81
3522.81
3522.8
3522.8
3522.8
3522.8
3522.8
3522.8
3522.79
3522.79
3522.79
3522.79
3522.79
3522.79
3522.79
3522.79
3522.79
3522.79
3522.79
3522.79
3522.8
3522.8
3522.8
3522.8
3522.8
3522.8
3522.8
3522.81
3522.81
3522.81
3522.81
3522.81
3522.81
3522.81
3522.81
3522.81
3522.81
3522.81
3522.82
3522.82
3522.82
3522.82
3522.82
3522.82
3522.82
3522.82
3522.82
3522.82
3522.82
3522.82
3522.82
3522.82
3522.82
3522.82
3522.82
3522.82
3522.82
3522.82
3522.82
3522.82
3522.82
3522.82
3522.82
3522.82
3522.82
3522.82
3522.82
3522.82
3522.82
3522.82
3522.82
3522.82
3522.82
3522.82
3522.82
3522.82
3522.82
3522.82
3522.82
3522.82
3522.82
3522.82
3522.82
3522.82
3522.82
3522.82
3522.82
3522.82
3522.82
3522.82
3522.82
3522.82
3522.82
3522.82
3522.82
3522.82
3522.82
3522.82
3522.82
3522.82
3522.82
3522.82
3522.82
3522.82
3522.82
3522.82
3522.82
3522.82
3522.82
3522.82
3522.82
3522.82
3522.82
3522.82
3522.82
3522.82
3522.82
3522.82
3522.82
3522.82
3522.82
3522.82
3522.82
3522.82
3522.82
3522.82
3522.82
3522.82
3522.82
3522.82
3522.81
3522.81
3522.81
3522.81
3522.81
3522.81
3522.81
3522.81
3522.81
3522.8
3522.8
3522.8
3522.8
3522.8
3522.8
3522.79
3522.79
3522.79
3522.79
3522.78
3522.78
3522.78
3522.78
3522.77
3522.77
3522.77
3522.76
3522.76
3522.76
3522.75
3522.75
3522.75
3522.74
3522.74
3522.74
3522.74
3522.74
3522.74
3522.74
3522.72
3522.73
3522.73
3522.73
3522.73
3522.73
3522.73
3522.73
3522.73
3522.73
3522.73
3522.73
3522.73
3522.73
3522.72
3522.72
3522.72
3522.72
3522.72
3522.71
3522.71
3522.71
3522.71
3522.7
3522.7
3522.7
3522.7
3522.69
3522.69
3522.69
3522.69
3522.68
3522.68
3522.68
3522.68
3522.67
3522.67
3522.67
3522.67
3522.67
3522.67
3522.67
3522.67
3522.67
3522.67
3522.67
3522.67
3522.67
3522.67
3522.67
3522.67
3522.67
3522.67
3522.67
3522.68
3522.68
3522.68
3522.68
3522.68
3522.68
3522.69
3522.69
3522.69
3522.69
3522.69
3522.69
3522.69
3522.69
3522.69
3522.69
3522.69
3522.69
3522.69
3522.7
3522.7
3522.7
3522.7
3522.7
3522.7
3522.7
3522.7
3522.7
3522.7
3522.7
3522.7
3522.7
3522.7
3522.7
3522.7
3522.7
3522.7
3522.7
3522.7
3522.7
3522.7
3522.7
3522.7
3522.7
3522.7
3522.7
3522.7
3522.7
3522.7
3522.7
3522.7
3522.7
3522.7
3522.7
3522.7
3522.7
3522.7
3522.7
3522.7
3522.7
3522.7
3522.7
3522.7
3522.7
3522.7
3522.7
3522.7
3522.7
3522.7
3522.7
3522.7
3522.7
3522.7
3522.7
3522.7
3522.7
3522.7
3522.7
3522.7
3522.7
3522.7
3522.7
3522.7
3522.7
3522.7
3522.7
3522.7
3522.7
3522.7
3522.7
3522.7
3522.7
3522.7
3522.7
3522.7
3522.7
3522.7
3522.7
3522.7
3522.7
3522.7
3522.7
3522.7
3522.7
3522.69
3522.69
3522.69
3522.69
3522.69
3522.69
3522.69
3522.69
3522.69
3522.69
3522.69
3522.68
3522.68
3522.68
3522.68
3522.68
3522.68
3522.68
3522.67
3522.67
3522.67
3522.67
3522.66
3522.66
3522.66
3522.66
3522.65
3522.65
3522.65
3522.64
3522.64
3522.64
3522.64
3522.63
3522.63
3522.63
3522.63
3522.62
3522.62
3522.62
3522.62
3522.62
3522.6
3522.6
3522.6
3522.6
3522.6
3522.6
3522.6
3522.6
3522.6
3522.6
3522.6
3522.6
3522.6
3522.6
3522.6
3522.6
3522.59
3522.59
3522.59
3522.59
3522.59
3522.58
3522.58
3522.58
3522.58
3522.57
3522.57
3522.57
3522.57
3522.56
3522.56
3522.56
3522.56
3522.55
3522.55
3522.55
3522.55
3522.55
3522.54
3522.54
3522.54
3522.54
3522.54
3522.54
3522.54
3522.54
3522.54
3522.54
3522.54
3522.54
3522.55
3522.55
3522.55
3522.55
3522.55
3522.55
3522.56
3522.56
3522.56
3522.56
3522.56
3522.56
3522.57
3522.57
3522.57
3522.57
3522.57
3522.57
3522.57
3522.57
3522.57
3522.57
3522.57
3522.57
3522.57
3522.57
3522.57
3522.57
3522.57
3522.58
3522.58
3522.58
3522.58
3522.58
3522.58
3522.58
3522.58
3522.58
3522.58
3522.58
3522.58
3522.58
3522.58
3522.58
3522.58
3522.58
3522.58
3522.58
3522.58
3522.58
3522.58
3522.58
3522.58
3522.58
3522.58
3522.58
3522.58
3522.58
3522.58
3522.58
3522.58
3522.58
3522.58
3522.58
3522.58
3522.58
3522.58
3522.58
3522.58
3522.58
3522.58
3522.58
3522.58
3522.58
3522.58
3522.58
3522.58
3522.58
3522.58
3522.58
3522.58
3522.58
3522.58
3522.58
3522.58
3522.58
3522.58
3522.58
3522.58
3522.58
3522.58
3522.58
3522.58
3522.58
3522.58
3522.58
3522.58
3522.58
3522.58
3522.58
3522.58
3522.58
3522.58
3522.58
3522.57
3522.57
3522.57
3522.57
3522.57
3522.57
3522.57
3522.57
3522.57
3522.57
3522.57
3522.57
3522.57
3522.57
3522.56
3522.56
3522.56
3522.56
3522.56
3522.56
3522.56
3522.55
3522.55
3522.55
3522.55
3522.55
3522.54
3522.54
3522.54
3522.54
3522.53
3522.53
3522.53
3522.53
3522.52
3522.52
3522.52
3522.52
3522.51
3522.51
3522.51
3522.51
3522.51
3522.51
3522.51
3522.51
3522.48
3522.48
3522.48
3522.48
3522.48
3522.48
3522.48
3522.48
3522.48
3522.48
3522.48
3522.48
3522.47
3522.47
3522.47
3522.47
3522.47
3522.47
3522.46
3522.46
3522.46
3522.46
3522.45
3522.45
3522.45
3522.45
3522.45
3522.44
3522.44
3522.44
3522.44
3522.43
3522.43
3522.43
3522.43
3522.42
3522.42
3522.42
3522.42
3522.42
3522.42
3522.41
3522.41
3522.41
3522.41
3522.41
3522.42
3522.42
3522.42
3522.42
3522.42
3522.42
3522.43
3522.43
3522.43
3522.43
3522.43
3522.44
3522.44
3522.44
3522.44
3522.44
3522.44
3522.44
3522.45
3522.45
3522.45
3522.45
3522.45
3522.45
3522.45
3522.45
3522.45
3522.45
3522.45
3522.45
3522.45
3522.45
3522.45
3522.45
3522.45
3522.45
3522.45
3522.45
3522.45
3522.45
3522.45
3522.45
3522.45
3522.45
3522.45
3522.45
3522.45
3522.45
3522.46
3522.46
3522.46
3522.46
3522.46
3522.46
3522.46
3522.46
3522.46
3522.46
3522.46
3522.46
3522.46
3522.46
3522.46
3522.46
3522.46
3522.46
3522.46
3522.46
3522.46
3522.46
3522.46
3522.46
3522.46
3522.46
3522.46
3522.46
3522.46
3522.46
3522.46
3522.46
3522.46
3522.46
3522.46
3522.46
3522.46
3522.46
3522.46
3522.46
3522.46
3522.46
3522.46
3522.46
3522.46
3522.46
3522.46
3522.46
3522.46
3522.46
3522.46
3522.46
3522.46
3522.45
3522.45
3522.45
3522.45
3522.45
3522.45
3522.45
3522.45
3522.45
3522.45
3522.45
3522.45
3522.45
3522.45
3522.45
3522.45
3522.45
3522.45
3522.45
3522.45
3522.44
3522.44
3522.44
3522.44
3522.44
3522.44
3522.44
3522.44
3522.43
3522.43
3522.43
3522.43
3522.43
3522.42
3522.42
3522.42
3522.42
3522.42
3522.41
3522.41
3522.41
3522.41
3522.4
3522.4
3522.4
3522.4
3522.39
3522.39
3522.39
3522.39
3522.39
3522.39
3522.39
3522.35
3522.34
3522.35
3522.35
3522.35
3522.35
3522.36
3522.36
3522.35
3522.35
3522.35
3522.35
3522.35
3522.35
3522.34
3522.34
3522.34
3522.34
3522.34
3522.34
3522.33
3522.33
3522.33
3522.33
3522.32
3522.32
3522.32
3522.32
3522.32
3522.31
3522.31
3522.31
3522.31
3522.3
3522.3
3522.3
3522.3
3522.29
3522.29
3522.29
3522.29
3522.29
3522.29
3522.29
3522.29
3522.29
3522.29
3522.29
3522.29
3522.29
3522.3
3522.3
3522.3
3522.3
3522.31
3522.31
3522.31
3522.31
3522.32
3522.32
3522.32
3522.32
3522.32
3522.32
3522.32
3522.32
3522.33
3522.33
3522.33
3522.33
3522.33
3522.33
3522.33
3522.33
3522.33
3522.33
3522.33
3522.33
3522.33
3522.33
3522.33
3522.33
3522.33
3522.33
3522.33
3522.33
3522.33
3522.33
3522.33
3522.33
3522.33
3522.33
3522.33
3522.33
3522.33
3522.33
3522.33
3522.33
3522.33
3522.33
3522.33
3522.33
3522.33
3522.33
3522.33
3522.33
3522.33
3522.33
3522.33
3522.33
3522.33
3522.33
3522.33
3522.33
3522.33
3522.33
3522.33
3522.33
3522.33
3522.33
3522.33
3522.33
3522.33
3522.33
3522.33
3522.33
3522.33
3522.33
3522.33
3522.33
3522.33
3522.33
3522.33
3522.33
3522.33
3522.33
3522.33
3522.33
3522.33
3522.33
3522.33
3522.33
3522.33
3522.33
3522.33
3522.33
3522.33
3522.33
3522.33
3522.33
3522.33
3522.33
3522.33
3522.33
3522.33
3522.33
3522.33
3522.33
3522.33
3522.33
3522.33
3522.33
3522.33
3522.33
3522.33
3522.33
3522.32
3522.32
3522.32
3522.32
3522.32
3522.32
3522.32
3522.32
3522.32
3522.31
3522.31
3522.31
3522.31
3522.31
3522.3
3522.3
3522.3
3522.3
3522.3
3522.29
3522.29
3522.29
3522.29
3522.29
3522.28
3522.28
3522.28
3522.28
3522.28
3522.28
3522.28
3522.28
3522.28
3522.28
3522.22
3522.17
3522.25
3522.27
3522.28
3522.29
3522.24
3522.22
3522.22
3522.22
3522.22
3522.22
3522.22
3522.22
3522.22
3522.22
3522.21
3522.21
3522.21
3522.21
3522.21
3522.21
3522.2
3522.2
3522.2
3522.2
3522.19
3522.19
3522.19
3522.19
3522.19
3522.18
3522.18
3522.18
3522.18
3522.17
3522.17
3522.17
3522.17
3522.17
3522.17
3522.16
3522.16
3522.16
3522.16
3522.16
3522.17
3522.17
3522.17
3522.17
3522.17
3522.17
3522.18
3522.18
3522.18
3522.19
3522.19
3522.19
3522.19
3522.2
3522.2
3522.2
3522.2
3522.2
3522.2
3522.2
3522.2
3522.2
3522.21
3522.21
3522.21
3522.21
3522.21
3522.21
3522.21
3522.21
3522.21
3522.21
3522.21
3522.21
3522.21
3522.21
3522.21
3522.21
3522.21
3522.21
3522.21
3522.21
3522.21
3522.21
3522.21
3522.21
3522.21
3522.21
3522.21
3522.21
3522.21
3522.21
3522.21
3522.21
3522.21
3522.21
3522.21
3522.21
3522.21
3522.21
3522.21
3522.21
3522.21
3522.21
3522.21
3522.21
3522.21
3522.21
3522.21
3522.21
3522.21
3522.21
3522.21
3522.21
3522.21
3522.21
3522.21
3522.21
3522.21
3522.21
3522.21
3522.21
3522.21
3522.21
3522.21
3522.21
3522.21
3522.21
3522.21
3522.21
3522.21
3522.21
3522.21
3522.21
3522.21
3522.21
3522.21
3522.21
3522.21
3522.21
3522.21
3522.21
3522.21
3522.21
3522.21
3522.21
3522.21
3522.21
3522.21
3522.21
3522.21
3522.21
3522.21
3522.21
3522.21
3522.21
3522.21
3522.21
3522.2
3522.2
3522.2
3522.2
3522.2
3522.2
3522.2
3522.2
3522.2
3522.2
3522.19
3522.19
3522.19
3522.19
3522.19
3522.19
3522.19
3522.18
3522.18
3522.18
3522.18
3522.18
3522.17
3522.17
3522.17
3522.17
3522.17
3522.16
3522.16
3522.16
3522.16
3522.16
3522.16
3522.16
3522.16
3522.16
3522.1
3519.62
3521.58
3521.84
3521.41
3521.21
3521.99
3522.18
3522.17
3522.14
3522.13
3522.11
3522.11
3522.1
3522.1
3522.09
3522.09
3522.09
3522.08
3522.08
3522.08
3522.08
3522.08
3522.07
3522.07
3522.07
3522.07
3522.07
3522.06
3522.06
3522.06
3522.06
3522.06
3522.05
3522.05
3522.05
3522.05
3522.05
3522.05
3522.05
3522.05
3522.06
3522.06
3522.06
3522.06
3522.06
3522.06
3522.06
3522.05
3522.05
3522.05
3522.05
3522.05
3522.06
3522.06
3522.06
3522.07
3522.07
3522.07
3522.07
3522.08
3522.08
3522.08
3522.08
3522.08
3522.08
3522.08
3522.08
3522.08
3522.08
3522.08
3522.09
3522.09
3522.09
3522.09
3522.09
3522.09
3522.09
3522.09
3522.09
3522.09
3522.09
3522.09
3522.09
3522.09
3522.09
3522.09
3522.09
3522.09
3522.09
3522.09
3522.09
3522.09
3522.09
3522.09
3522.09
3522.09
3522.09
3522.09
3522.09
3522.09
3522.09
3522.09
3522.09
3522.09
3522.09
3522.09
3522.09
3522.09
3522.09
3522.09
3522.09
3522.09
3522.09
3522.09
3522.09
3522.09
3522.09
3522.09
3522.09
3522.09
3522.09
3522.09
3522.09
3522.09
3522.09
3522.09
3522.09
3522.09
3522.09
3522.09
3522.09
3522.09
3522.09
3522.09
3522.09
3522.09
3522.09
3522.09
3522.09
3522.09
3522.09
3522.09
3522.09
3522.09
3522.09
3522.09
3522.09
3522.09
3522.09
3522.09
3522.09
3522.09
3522.09
3522.09
3522.09
3522.09
3522.09
3522.09
3522.09
3522.09
3522.09
3522.08
3522.08
3522.08
3522.08
3522.08
3522.08
3522.08
3522.08
3522.08
3522.08
3522.08
3522.08
3522.07
3522.07
3522.07
3522.07
3522.07
3522.07
3522.07
3522.06
3522.06
3522.06
3522.06
3522.06
3522.06
3522.05
3522.05
3522.05
3522.05
3522.05
3522.05
3522.05
3522.04
3522.04
3522.04
3522.04
3522.04
3522.05
3521.26
3496.84
3517.16
3522.22
3529.35
3532.1
3523.33
3521.5
3521.62
3521.74
3521.81
3521.86
3521.89
3521.92
3521.93
3521.94
3521.95
3521.96
3521.96
3521.96
3521.96
3521.96
3521.96
3521.96
3521.95
3521.95
3521.95
3521.95
3521.95
3521.94
3521.94
3521.94
3521.94
3521.94
3521.94
3521.95
3521.96
3521.97
3521.99
3522.01
3522.04
3522.07
3522.1
3522.13
3522.14
3522.14
3522.12
3522.08
3522.03
3521.99
3521.95
3521.94
3521.93
3521.94
3521.94
3521.94
3521.94
3521.95
3521.95
3521.95
3521.95
3521.96
3521.96
3521.96
3521.96
3521.96
3521.96
3521.96
3521.96
3521.96
3521.96
3521.96
3521.96
3521.96
3521.96
3521.97
3521.97
3521.97
3521.97
3521.97
3521.97
3521.97
3521.97
3521.97
3521.97
3521.97
3521.97
3521.97
3521.97
3521.97
3521.97
3521.97
3521.97
3521.97
3521.97
3521.97
3521.97
3521.97
3521.97
3521.97
3521.97
3521.97
3521.97
3521.97
3521.97
3521.97
3521.97
3521.97
3521.97
3521.97
3521.97
3521.97
3521.97
3521.97
3521.97
3521.97
3521.97
3521.97
3521.97
3521.97
3521.97
3521.97
3521.97
3521.97
3521.97
3521.97
3521.97
3521.97
3521.97
3521.97
3521.97
3521.97
3521.97
3521.97
3521.97
3521.97
3521.97
3521.97
3521.97
3521.97
3521.97
3521.97
3521.97
3521.97
3521.97
3521.97
3521.97
3521.97
3521.97
3521.97
3521.97
3521.97
3521.97
3521.97
3521.97
3521.97
3521.97
3521.97
3521.97
3521.96
3521.96
3521.96
3521.96
3521.96
3521.96
3521.96
3521.96
3521.96
3521.96
3521.96
3521.96
3521.96
3521.96
3521.96
3521.95
3521.95
3521.95
3521.95
3521.95
3521.95
3521.95
3521.94
3521.94
3521.94
3521.94
3521.94
3521.94
3521.94
3521.93
3521.93
3521.93
3521.93
3521.93
3521.93
3521.93
3521.93
3521.93
3521.93
3521.93
3521.93
3519.71
3409.64
3485.99
3514.8
3470.04
3461.79
3515.65
3524.33
3523.45
3522.95
3522.69
3522.49
3522.31
3522.16
3522.05
3521.97
3521.91
3521.87
3521.84
3521.82
3521.8
3521.79
3521.78
3521.78
3521.78
3521.78
3521.79
3521.8
3521.81
3521.82
3521.83
3521.85
3521.87
3521.9
3521.94
3521.99
3522.06
3522.15
3522.27
3522.43
3522.61
3522.82
3523.03
3523.22
3523.34
3523.36
3523.25
3523.01
3522.69
3522.36
3522.09
3521.92
3521.85
3521.82
3521.82
3521.82
3521.82
3521.83
3521.83
3521.83
3521.83
3521.83
3521.84
3521.84
3521.84
3521.84
3521.84
3521.84
3521.84
3521.84
3521.84
3521.84
3521.84
3521.84
3521.84
3521.84
3521.84
3521.84
3521.84
3521.84
3521.84
3521.84
3521.84
3521.84
3521.84
3521.84
3521.85
3521.85
3521.85
3521.85
3521.85
3521.85
3521.85
3521.85
3521.85
3521.85
3521.85
3521.85
3521.85
3521.85
3521.85
3521.85
3521.85
3521.85
3521.85
3521.85
3521.85
3521.85
3521.85
3521.85
3521.85
3521.85
3521.85
3521.85
3521.85
3521.85
3521.85
3521.85
3521.85
3521.85
3521.85
3521.85
3521.85
3521.85
3521.85
3521.85
3521.85
3521.85
3521.85
3521.85
3521.85
3521.85
3521.85
3521.85
3521.85
3521.85
3521.85
3521.85
3521.85
3521.85
3521.85
3521.85
3521.85
3521.85
3521.85
3521.85
3521.85
3521.85
3521.85
3521.85
3521.85
3521.85
3521.85
3521.85
3521.84
3521.84
3521.84
3521.84
3521.84
3521.84
3521.84
3521.84
3521.84
3521.84
3521.84
3521.84
3521.84
3521.84
3521.84
3521.84
3521.84
3521.84
3521.84
3521.83
3521.83
3521.83
3521.83
3521.83
3521.83
3521.83
3521.83
3521.83
3521.82
3521.82
3521.82
3521.82
3521.82
3521.82
3521.82
3521.82
3521.81
3521.81
3521.81
3521.81
3521.81
3521.81
3521.81
3521.81
3521.81
3521.82
3516.28
3308.8
3443.01
3388.85
3616.58
3651.68
3554
3511.87
3516.41
3517.75
3518.09
3518.63
3519.38
3520.08
3520.61
3520.99
3521.27
3521.46
3521.62
3521.74
3521.84
3521.92
3521.97
3522.01
3522.04
3522.06
3522.07
3522.08
3522.09
3522.11
3522.14
3522.2
3522.28
3522.41
3522.6
3522.86
3523.23
3523.71
3524.33
3525.11
3526.03
3527.07
3528.15
3529.14
3529.88
3530.16
3529.81
3528.8
3527.23
3525.43
3523.8
3522.65
3522.03
3521.79
3521.72
3521.7
3521.7
3521.71
3521.71
3521.71
3521.71
3521.71
3521.71
3521.72
3521.72
3521.72
3521.72
3521.72
3521.72
3521.72
3521.72
3521.72
3521.72
3521.72
3521.72
3521.72
3521.72
3521.72
3521.72
3521.72
3521.72
3521.72
3521.72
3521.72
3521.72
3521.72
3521.72
3521.72
3521.72
3521.72
3521.72
3521.72
3521.72
3521.72
3521.72
3521.72
3521.72
3521.72
3521.72
3521.72
3521.72
3521.72
3521.72
3521.72
3521.72
3521.72
3521.72
3521.72
3521.72
3521.72
3521.72
3521.72
3521.72
3521.72
3521.72
3521.72
3521.72
3521.72
3521.72
3521.72
3521.72
3521.72
3521.72
3521.72
3521.72
3521.72
3521.72
3521.72
3521.72
3521.72
3521.72
3521.72
3521.72
3521.72
3521.72
3521.72
3521.72
3521.72
3521.72
3521.72
3521.72
3521.72
3521.72
3521.72
3521.72
3521.72
3521.72
3521.72
3521.72
3521.72
3521.72
3521.72
3521.72
3521.72
3521.72
3521.72
3521.72
3521.72
3521.72
3521.72
3521.72
3521.72
3521.72
3521.72
3521.72
3521.72
3521.72
3521.72
3521.72
3521.72
3521.72
3521.72
3521.72
3521.71
3521.71
3521.71
3521.71
3521.71
3521.71
3521.71
3521.71
3521.71
3521.71
3521.7
3521.7
3521.7
3521.7
3521.7
3521.7
3521.7
3521.7
3521.7
3521.7
3521.7
3521.7
3521.7
3521.7
3521.7
3521.7
3521.7
3333.61
3288.69
3408.08
3103.23
3373.67
3448.3
3478.79
3549.54
3532.39
3531.53
3534.51
3534.09
3531.43
3528.57
3526.39
3524.85
3523.78
3523
3522.4
3521.92
3521.53
3521.23
3521.04
3520.95
3520.96
3521.04
3521.21
3521.44
3521.74
3522.12
3522.6
3523.19
3523.92
3524.81
3525.9
3527.25
3528.91
3530.96
3533.48
3536.52
3540.07
3544.06
3548.26
3552.25
3555.49
3557.24
3556.82
3553.79
3548.26
3541.07
3533.7
3527.71
3524.01
3522.32
3521.75
3521.61
3521.59
3521.59
3521.59
3521.59
3521.59
3521.59
3521.59
3521.59
3521.6
3521.6
3521.6
3521.6
3521.6
3521.6
3521.6
3521.6
3521.6
3521.6
3521.6
3521.6
3521.6
3521.6
3521.6
3521.6
3521.6
3521.6
3521.6
3521.6
3521.6
3521.6
3521.6
3521.6
3521.6
3521.6
3521.6
3521.6
3521.6
3521.6
3521.6
3521.6
3521.6
3521.6
3521.6
3521.6
3521.6
3521.6
3521.6
3521.6
3521.6
3521.6
3521.6
3521.6
3521.6
3521.6
3521.6
3521.6
3521.6
3521.6
3521.6
3521.6
3521.6
3521.6
3521.6
3521.6
3521.6
3521.6
3521.6
3521.6
3521.6
3521.6
3521.6
3521.6
3521.6
3521.6
3521.6
3521.6
3521.6
3521.6
3521.6
3521.6
3521.6
3521.6
3521.6
3521.6
3521.6
3521.6
3521.6
3521.6
3521.6
3521.6
3521.6
3521.6
3521.6
3521.6
3521.6
3521.6
3521.6
3521.6
3521.6
3521.6
3521.6
3521.6
3521.6
3521.6
3521.6
3521.6
3521.6
3521.6
3521.6
3521.6
3521.6
3521.6
3521.6
3521.6
3521.6
3521.6
3521.59
3521.59
3521.59
3521.59
3521.59
3521.59
3521.59
3521.59
3521.59
3521.59
3521.59
3521.59
3521.58
3521.58
3521.58
3521.58
3521.58
3521.58
3521.58
3521.58
3521.58
3521.58
3521.58
3521.58
3521.58
3521.58
3521.58
3521.59
3302.29
3603.23
3495.17
4007.35
3508.42
3653.56
3672.23
3481.85
3493.41
3486.54
3481.48
3481.45
3491.05
3499.64
3506.05
3510.96
3514.77
3517.75
3520.18
3522.27
3524.14
3525.87
3527.45
3528.83
3530.05
3531.11
3532.03
3532.88
3533.7
3534.51
3535.41
3536.49
3537.86
3539.69
3542.16
3545.51
3549.99
3555.79
3563.14
3572.14
3582.7
3594.56
3607.16
3619.54
3630.34
3637.71
3639.57
3634.08
3620.4
3599.63
3575.12
3551.95
3535.09
3526.11
3522.68
3521.71
3521.51
3521.47
3521.47
3521.47
3521.47
3521.47
3521.47
3521.47
3521.47
3521.48
3521.48
3521.48
3521.48
3521.48
3521.48
3521.48
3521.48
3521.48
3521.48
3521.48
3521.48
3521.48
3521.48
3521.48
3521.48
3521.48
3521.48
3521.48
3521.48
3521.48
3521.48
3521.48
3521.48
3521.48
3521.48
3521.48
3521.48
3521.48
3521.48
3521.48
3521.48
3521.48
3521.48
3521.48
3521.48
3521.48
3521.48
3521.48
3521.48
3521.48
3521.48
3521.48
3521.48
3521.48
3521.48
3521.48
3521.48
3521.48
3521.48
3521.48
3521.48
3521.48
3521.48
3521.48
3521.48
3521.48
3521.48
3521.48
3521.48
3521.48
3521.48
3521.48
3521.48
3521.48
3521.48
3521.48
3521.48
3521.48
3521.48
3521.48
3521.48
3521.48
3521.48
3521.48
3521.48
3521.48
3521.48
3521.48
3521.48
3521.48
3521.48
3521.48
3521.48
3521.48
3521.48
3521.48
3521.48
3521.48
3521.48
3521.48
3521.48
3521.48
3521.48
3521.48
3521.48
3521.48
3521.48
3521.48
3521.48
3521.48
3521.48
3521.48
3521.48
3521.48
3521.48
3521.48
3521.47
3521.47
3521.47
3521.47
3521.47
3521.47
3521.47
3521.47
3521.47
3521.47
3521.47
3521.47
3521.47
3521.46
3521.46
3521.46
3521.46
3521.46
3521.46
3521.46
3521.46
3521.46
3521.46
3521.46
3521.46
3521.46
3521.47
3521.47
3623.58
3398.38
3365.03
3301.68
3266.16
3205.12
3284.39
3407.47
3522.38
3425.98
3587.16
3593.27
3586.65
3581.48
3576.82
3572.2
3567.52
3562.74
3557.87
3553.01
3548.4
3544.3
3541.09
3539.13
3538.39
3538.51
3539.15
3540.15
3541.63
3543.82
3546.97
3551.34
3557.22
3564.86
3574.48
3586.28
3600.43
3617.07
3636.29
3658.06
3682.24
3708.47
3736.09
3764.01
3790.44
3812.47
3825.67
3824.39
3803.7
3762.23
3703.83
3638.28
3580.89
3544.38
3528.08
3522.87
3521.62
3521.39
3521.35
3521.35
3521.35
3521.35
3521.35
3521.35
3521.35
3521.35
3521.36
3521.36
3521.36
3521.36
3521.36
3521.36
3521.36
3521.36
3521.36
3521.36
3521.36
3521.36
3521.36
3521.36
3521.36
3521.36
3521.36
3521.36
3521.36
3521.36
3521.36
3521.36
3521.36
3521.36
3521.36
3521.36
3521.36
3521.36
3521.36
3521.36
3521.36
3521.36
3521.36
3521.36
3521.36
3521.36
3521.36
3521.36
3521.36
3521.36
3521.36
3521.36
3521.36
3521.36
3521.36
3521.36
3521.36
3521.36
3521.36
3521.36
3521.36
3521.36
3521.36
3521.36
3521.36
3521.36
3521.36
3521.36
3521.36
3521.36
3521.36
3521.36
3521.36
3521.36
3521.36
3521.36
3521.36
3521.36
3521.36
3521.36
3521.36
3521.36
3521.36
3521.36
3521.36
3521.36
3521.36
3521.36
3521.36
3521.36
3521.36
3521.36
3521.36
3521.36
3521.36
3521.36
3521.36
3521.36
3521.36
3521.36
3521.36
3521.36
3521.36
3521.36
3521.36
3521.36
3521.36
3521.36
3521.36
3521.36
3521.36
3521.36
3521.36
3521.36
3521.36
3521.35
3521.35
3521.35
3521.35
3521.35
3521.35
3521.35
3521.35
3521.35
3521.35
3521.35
3521.35
3521.35
3521.35
3521.35
3521.35
3521.35
3521.34
3521.34
3521.34
3521.34
3521.34
3521.34
3521.34
3521.34
3521.35
3521.35
3521.35
3521.36
4701.13
4668.05
4661.82
4645.61
4639.02
4668.1
4553.18
4155.41
3572.39
3308.09
3458.6
3543.12
3553.96
3555.7
3558.35
3561.89
3564.43
3564.67
3562.76
3560.87
3562.37
3569.92
3583.69
3600.58
3616.42
3628.81
3637.65
3644.13
3649.67
3655.18
3661.29
3668.45
3676.88
3686.77
3698.29
3711.67
3727.27
3745.42
3766.5
3790.86
3818.71
3850.41
3886.5
3928.01
3976.09
4030.01
4083.5
4121.45
4124.68
4081.98
3993.68
3865.63
3722.51
3610.23
3550.62
3528.61
3522.69
3521.46
3521.26
3521.23
3521.23
3521.23
3521.23
3521.23
3521.23
3521.23
3521.23
3521.23
3521.23
3521.24
3521.24
3521.24
3521.24
3521.24
3521.24
3521.24
3521.24
3521.24
3521.24
3521.24
3521.24
3521.24
3521.24
3521.24
3521.24
3521.24
3521.24
3521.24
3521.24
3521.24
3521.24
3521.24
3521.24
3521.24
3521.24
3521.24
3521.24
3521.24
3521.24
3521.24
3521.24
3521.24
3521.24
3521.24
3521.24
3521.24
3521.24
3521.24
3521.24
3521.24
3521.24
3521.24
3521.24
3521.24
3521.24
3521.24
3521.24
3521.24
3521.24
3521.24
3521.24
3521.24
3521.24
3521.24
3521.24
3521.24
3521.24
3521.24
3521.24
3521.24
3521.24
3521.24
3521.24
3521.24
3521.24
3521.24
3521.24
3521.24
3521.24
3521.24
3521.24
3521.24
3521.24
3521.24
3521.24
3521.24
3521.24
3521.24
3521.24
3521.24
3521.24
3521.24
3521.24
3521.24
3521.24
3521.24
3521.24
3521.24
3521.24
3521.24
3521.24
3521.24
3521.24
3521.24
3521.24
3521.24
3521.24
3521.24
3521.24
3521.23
3521.23
3521.23
3521.23
3521.23
3521.23
3521.23
3521.23
3521.23
3521.23
3521.23
3521.23
3521.23
3521.23
3521.23
3521.23
3521.23
3521.23
3521.23
3521.23
3521.23
3521.23
3521.23
3521.23
3521.23
3521.23
3521.23
3521.23
3521.23
3521.23
3521.24
4714.02
4700.23
4703.99
4709.26
4689.33
4721.73
4673.31
4702.04
4488.21
4473.16
4444.32
4432.16
4426.43
4419.34
4409.37
4399.12
4389.89
4379.28
4367.54
4355.17
4328.69
4268.84
4178.57
4081.89
3998.55
3933.13
3882.33
3842.75
3811.98
3787.45
3767.82
3753.35
3744.97
3743.54
3749.36
3761.93
3780.37
3803.92
3831.81
3863.2
3896.9
3931.97
3968.04
4005.6
4044.6
4081.05
4107.6
4128.79
4176.72
4270.61
4339.37
4264.3
4036.45
3784.65
3620.39
3549.09
3527.17
3522.15
3521.26
3521.13
3521.11
3521.11
3521.11
3521.11
3521.11
3521.11
3521.11
3521.11
3521.11
3521.11
3521.11
3521.11
3521.11
3521.11
3521.11
3521.11
3521.11
3521.11
3521.11
3521.11
3521.11
3521.11
3521.11
3521.11
3521.11
3521.11
3521.11
3521.11
3521.11
3521.11
3521.11
3521.11
3521.11
3521.11
3521.11
3521.11
3521.11
3521.11
3521.11
3521.11
3521.11
3521.11
3521.11
3521.11
3521.12
3521.12
3521.12
3521.12
3521.12
3521.12
3521.12
3521.12
3521.12
3521.12
3521.12
3521.12
3521.12
3521.12
3521.12
3521.12
3521.12
3521.12
3521.12
3521.12
3521.12
3521.12
3521.12
3521.12
3521.12
3521.12
3521.12
3521.12
3521.12
3521.12
3521.12
3521.12
3521.12
3521.12
3521.12
3521.12
3521.12
3521.12
3521.12
3521.12
3521.12
3521.12
3521.12
3521.12
3521.12
3521.12
3521.12
3521.12
3521.12
3521.12
3521.12
3521.12
3521.12
3521.12
3521.12
3521.12
3521.12
3521.12
3521.12
3521.12
3521.12
3521.12
3521.12
3521.11
3521.11
3521.11
3521.11
3521.11
3521.11
3521.11
3521.11
3521.11
3521.11
3521.11
3521.11
3521.11
3521.11
3521.11
3521.11
3521.11
3521.11
3521.11
3521.11
3521.11
3521.11
3521.11
3521.11
3521.11
3521.11
3521.11
3521.11
3521.11
3521.11
3521.11
3521.11
3521.12
4711.3
4701.87
4703.52
4707.75
4696.32
4713.15
4693.87
4713.9
4692.08
4682.54
4677.11
4673.53
4670.82
4668.54
4666.58
4664.53
4661.92
4659.1
4655.6
4649.7
4640.22
4626.08
4606.78
4584.2
4563.04
4547.71
4538.32
4532.86
4530.1
4528.31
4524.59
4515.3
4497.75
4472.44
4443.11
4414.54
4390.61
4374.29
4367.52
4370.75
4382.16
4399.03
4420.08
4447.76
4485.03
4526.19
4552.11
4547.16
4530.52
4552.24
4621.81
4633.59
4438.96
4082.28
3769.98
3601.8
3540.42
3524.56
3521.52
3521.06
3521
3521
3521
3521
3521
3521
3521
3521
3521
3521
3520.99
3520.99
3520.99
3520.99
3520.99
3520.99
3520.99
3520.99
3520.99
3520.99
3520.99
3520.99
3520.99
3520.99
3520.99
3520.99
3520.99
3520.99
3520.99
3520.99
3520.99
3520.99
3520.99
3520.99
3520.99
3520.99
3520.99
3520.99
3520.99
3520.99
3520.99
3520.99
3520.99
3520.99
3520.99
3520.99
3520.99
3520.99
3520.99
3520.99
3520.99
3520.99
3520.99
3521
3521
3521
3521
3521
3521
3521
3521
3521
3521
3521
3521
3521
3521
3521
3521
3521
3521
3521
3521
3521
3521
3521
3521
3521
3521
3521
3521
3521
3521
3521
3521
3521
3521
3521
3521
3521
3521
3521
3521
3521
3521
3521
3521
3521
3521
3521
3521
3521
3521
3521
3521
3521
3521
3521
3521
3521
3521
3521
3521
3521
3521
3521
3521
3521
3520.99
3520.99
3520.99
3520.99
3520.99
3520.99
3520.99
3520.99
3520.99
3520.99
3520.99
3520.99
3520.99
3520.99
3520.99
3520.99
3520.99
3520.99
3520.99
3520.99
3521
3521
4705.72
4704.8
4704.5
4705.51
4703.56
4705.74
4703.77
4705.36
4704.95
4704.37
4703.99
4703.73
4703.5
4703.29
4703.09
4702.87
4702.57
4702.19
4701.74
4701
4699.9
4698.37
4696.23
4693.59
4691.01
4689.01
4687.67
4686.78
4685.95
4684.84
4683.2
4680.7
4677.07
4672.42
4667.63
4663.65
4660.9
4659.53
4660.27
4664.23
4671.47
4679.93
4686.39
4689.46
4691.05
4694.74
4702.94
4715.52
4732.11
4753.43
4765.97
4720.06
4549.42
4247.81
3915.75
3677.16
3564.46
3529.46
3522.13
3521.03
3520.91
3520.89
3520.89
3520.89
3520.89
3520.89
3520.89
3520.89
3520.89
3520.89
3520.89
3520.89
3520.89
3520.89
3520.89
3520.89
3520.89
3520.89
3520.89
3520.89
3520.89
3520.89
3520.89
3520.89
3520.89
3520.89
3520.89
3520.89
3520.89
3520.89
3520.89
3520.89
3520.89
3520.89
3520.89
3520.89
3520.89
3520.89
3520.89
3520.89
3520.89
3520.89
3520.89
3520.89
3520.89
3520.89
3520.89
3520.89
3520.89
3520.89
3520.89
3520.89
3520.89
3520.89
3520.89
3520.89
3520.89
3520.89
3520.89
3520.89
3520.89
3520.89
3520.89
3520.89
3520.89
3520.89
3520.89
3520.89
3520.89
3520.89
3520.89
3520.89
3520.89
3520.89
3520.89
3520.89
3520.89
3520.89
3520.89
3520.89
3520.89
3520.89
3520.89
3520.89
3520.89
3520.89
3520.89
3520.89
3520.89
3520.89
3520.89
3520.89
3520.89
3520.89
3520.89
3520.89
3520.89
3520.89
3520.89
3520.89
3520.89
3520.89
3520.89
3520.89
3520.89
3520.89
3520.89
3520.89
3520.89
3520.89
3520.89
3520.89
3520.89
3520.89
3520.89
3520.89
3520.89
3520.89
3520.89
3520.89
3520.89
3520.89
3520.89
3520.89
3520.89
3520.89
3520.89
3520.89
3520.89
3520.89
3520.89
3520.89
3520.89
3520.89
3520.89
3520.89
3520.89
3520.89
3520.89
3520.89
)
;

boundaryField
{
    inletTop
    {
        type            calculated;
        value           uniform 4704.92;
    }
    inletBottom
    {
        type            calculated;
        value           uniform 3525.69;
    }
    outletTop
    {
        type            calculated;
        value           nonuniform List<scalar> 4(3521.24 3521.12 3521 3520.89);
    }
    walls
    {
        type            calculated;
        value           nonuniform List<scalar> 
464
(
3623.58
3302.29
3333.61
3516.28
3519.71
3521.26
3522.1
3522.22
3522.35
3522.48
3522.6
3522.72
3522.85
3522.97
3523.09
3523.22
3523.34
3523.46
3523.58
3523.7
3523.82
3523.94
3524.06
3524.17
3524.31
3524.37
3524.56
3524.6
3524.76
3524.86
3524.99
3525.12
3520.89
3520.89
3520.89
3520.89
3520.89
3520.89
3520.89
3520.89
3520.89
3520.89
3520.89
3520.89
3520.89
3520.89
3520.89
3520.89
3520.89
3520.89
3520.89
3520.89
3520.89
3520.89
3520.89
3520.89
3520.89
3520.89
3520.89
3520.89
3520.89
3520.89
3520.89
3520.89
3520.89
3520.89
3520.89
3520.89
3520.89
3520.89
3520.89
3520.89
3520.89
3520.89
3520.89
3520.89
3520.89
3520.89
3520.89
3520.89
3520.89
3520.89
3520.89
3520.89
3520.89
3520.89
3520.89
3520.89
3520.89
3520.89
3520.89
3520.89
3520.89
3520.89
3520.89
3520.89
3520.89
3520.89
3520.89
3520.89
3520.89
3520.89
3520.89
3520.89
3520.89
3520.89
3520.89
3520.89
3520.89
3520.89
3520.89
3520.89
3520.89
3520.89
3520.89
3520.89
3520.89
3520.89
3520.89
3520.89
3520.89
3520.89
3520.89
3520.89
3520.89
3520.89
3520.89
3520.89
3520.89
3520.89
3520.89
3520.89
3520.89
3520.89
3520.89
3520.89
3520.89
3520.89
3520.89
3520.89
3520.89
3520.89
3520.89
3520.89
3520.89
3520.89
3520.89
3520.89
3520.89
3520.89
3520.89
3520.89
3520.89
3520.89
3520.89
3520.89
3520.89
3520.89
3520.89
3520.89
3520.89
3520.89
3520.89
3520.89
3520.89
3520.89
3520.89
3520.89
3520.89
3520.89
3520.89
3520.91
3521.03
3522.13
3529.46
3564.46
3677.16
3915.75
4247.81
4549.42
4720.06
4765.97
4753.43
4732.11
4715.52
4702.94
4694.74
4691.05
4689.46
4686.39
4679.93
4671.47
4664.23
4660.27
4659.53
4660.9
4663.65
4667.63
4672.42
4677.07
4680.7
4683.2
4684.84
4685.95
4686.78
4687.67
4689.01
4691.01
4693.59
4696.23
4698.37
4699.9
4701
4701.74
4702.19
4702.57
4702.87
4703.09
4703.29
4703.5
4703.73
4703.99
4704.37
4704.95
4705.36
4703.77
4705.74
4703.56
4705.51
4704.5
4704.8
4705.72
3525.68
3525.68
3525.69
3525.68
3525.68
3525.69
3525.68
3525.69
3525.68
3525.67
3525.69
3525.66
3525.65
3525.67
3525.61
3525.51
3525.49
3525.54
3525.58
3525.61
3525.61
3525.62
3525.62
3525.62
3525.62
3525.62
3525.61
3525.61
3525.61
3525.61
3525.61
3525.61
3525.61
3525.61
3525.61
3525.61
3525.61
3525.61
3525.61
3525.61
3525.61
3525.61
3525.61
3525.61
3525.61
3525.61
3525.61
3525.61
3525.61
3525.61
3525.61
3525.61
3525.61
3525.61
3525.61
3525.61
3525.61
3525.61
3525.61
3525.61
3525.61
3525.61
3525.61
3525.61
3525.61
3525.61
3525.61
3525.61
3525.61
3525.61
3525.61
3525.61
3525.61
3525.61
3525.61
3525.61
3525.61
3525.61
3525.61
3525.61
3525.61
3525.61
3525.61
3525.61
3525.61
3525.61
3525.61
3525.61
3525.61
3525.61
3525.61
3525.61
3525.61
3525.61
3525.61
3525.61
3525.61
3525.61
3525.61
3525.61
3525.61
3525.61
3525.61
3525.61
3525.61
3525.61
3525.61
3525.61
3525.61
3525.61
3525.61
3525.61
3525.61
3525.61
3525.61
3525.61
3525.61
3525.61
3525.61
3525.61
3525.61
3525.61
3525.61
3525.61
3525.61
3525.61
3525.61
3525.61
3525.61
3525.61
3525.61
3525.61
3525.61
3525.61
3525.61
3525.61
3525.61
3525.61
3525.61
3525.61
3525.61
3525.61
3525.61
3525.61
3525.61
3525.61
3525.61
3525.61
3525.61
3525.61
3525.61
3525.61
3525.61
3525.61
3525.61
3525.61
3525.61
3525.61
3525.61
3525.61
3525.61
3525.61
3525.61
3525.61
3525.61
3525.61
3525.61
3525.61
3525.61
3525.61
3525.61
3525.61
3525.61
3525.61
3525.61
3525.61
3525.61
3525.61
3525.61
3525.61
3525.61
3525.6
3525.63
3525.58
3525.64
3525.57
3525.65
3525.56
3525.66
3525.55
3525.66
3525.55
3525.66
3525.55
3525.65
3525.55
3525.63
3525.55
3525.6
3525.55
3524.85
3524.74
3524.64
3524.52
3524.42
3524.31
3524.21
3524.09
3523.99
3523.87
3523.76
3523.65
3523.54
3523.42
3523.31
3523.2
3523.08
3522.97
3522.85
3522.74
3522.62
3522.51
3522.39
3522.28
3522.16
3522.05
3521.93
3521.82
3521.7
3521.59
3521.47
3521.36
)
;
    }
    front
    {
        type            empty;
    }
    back
    {
        type            empty;
    }
    outletBottom
    {
        type            calculated;
        value           nonuniform List<scalar> 4(3525.55 3525.31 3525.09 3524.95);
    }
}


// ************************************************************************* //
